id,pre1,rec1,pre2,rec2,pre3,rec3,pre4,rec4,pre5,rec5,pre6,rec6,pre7,rec7,pre8,rec8,pre9,rec9,pre10,rec10,pre11,rec11,pre12,rec12,pre13,rec13,pre14,rec14,pre15,rec15,pre16,rec16,pre17,rec17,pre18,rec18,pre19,rec19,pre20,rec20,pre21,rec21,pre22,rec22,pre23,rec23
0,0.0,0.0,0.0,0.0,0.0,0.0,0.0,0.0,0.0,0.0,0.0,0.0,0.0,0.0,0.0,0.0,0.0,0.0,0.0,0.0,0.0,0.0,0.08333333333333333,1.0,0.07692307692307693,1.0,0.07142857142857142,1.0,0.06666666666666667,1.0,0.0625,1.0,0.058823529411764705,1.0,0.05555555555555555,1.0,0.05263157894736842,1.0,0.05,1.0,0.047619047619047616,1.0,0.045454545454545456,1.0,0.043478260869565216,1.0
1,0.0,0.0,0.5,0.09090909090909091,0.6666666666666666,0.18181818181818182,0.5,0.18181818181818182,0.4,0.18181818181818182,0.5,0.2727272727272727,0.5714285714285714,0.36363636363636365,0.5,0.36363636363636365,0.5555555555555556,0.45454545454545453,0.5,0.45454545454545453,0.45454545454545453,0.45454545454545453,0.4166666666666667,0.45454545454545453,0.38461538461538464,0.45454545454545453,0.42857142857142855,0.5454545454545454,0.4666666666666667,0.6363636363636364,0.5,0.7272727272727273,0.47058823529411764,0.7272727272727273,0.4444444444444444,0.7272727272727273,0.47368421052631576,0.8181818181818182,0.45,0.8181818181818182,0.42857142857142855,0.8181818181818182,0.4090909090909091,0.8181818181818182,0.391304347826087,0.8181818181818182
2,0.0,0.0,0.0,0.0,0.0,0.0,0.0,0.0,0.0,0.0,0.0,0.0,0.0,0.0,0.0,0.0,0.0,0.0,0.0,0.0,0.0,0.0,0.0,0.0,0.0,0.0,0.0,0.0,0.0,0.0,0.0,0.0,0.0,0.0,0.0,0.0,0.0,0.0,0.0,0.0,0.0,0.0,0.0,0.0,0.0,0.0
3,0.0,0.0,0.0,0.0,0.0,0.0,0.0,0.0,0.0,0.0,0.0,0.0,0.0,0.0,0.0,0.0,0.0,0.0,0.0,0.0,0.0,0.0,0.0,0.0,0.0,0.0,0.0,0.0,0.0,0.0,0.0,0.0,0.0,0.0,0.0,0.0,0.0,0.0,0.0,0.0,0.0,0.0,0.0,0.0,0.0,0.0
4,0.0,0.0,0.0,0.0,0.0,0.0,0.0,0.0,0.0,0.0,0.0,0.0,0.0,0.0,0.0,0.0,0.0,0.0,0.0,0.0,0.0,0.0,0.0,0.0,0.0,0.0,0.0,0.0,0.0,0.0,0.0,0.0,0.0,0.0,0.0,0.0,0.0,0.0,0.0,0.0,0.0,0.0,0.0,0.0,0.0,0.0
5,0.0,0.0,0.5,0.3333333333333333,0.3333333333333333,0.3333333333333333,0.25,0.3333333333333333,0.2,0.3333333333333333,0.16666666666666666,0.3333333333333333,0.14285714285714285,0.3333333333333333,0.125,0.3333333333333333,0.2222222222222222,0.6666666666666666,0.2,0.6666666666666666,0.18181818181818182,0.6666666666666666,0.16666666666666666,0.6666666666666666,0.15384615384615385,0.6666666666666666,0.14285714285714285,0.6666666666666666,0.13333333333333333,0.6666666666666666,0.125,0.6666666666666666,0.11764705882352941,0.6666666666666666,0.1111111111111111,0.6666666666666666,0.10526315789473684,0.6666666666666666,0.1,0.6666666666666666,0.09523809523809523,0.6666666666666666,0.09090909090909091,0.6666666666666666,0.08695652173913043,0.6666666666666666
6,0.0,0.0,0.0,0.0,0.0,0.0,0.0,0.0,0.0,0.0,0.16666666666666666,0.5,0.14285714285714285,0.5,0.125,0.5,0.1111111111111111,0.5,0.1,0.5,0.09090909090909091,0.5,0.08333333333333333,0.5,0.07692307692307693,0.5,0.07142857142857142,0.5,0.06666666666666667,0.5,0.0625,0.5,0.058823529411764705,0.5,0.05555555555555555,0.5,0.05263157894736842,0.5,0.05,0.5,0.047619047619047616,0.5,0.045454545454545456,0.5,0.043478260869565216,0.5
7,0.0,0.0,0.0,0.0,0.0,0.0,0.0,0.0,0.0,0.0,0.0,0.0,0.14285714285714285,0.3333333333333333,0.125,0.3333333333333333,0.1111111111111111,0.3333333333333333,0.1,0.3333333333333333,0.09090909090909091,0.3333333333333333,0.08333333333333333,0.3333333333333333,0.07692307692307693,0.3333333333333333,0.07142857142857142,0.3333333333333333,0.06666666666666667,0.3333333333333333,0.0625,0.3333333333333333,0.058823529411764705,0.3333333333333333,0.05555555555555555,0.3333333333333333,0.05263157894736842,0.3333333333333333,0.1,0.6666666666666666,0.09523809523809523,0.6666666666666666,0.09090909090909091,0.6666666666666666,0.08695652173913043,0.6666666666666666
8,0.0,0.0,0.0,0.0,0.0,0.0,0.0,0.0,0.0,0.0,0.16666666666666666,1.0,0.14285714285714285,1.0,0.125,1.0,0.1111111111111111,1.0,0.1,1.0,0.09090909090909091,1.0,0.08333333333333333,1.0,0.07692307692307693,1.0,0.07142857142857142,1.0,0.06666666666666667,1.0,0.0625,1.0,0.058823529411764705,1.0,0.05555555555555555,1.0,0.05263157894736842,1.0,0.05,1.0,0.047619047619047616,1.0,0.045454545454545456,1.0,0.043478260869565216,1.0
9,0.0,0.0,0.0,0.0,0.0,0.0,0.0,0.0,0.0,0.0,0.16666666666666666,0.5,0.14285714285714285,0.5,0.125,0.5,0.1111111111111111,0.5,0.1,0.5,0.09090909090909091,0.5,0.08333333333333333,0.5,0.07692307692307693,0.5,0.07142857142857142,0.5,0.06666666666666667,0.5,0.0625,0.5,0.058823529411764705,0.5,0.05555555555555555,0.5,0.05263157894736842,0.5,0.05,0.5,0.047619047619047616,0.5,0.045454545454545456,0.5,0.043478260869565216,0.5
10,0.0,0.0,0.5,0.25,0.3333333333333333,0.25,0.25,0.25,0.2,0.25,0.16666666666666666,0.25,0.14285714285714285,0.25,0.125,0.25,0.2222222222222222,0.5,0.2,0.5,0.18181818181818182,0.5,0.25,0.75,0.23076923076923078,0.75,0.21428571428571427,0.75,0.2,0.75,0.1875,0.75,0.17647058823529413,0.75,0.16666666666666666,0.75,0.15789473684210525,0.75,0.15,0.75,0.14285714285714285,0.75,0.13636363636363635,0.75,0.13043478260869565,0.75
11,0.0,0.0,0.0,0.0,0.0,0.0,0.0,0.0,0.0,0.0,0.0,0.0,0.0,0.0,0.0,0.0,0.0,0.0,0.0,0.0,0.0,0.0,0.0,0.0,0.0,0.0,0.0,0.0,0.0,0.0,0.0,0.0,0.0,0.0,0.05555555555555555,1.0,0.05263157894736842,1.0,0.05,1.0,0.047619047619047616,1.0,0.045454545454545456,1.0,0.043478260869565216,1.0
12,0.0,0.0,0.0,0.0,0.0,0.0,0.0,0.0,0.0,0.0,0.16666666666666666,0.5,0.14285714285714285,0.5,0.125,0.5,0.1111111111111111,0.5,0.1,0.5,0.09090909090909091,0.5,0.08333333333333333,0.5,0.07692307692307693,0.5,0.07142857142857142,0.5,0.06666666666666667,0.5,0.0625,0.5,0.058823529411764705,0.5,0.05555555555555555,0.5,0.05263157894736842,0.5,0.05,0.5,0.047619047619047616,0.5,0.045454545454545456,0.5,0.043478260869565216,0.5
13,0.0,0.0,0.0,0.0,0.3333333333333333,0.25,0.5,0.5,0.4,0.5,0.3333333333333333,0.5,0.2857142857142857,0.5,0.375,0.75,0.3333333333333333,0.75,0.3,0.75,0.2727272727272727,0.75,0.25,0.75,0.23076923076923078,0.75,0.21428571428571427,0.75,0.26666666666666666,1.0,0.25,1.0,0.23529411764705882,1.0,0.2222222222222222,1.0,0.21052631578947367,1.0,0.2,1.0,0.19047619047619047,1.0,0.18181818181818182,1.0,0.17391304347826086,1.0
14,0.0,0.0,0.0,0.0,0.0,0.0,0.0,0.0,0.0,0.0,0.0,0.0,0.0,0.0,0.0,0.0,0.0,0.0,0.0,0.0,0.0,0.0,0.0,0.0,0.0,0.0,0.0,0.0,0.0,0.0,0.0,0.0,0.0,0.0,0.0,0.0,0.0,0.0,0.0,0.0,0.0,0.0,0.0,0.0,0.0,0.0
15,0.0,0.0,0.0,0.0,0.0,0.0,0.0,0.0,0.0,0.0,0.0,0.0,0.0,0.0,0.0,0.0,0.0,0.0,0.0,0.0,0.0,0.0,0.0,0.0,0.0,0.0,0.0,0.0,0.0,0.0,0.0,0.0,0.0,0.0,0.0,0.0,0.0,0.0,0.0,0.0,0.0,0.0,0.0,0.0,0.0,0.0
16,0.0,0.0,0.0,0.0,0.0,0.0,0.0,0.0,0.0,0.0,0.0,0.0,0.0,0.0,0.0,0.0,0.0,0.0,0.0,0.0,0.0,0.0,0.0,0.0,0.0,0.0,0.0,0.0,0.0,0.0,0.0,0.0,0.0,0.0,0.0,0.0,0.0,0.0,0.0,0.0,0.0,0.0,0.0,0.0,0.0,0.0
17,0.0,0.0,0.5,0.14285714285714285,0.3333333333333333,0.14285714285714285,0.5,0.2857142857142857,0.4,0.2857142857142857,0.3333333333333333,0.2857142857142857,0.2857142857142857,0.2857142857142857,0.25,0.2857142857142857,0.2222222222222222,0.2857142857142857,0.3,0.42857142857142855,0.2727272727272727,0.42857142857142855,0.25,0.42857142857142855,0.3076923076923077,0.5714285714285714,0.2857142857142857,0.5714285714285714,0.26666666666666666,0.5714285714285714,0.3125,0.7142857142857143,0.35294117647058826,0.8571428571428571,0.3333333333333333,0.8571428571428571,0.3157894736842105,0.8571428571428571,0.3,0.8571428571428571,0.2857142857142857,0.8571428571428571,0.2727272727272727,0.8571428571428571,0.2608695652173913,0.8571428571428571
18,0.0,0.0,0.0,0.0,0.0,0.0,0.0,0.0,0.0,0.0,0.0,0.0,0.0,0.0,0.0,0.0,0.0,0.0,0.0,0.0,0.0,0.0,0.0,0.0,0.0,0.0,0.07142857142857142,0.5,0.06666666666666667,0.5,0.0625,0.5,0.058823529411764705,0.5,0.05555555555555555,0.5,0.05263157894736842,0.5,0.05,0.5,0.047619047619047616,0.5,0.045454545454545456,0.5,0.043478260869565216,0.5
19,0.0,0.0,0.0,0.0,0.0,0.0,0.0,0.0,0.0,0.0,0.16666666666666666,0.5,0.14285714285714285,0.5,0.125,0.5,0.1111111111111111,0.5,0.1,0.5,0.09090909090909091,0.5,0.08333333333333333,0.5,0.07692307692307693,0.5,0.07142857142857142,0.5,0.06666666666666667,0.5,0.0625,0.5,0.058823529411764705,0.5,0.05555555555555555,0.5,0.05263157894736842,0.5,0.05,0.5,0.047619047619047616,0.5,0.045454545454545456,0.5,0.043478260869565216,0.5
20,0.0,0.0,0.5,0.3333333333333333,0.3333333333333333,0.3333333333333333,0.5,0.6666666666666666,0.4,0.6666666666666666,0.3333333333333333,0.6666666666666666,0.2857142857142857,0.6666666666666666,0.25,0.6666666666666666,0.2222222222222222,0.6666666666666666,0.2,0.6666666666666666,0.18181818181818182,0.6666666666666666,0.16666666666666666,0.6666666666666666,0.15384615384615385,0.6666666666666666,0.14285714285714285,0.6666666666666666,0.13333333333333333,0.6666666666666666,0.125,0.6666666666666666,0.11764705882352941,0.6666666666666666,0.1111111111111111,0.6666666666666666,0.10526315789473684,0.6666666666666666,0.1,0.6666666666666666,0.09523809523809523,0.6666666666666666,0.09090909090909091,0.6666666666666666,0.08695652173913043,0.6666666666666666
21,0.0,0.0,0.0,0.0,0.0,0.0,0.0,0.0,0.0,0.0,0.16666666666666666,0.3333333333333333,0.14285714285714285,0.3333333333333333,0.125,0.3333333333333333,0.1111111111111111,0.3333333333333333,0.1,0.3333333333333333,0.09090909090909091,0.3333333333333333,0.08333333333333333,0.3333333333333333,0.07692307692307693,0.3333333333333333,0.07142857142857142,0.3333333333333333,0.13333333333333333,0.6666666666666666,0.125,0.6666666666666666,0.11764705882352941,0.6666666666666666,0.1111111111111111,0.6666666666666666,0.10526315789473684,0.6666666666666666,0.1,0.6666666666666666,0.09523809523809523,0.6666666666666666,0.09090909090909091,0.6666666666666666,0.08695652173913043,0.6666666666666666
22,0.0,0.0,0.0,0.0,0.0,0.0,0.0,0.0,0.0,0.0,0.0,0.0,0.0,0.0,0.0,0.0,0.0,0.0,0.0,0.0,0.0,0.0,0.0,0.0,0.0,0.0,0.0,0.0,0.0,0.0,0.0,0.0,0.0,0.0,0.0,0.0,0.0,0.0,0.05,1.0,0.047619047619047616,1.0,0.045454545454545456,1.0,0.043478260869565216,1.0
23,0.0,0.0,0.0,0.0,0.0,0.0,0.0,0.0,0.0,0.0,0.0,0.0,0.0,0.0,0.0,0.0,0.0,0.0,0.0,0.0,0.0,0.0,0.0,0.0,0.07692307692307693,1.0,0.07142857142857142,1.0,0.06666666666666667,1.0,0.0625,1.0,0.058823529411764705,1.0,0.05555555555555555,1.0,0.05263157894736842,1.0,0.05,1.0,0.047619047619047616,1.0,0.045454545454545456,1.0,0.043478260869565216,1.0
24,0.0,0.0,0.0,0.0,0.0,0.0,0.0,0.0,0.0,0.0,0.0,0.0,0.0,0.0,0.0,0.0,0.0,0.0,0.0,0.0,0.0,0.0,0.0,0.0,0.0,0.0,0.0,0.0,0.0,0.0,0.0,0.0,0.0,0.0,0.0,0.0,0.0,0.0,0.0,0.0,0.0,0.0,0.0,0.0,0.0,0.0
25,0.0,0.0,0.0,0.0,0.0,0.0,0.0,0.0,0.0,0.0,0.0,0.0,0.0,0.0,0.0,0.0,0.0,0.0,0.0,0.0,0.0,0.0,0.0,0.0,0.0,0.0,0.0,0.0,0.0,0.0,0.0,0.0,0.0,0.0,0.0,0.0,0.0,0.0,0.0,0.0,0.0,0.0,0.0,0.0,0.0,0.0
26,0.0,0.0,0.5,0.3333333333333333,0.3333333333333333,0.3333333333333333,0.25,0.3333333333333333,0.4,0.6666666666666666,0.3333333333333333,0.6666666666666666,0.2857142857142857,0.6666666666666666,0.25,0.6666666666666666,0.2222222222222222,0.6666666666666666,0.2,0.6666666666666666,0.18181818181818182,0.6666666666666666,0.16666666666666666,0.6666666666666666,0.15384615384615385,0.6666666666666666,0.14285714285714285,0.6666666666666666,0.13333333333333333,0.6666666666666666,0.125,0.6666666666666666,0.11764705882352941,0.6666666666666666,0.1111111111111111,0.6666666666666666,0.10526315789473684,0.6666666666666666,0.1,0.6666666666666666,0.09523809523809523,0.6666666666666666,0.09090909090909091,0.6666666666666666,0.08695652173913043,0.6666666666666666
27,0.0,0.0,0.0,0.0,0.0,0.0,0.0,0.0,0.0,0.0,0.0,0.0,0.0,0.0,0.0,0.0,0.0,0.0,0.0,0.0,0.0,0.0,0.0,0.0,0.0,0.0,0.0,0.0,0.0,0.0,0.0,0.0,0.0,0.0,0.0,0.0,0.0,0.0,0.0,0.0,0.0,0.0,0.0,0.0,0.0,0.0
28,0.0,0.0,0.0,0.0,0.0,0.0,0.0,0.0,0.0,0.0,0.0,0.0,0.0,0.0,0.0,0.0,0.1111111111111111,0.5,0.1,0.5,0.09090909090909091,0.5,0.08333333333333333,0.5,0.07692307692307693,0.5,0.07142857142857142,0.5,0.06666666666666667,0.5,0.0625,0.5,0.058823529411764705,0.5,0.05555555555555555,0.5,0.05263157894736842,0.5,0.05,0.5,0.047619047619047616,0.5,0.045454545454545456,0.5,0.043478260869565216,0.5
29,0.0,0.0,0.0,0.0,0.0,0.0,0.0,0.0,0.0,0.0,0.0,0.0,0.0,0.0,0.0,0.0,0.0,0.0,0.0,0.0,0.0,0.0,0.0,0.0,0.0,0.0,0.0,0.0,0.0,0.0,0.0,0.0,0.0,0.0,0.0,0.0,0.0,0.0,0.05,0.5,0.047619047619047616,0.5,0.045454545454545456,0.5,0.043478260869565216,0.5
30,0.0,0.0,0.0,0.0,0.0,0.0,0.0,0.0,0.0,0.0,0.16666666666666666,0.5,0.14285714285714285,0.5,0.125,0.5,0.1111111111111111,0.5,0.1,0.5,0.09090909090909091,0.5,0.08333333333333333,0.5,0.07692307692307693,0.5,0.07142857142857142,0.5,0.06666666666666667,0.5,0.0625,0.5,0.058823529411764705,0.5,0.05555555555555555,0.5,0.05263157894736842,0.5,0.05,0.5,0.047619047619047616,0.5,0.045454545454545456,0.5,0.043478260869565216,0.5
31,0.0,0.0,0.0,0.0,0.0,0.0,0.0,0.0,0.0,0.0,0.0,0.0,0.14285714285714285,1.0,0.125,1.0,0.1111111111111111,1.0,0.1,1.0,0.09090909090909091,1.0,0.08333333333333333,1.0,0.07692307692307693,1.0,0.07142857142857142,1.0,0.06666666666666667,1.0,0.0625,1.0,0.058823529411764705,1.0,0.05555555555555555,1.0,0.05263157894736842,1.0,0.05,1.0,0.047619047619047616,1.0,0.045454545454545456,1.0,0.043478260869565216,1.0
32,0.0,0.0,0.5,0.5,0.3333333333333333,0.5,0.25,0.5,0.2,0.5,0.16666666666666666,0.5,0.14285714285714285,0.5,0.125,0.5,0.1111111111111111,0.5,0.1,0.5,0.09090909090909091,0.5,0.08333333333333333,0.5,0.07692307692307693,0.5,0.07142857142857142,0.5,0.06666666666666667,0.5,0.0625,0.5,0.058823529411764705,0.5,0.05555555555555555,0.5,0.05263157894736842,0.5,0.05,0.5,0.047619047619047616,0.5,0.045454545454545456,0.5,0.043478260869565216,0.5
33,1.0,0.3333333333333333,0.5,0.3333333333333333,0.3333333333333333,0.3333333333333333,0.25,0.3333333333333333,0.2,0.3333333333333333,0.16666666666666666,0.3333333333333333,0.2857142857142857,0.6666666666666666,0.25,0.6666666666666666,0.2222222222222222,0.6666666666666666,0.2,0.6666666666666666,0.18181818181818182,0.6666666666666666,0.16666666666666666,0.6666666666666666,0.15384615384615385,0.6666666666666666,0.14285714285714285,0.6666666666666666,0.13333333333333333,0.6666666666666666,0.125,0.6666666666666666,0.11764705882352941,0.6666666666666666,0.1111111111111111,0.6666666666666666,0.10526315789473684,0.6666666666666666,0.1,0.6666666666666666,0.09523809523809523,0.6666666666666666,0.09090909090909091,0.6666666666666666,0.08695652173913043,0.6666666666666666
34,0.0,0.0,0.0,0.0,0.0,0.0,0.0,0.0,0.0,0.0,0.0,0.0,0.0,0.0,0.0,0.0,0.0,0.0,0.0,0.0,0.0,0.0,0.0,0.0,0.0,0.0,0.0,0.0,0.0,0.0,0.0,0.0,0.0,0.0,0.0,0.0,0.0,0.0,0.05,1.0,0.047619047619047616,1.0,0.045454545454545456,1.0,0.043478260869565216,1.0
35,0.0,0.0,0.0,0.0,0.3333333333333333,0.5,0.25,0.5,0.2,0.5,0.16666666666666666,0.5,0.14285714285714285,0.5,0.125,0.5,0.1111111111111111,0.5,0.1,0.5,0.09090909090909091,0.5,0.08333333333333333,0.5,0.07692307692307693,0.5,0.07142857142857142,0.5,0.06666666666666667,0.5,0.0625,0.5,0.058823529411764705,0.5,0.05555555555555555,0.5,0.05263157894736842,0.5,0.05,0.5,0.047619047619047616,0.5,0.045454545454545456,0.5,0.043478260869565216,0.5
36,0.0,0.0,0.0,0.0,0.0,0.0,0.0,0.0,0.0,0.0,0.0,0.0,0.0,0.0,0.0,0.0,0.0,0.0,0.0,0.0,0.0,0.0,0.0,0.0,0.0,0.0,0.0,0.0,0.0,0.0,0.0,0.0,0.0,0.0,0.0,0.0,0.0,0.0,0.0,0.0,0.0,0.0,0.0,0.0,0.0,0.0
37,0.0,0.0,0.0,0.0,0.0,0.0,0.0,0.0,0.0,0.0,0.16666666666666666,0.3333333333333333,0.14285714285714285,0.3333333333333333,0.125,0.3333333333333333,0.1111111111111111,0.3333333333333333,0.1,0.3333333333333333,0.18181818181818182,0.6666666666666666,0.16666666666666666,0.6666666666666666,0.15384615384615385,0.6666666666666666,0.14285714285714285,0.6666666666666666,0.13333333333333333,0.6666666666666666,0.125,0.6666666666666666,0.11764705882352941,0.6666666666666666,0.1111111111111111,0.6666666666666666,0.10526315789473684,0.6666666666666666,0.1,0.6666666666666666,0.09523809523809523,0.6666666666666666,0.09090909090909091,0.6666666666666666,0.08695652173913043,0.6666666666666666
38,1.0,0.3333333333333333,0.5,0.3333333333333333,0.3333333333333333,0.3333333333333333,0.25,0.3333333333333333,0.2,0.3333333333333333,0.16666666666666666,0.3333333333333333,0.14285714285714285,0.3333333333333333,0.125,0.3333333333333333,0.1111111111111111,0.3333333333333333,0.1,0.3333333333333333,0.09090909090909091,0.3333333333333333,0.08333333333333333,0.3333333333333333,0.15384615384615385,0.6666666666666666,0.14285714285714285,0.6666666666666666,0.13333333333333333,0.6666666666666666,0.125,0.6666666666666666,0.11764705882352941,0.6666666666666666,0.1111111111111111,0.6666666666666666,0.10526315789473684,0.6666666666666666,0.1,0.6666666666666666,0.09523809523809523,0.6666666666666666,0.09090909090909091,0.6666666666666666,0.08695652173913043,0.6666666666666666
39,0.0,0.0,0.5,0.5,0.3333333333333333,0.5,0.25,0.5,0.2,0.5,0.16666666666666666,0.5,0.14285714285714285,0.5,0.125,0.5,0.1111111111111111,0.5,0.1,0.5,0.09090909090909091,0.5,0.08333333333333333,0.5,0.07692307692307693,0.5,0.07142857142857142,0.5,0.06666666666666667,0.5,0.0625,0.5,0.058823529411764705,0.5,0.1111111111111111,1.0,0.10526315789473684,1.0,0.1,1.0,0.09523809523809523,1.0,0.09090909090909091,1.0,0.08695652173913043,1.0
40,0.0,0.0,0.5,0.25,0.3333333333333333,0.25,0.25,0.25,0.2,0.25,0.16666666666666666,0.25,0.14285714285714285,0.25,0.125,0.25,0.1111111111111111,0.25,0.2,0.5,0.18181818181818182,0.5,0.25,0.75,0.23076923076923078,0.75,0.21428571428571427,0.75,0.2,0.75,0.1875,0.75,0.17647058823529413,0.75,0.16666666666666666,0.75,0.15789473684210525,0.75,0.15,0.75,0.14285714285714285,0.75,0.13636363636363635,0.75,0.13043478260869565,0.75
41,0.0,0.0,0.0,0.0,0.0,0.0,0.0,0.0,0.0,0.0,0.0,0.0,0.0,0.0,0.0,0.0,0.0,0.0,0.0,0.0,0.0,0.0,0.0,0.0,0.0,0.0,0.0,0.0,0.0,0.0,0.0625,0.5,0.058823529411764705,0.5,0.05555555555555555,0.5,0.05263157894736842,0.5,0.05,0.5,0.047619047619047616,0.5,0.045454545454545456,0.5,0.043478260869565216,0.5
42,0.0,0.0,0.0,0.0,0.0,0.0,0.0,0.0,0.0,0.0,0.0,0.0,0.14285714285714285,0.5,0.125,0.5,0.1111111111111111,0.5,0.1,0.5,0.09090909090909091,0.5,0.08333333333333333,0.5,0.07692307692307693,0.5,0.07142857142857142,0.5,0.06666666666666667,0.5,0.125,1.0,0.11764705882352941,1.0,0.1111111111111111,1.0,0.10526315789473684,1.0,0.1,1.0,0.09523809523809523,1.0,0.09090909090909091,1.0,0.08695652173913043,1.0
43,0.0,0.0,0.0,0.0,0.0,0.0,0.0,0.0,0.0,0.0,0.0,0.0,0.0,0.0,0.125,1.0,0.1111111111111111,1.0,0.1,1.0,0.09090909090909091,1.0,0.08333333333333333,1.0,0.07692307692307693,1.0,0.07142857142857142,1.0,0.06666666666666667,1.0,0.0625,1.0,0.058823529411764705,1.0,0.05555555555555555,1.0,0.05263157894736842,1.0,0.05,1.0,0.047619047619047616,1.0,0.045454545454545456,1.0,0.043478260869565216,1.0
44,0.0,0.0,0.0,0.0,0.3333333333333333,0.3333333333333333,0.25,0.3333333333333333,0.4,0.6666666666666666,0.3333333333333333,0.6666666666666666,0.2857142857142857,0.6666666666666666,0.25,0.6666666666666666,0.2222222222222222,0.6666666666666666,0.2,0.6666666666666666,0.18181818181818182,0.6666666666666666,0.16666666666666666,0.6666666666666666,0.15384615384615385,0.6666666666666666,0.14285714285714285,0.6666666666666666,0.13333333333333333,0.6666666666666666,0.125,0.6666666666666666,0.11764705882352941,0.6666666666666666,0.1111111111111111,0.6666666666666666,0.15789473684210525,1.0,0.15,1.0,0.14285714285714285,1.0,0.13636363636363635,1.0,0.13043478260869565,1.0
45,1.0,0.25,0.5,0.25,0.3333333333333333,0.25,0.25,0.25,0.4,0.5,0.3333333333333333,0.5,0.2857142857142857,0.5,0.25,0.5,0.2222222222222222,0.5,0.2,0.5,0.18181818181818182,0.5,0.16666666666666666,0.5,0.15384615384615385,0.5,0.14285714285714285,0.5,0.13333333333333333,0.5,0.1875,0.75,0.17647058823529413,0.75,0.16666666666666666,0.75,0.15789473684210525,0.75,0.15,0.75,0.14285714285714285,0.75,0.13636363636363635,0.75,0.13043478260869565,0.75
46,0.0,0.0,0.0,0.0,0.0,0.0,0.0,0.0,0.0,0.0,0.16666666666666666,0.25,0.14285714285714285,0.25,0.125,0.25,0.2222222222222222,0.5,0.2,0.5,0.2727272727272727,0.75,0.25,0.75,0.23076923076923078,0.75,0.21428571428571427,0.75,0.2,0.75,0.1875,0.75,0.17647058823529413,0.75,0.16666666666666666,0.75,0.15789473684210525,0.75,0.15,0.75,0.14285714285714285,0.75,0.13636363636363635,0.75,0.13043478260869565,0.75
47,0.0,0.0,0.0,0.0,0.0,0.0,0.0,0.0,0.0,0.0,0.0,0.0,0.0,0.0,0.0,0.0,0.0,0.0,0.0,0.0,0.0,0.0,0.0,0.0,0.0,0.0,0.0,0.0,0.0,0.0,0.0,0.0,0.0,0.0,0.0,0.0,0.0,0.0,0.0,0.0,0.0,0.0,0.0,0.0,0.0,0.0
48,0.0,0.0,0.0,0.0,0.0,0.0,0.0,0.0,0.0,0.0,0.0,0.0,0.14285714285714285,1.0,0.125,1.0,0.1111111111111111,1.0,0.1,1.0,0.09090909090909091,1.0,0.08333333333333333,1.0,0.07692307692307693,1.0,0.07142857142857142,1.0,0.06666666666666667,1.0,0.0625,1.0,0.058823529411764705,1.0,0.05555555555555555,1.0,0.05263157894736842,1.0,0.05,1.0,0.047619047619047616,1.0,0.045454545454545456,1.0,0.043478260869565216,1.0
49,0.0,0.0,0.0,0.0,0.0,0.0,0.0,0.0,0.0,0.0,0.0,0.0,0.0,0.0,0.0,0.0,0.0,0.0,0.0,0.0,0.0,0.0,0.0,0.0,0.0,0.0,0.0,0.0,0.0,0.0,0.0,0.0,0.0,0.0,0.0,0.0,0.0,0.0,0.0,0.0,0.0,0.0,0.0,0.0,0.0,0.0
50,0.0,0.0,0.0,0.0,0.0,0.0,0.0,0.0,0.0,0.0,0.0,0.0,0.0,0.0,0.0,0.0,0.0,0.0,0.0,0.0,0.0,0.0,0.0,0.0,0.0,0.0,0.0,0.0,0.0,0.0,0.0625,0.3333333333333333,0.058823529411764705,0.3333333333333333,0.05555555555555555,0.3333333333333333,0.05263157894736842,0.3333333333333333,0.05,0.3333333333333333,0.047619047619047616,0.3333333333333333,0.045454545454545456,0.3333333333333333,0.043478260869565216,0.3333333333333333
51,0.0,0.0,0.5,0.1111111111111111,0.3333333333333333,0.1111111111111111,0.5,0.2222222222222222,0.4,0.2222222222222222,0.3333333333333333,0.2222222222222222,0.2857142857142857,0.2222222222222222,0.25,0.2222222222222222,0.2222222222222222,0.2222222222222222,0.3,0.3333333333333333,0.36363636363636365,0.4444444444444444,0.4166666666666667,0.5555555555555556,0.38461538461538464,0.5555555555555556,0.35714285714285715,0.5555555555555556,0.3333333333333333,0.5555555555555556,0.3125,0.5555555555555556,0.35294117647058826,0.6666666666666666,0.3333333333333333,0.6666666666666666,0.3157894736842105,0.6666666666666666,0.35,0.7777777777777778,0.3333333333333333,0.7777777777777778,0.3181818181818182,0.7777777777777778,0.30434782608695654,0.7777777777777778
52,0.0,0.0,0.0,0.0,0.0,0.0,0.0,0.0,0.0,0.0,0.0,0.0,0.0,0.0,0.0,0.0,0.0,0.0,0.0,0.0,0.0,0.0,0.0,0.0,0.0,0.0,0.0,0.0,0.0,0.0,0.0,0.0,0.0,0.0,0.0,0.0,0.0,0.0,0.0,0.0,0.0,0.0,0.0,0.0,0.0,0.0
53,0.0,0.0,0.0,0.0,0.0,0.0,0.0,0.0,0.0,0.0,0.0,0.0,0.0,0.0,0.0,0.0,0.0,0.0,0.0,0.0,0.0,0.0,0.0,0.0,0.0,0.0,0.0,0.0,0.0,0.0,0.0,0.0,0.0,0.0,0.0,0.0,0.0,0.0,0.0,0.0,0.0,0.0,0.0,0.0,0.0,0.0
54,0.0,0.0,0.0,0.0,0.0,0.0,0.0,0.0,0.0,0.0,0.0,0.0,0.0,0.0,0.0,0.0,0.0,0.0,0.0,0.0,0.0,0.0,0.0,0.0,0.0,0.0,0.0,0.0,0.0,0.0,0.0,0.0,0.0,0.0,0.0,0.0,0.0,0.0,0.0,0.0,0.0,0.0,0.0,0.0,0.0,0.0
55,0.0,0.0,0.0,0.0,0.0,0.0,0.0,0.0,0.0,0.0,0.0,0.0,0.0,0.0,0.0,0.0,0.1111111111111111,0.3333333333333333,0.1,0.3333333333333333,0.09090909090909091,0.3333333333333333,0.08333333333333333,0.3333333333333333,0.07692307692307693,0.3333333333333333,0.07142857142857142,0.3333333333333333,0.06666666666666667,0.3333333333333333,0.0625,0.3333333333333333,0.058823529411764705,0.3333333333333333,0.05555555555555555,0.3333333333333333,0.05263157894736842,0.3333333333333333,0.1,0.6666666666666666,0.09523809523809523,0.6666666666666666,0.09090909090909091,0.6666666666666666,0.08695652173913043,0.6666666666666666
56,0.0,0.0,0.0,0.0,0.0,0.0,0.0,0.0,0.0,0.0,0.0,0.0,0.0,0.0,0.0,0.0,0.0,0.0,0.0,0.0,0.0,0.0,0.0,0.0,0.0,0.0,0.0,0.0,0.0,0.0,0.0,0.0,0.0,0.0,0.0,0.0,0.0,0.0,0.0,0.0,0.0,0.0,0.0,0.0,0.0,0.0
57,0.0,0.0,0.5,0.5,0.3333333333333333,0.5,0.5,1.0,0.4,1.0,0.3333333333333333,1.0,0.2857142857142857,1.0,0.25,1.0,0.2222222222222222,1.0,0.2,1.0,0.18181818181818182,1.0,0.16666666666666666,1.0,0.15384615384615385,1.0,0.14285714285714285,1.0,0.13333333333333333,1.0,0.125,1.0,0.11764705882352941,1.0,0.1111111111111111,1.0,0.10526315789473684,1.0,0.1,1.0,0.09523809523809523,1.0,0.09090909090909091,1.0,0.08695652173913043,1.0
58,1.0,0.5,0.5,0.5,0.3333333333333333,0.5,0.25,0.5,0.2,0.5,0.16666666666666666,0.5,0.14285714285714285,0.5,0.125,0.5,0.1111111111111111,0.5,0.1,0.5,0.09090909090909091,0.5,0.08333333333333333,0.5,0.07692307692307693,0.5,0.07142857142857142,0.5,0.06666666666666667,0.5,0.0625,0.5,0.058823529411764705,0.5,0.05555555555555555,0.5,0.05263157894736842,0.5,0.05,0.5,0.047619047619047616,0.5,0.045454545454545456,0.5,0.043478260869565216,0.5
59,0.0,0.0,0.0,0.0,0.0,0.0,0.0,0.0,0.0,0.0,0.0,0.0,0.0,0.0,0.0,0.0,0.0,0.0,0.0,0.0,0.0,0.0,0.0,0.0,0.0,0.0,0.0,0.0,0.06666666666666667,0.5,0.0625,0.5,0.058823529411764705,0.5,0.05555555555555555,0.5,0.05263157894736842,0.5,0.05,0.5,0.047619047619047616,0.5,0.045454545454545456,0.5,0.043478260869565216,0.5
60,0.0,0.0,0.0,0.0,0.0,0.0,0.0,0.0,0.0,0.0,0.0,0.0,0.0,0.0,0.0,0.0,0.0,0.0,0.0,0.0,0.0,0.0,0.0,0.0,0.0,0.0,0.0,0.0,0.0,0.0,0.0,0.0,0.0,0.0,0.0,0.0,0.0,0.0,0.0,0.0,0.0,0.0,0.0,0.0,0.0,0.0
61,0.0,0.0,0.0,0.0,0.0,0.0,0.0,0.0,0.0,0.0,0.0,0.0,0.0,0.0,0.0,0.0,0.0,0.0,0.0,0.0,0.0,0.0,0.08333333333333333,0.5,0.07692307692307693,0.5,0.07142857142857142,0.5,0.06666666666666667,0.5,0.0625,0.5,0.058823529411764705,0.5,0.05555555555555555,0.5,0.05263157894736842,0.5,0.05,0.5,0.047619047619047616,0.5,0.045454545454545456,0.5,0.043478260869565216,0.5
62,0.0,0.0,0.0,0.0,0.0,0.0,0.0,0.0,0.0,0.0,0.16666666666666666,0.25,0.14285714285714285,0.25,0.25,0.5,0.2222222222222222,0.5,0.2,0.5,0.18181818181818182,0.5,0.16666666666666666,0.5,0.15384615384615385,0.5,0.14285714285714285,0.5,0.13333333333333333,0.5,0.125,0.5,0.17647058823529413,0.75,0.16666666666666666,0.75,0.15789473684210525,0.75,0.15,0.75,0.14285714285714285,0.75,0.13636363636363635,0.75,0.13043478260869565,0.75
63,1.0,0.14285714285714285,1.0,0.2857142857142857,0.6666666666666666,0.2857142857142857,0.5,0.2857142857142857,0.4,0.2857142857142857,0.3333333333333333,0.2857142857142857,0.2857142857142857,0.2857142857142857,0.25,0.2857142857142857,0.2222222222222222,0.2857142857142857,0.2,0.2857142857142857,0.18181818181818182,0.2857142857142857,0.25,0.42857142857142855,0.23076923076923078,0.42857142857142855,0.21428571428571427,0.42857142857142855,0.2,0.42857142857142855,0.25,0.5714285714285714,0.23529411764705882,0.5714285714285714,0.2222222222222222,0.5714285714285714,0.2631578947368421,0.7142857142857143,0.25,0.7142857142857143,0.23809523809523808,0.7142857142857143,0.22727272727272727,0.7142857142857143,0.21739130434782608,0.7142857142857143
64,0.0,0.0,0.0,0.0,0.0,0.0,0.0,0.0,0.0,0.0,0.0,0.0,0.0,0.0,0.0,0.0,0.0,0.0,0.0,0.0,0.0,0.0,0.0,0.0,0.0,0.0,0.0,0.0,0.0,0.0,0.0,0.0,0.0,0.0,0.0,0.0,0.0,0.0,0.0,0.0,0.0,0.0,0.0,0.0,0.0,0.0
65,0.0,0.0,0.0,0.0,0.0,0.0,0.0,0.0,0.0,0.0,0.0,0.0,0.0,0.0,0.0,0.0,0.0,0.0,0.0,0.0,0.0,0.0,0.0,0.0,0.0,0.0,0.0,0.0,0.0,0.0,0.0,0.0,0.0,0.0,0.0,0.0,0.0,0.0,0.0,0.0,0.0,0.0,0.0,0.0,0.0,0.0
66,0.0,0.0,0.0,0.0,0.0,0.0,0.0,0.0,0.0,0.0,0.0,0.0,0.14285714285714285,0.5,0.125,0.5,0.1111111111111111,0.5,0.1,0.5,0.18181818181818182,1.0,0.16666666666666666,1.0,0.15384615384615385,1.0,0.14285714285714285,1.0,0.13333333333333333,1.0,0.125,1.0,0.11764705882352941,1.0,0.1111111111111111,1.0,0.10526315789473684,1.0,0.1,1.0,0.09523809523809523,1.0,0.09090909090909091,1.0,0.08695652173913043,1.0
67,0.0,0.0,0.0,0.0,0.0,0.0,0.25,0.2,0.2,0.2,0.3333333333333333,0.4,0.2857142857142857,0.4,0.25,0.4,0.2222222222222222,0.4,0.2,0.4,0.18181818181818182,0.4,0.25,0.6,0.23076923076923078,0.6,0.21428571428571427,0.6,0.2,0.6,0.1875,0.6,0.17647058823529413,0.6,0.16666666666666666,0.6,0.15789473684210525,0.6,0.2,0.8,0.19047619047619047,0.8,0.18181818181818182,0.8,0.17391304347826086,0.8
68,0.0,0.0,0.0,0.0,0.0,0.0,0.0,0.0,0.0,0.0,0.0,0.0,0.0,0.0,0.0,0.0,0.0,0.0,0.0,0.0,0.0,0.0,0.0,0.0,0.0,0.0,0.0,0.0,0.0,0.0,0.0,0.0,0.0,0.0,0.0,0.0,0.0,0.0,0.0,0.0,0.0,0.0,0.0,0.0,0.0,0.0
69,0.0,0.0,0.0,0.0,0.0,0.0,0.0,0.0,0.0,0.0,0.0,0.0,0.0,0.0,0.0,0.0,0.0,0.0,0.1,1.0,0.09090909090909091,1.0,0.08333333333333333,1.0,0.07692307692307693,1.0,0.07142857142857142,1.0,0.06666666666666667,1.0,0.0625,1.0,0.058823529411764705,1.0,0.05555555555555555,1.0,0.05263157894736842,1.0,0.05,1.0,0.047619047619047616,1.0,0.045454545454545456,1.0,0.043478260869565216,1.0
70,0.0,0.0,0.0,0.0,0.0,0.0,0.0,0.0,0.0,0.0,0.0,0.0,0.0,0.0,0.125,0.5,0.1111111111111111,0.5,0.1,0.5,0.09090909090909091,0.5,0.08333333333333333,0.5,0.07692307692307693,0.5,0.07142857142857142,0.5,0.13333333333333333,1.0,0.125,1.0,0.11764705882352941,1.0,0.1111111111111111,1.0,0.10526315789473684,1.0,0.1,1.0,0.09523809523809523,1.0,0.09090909090909091,1.0,0.08695652173913043,1.0
71,0.0,0.0,0.0,0.0,0.0,0.0,0.0,0.0,0.0,0.0,0.0,0.0,0.0,0.0,0.0,0.0,0.0,0.0,0.0,0.0,0.0,0.0,0.0,0.0,0.0,0.0,0.0,0.0,0.0,0.0,0.0,0.0,0.0,0.0,0.0,0.0,0.0,0.0,0.05,0.5,0.047619047619047616,0.5,0.045454545454545456,0.5,0.043478260869565216,0.5
72,0.0,0.0,0.0,0.0,0.0,0.0,0.0,0.0,0.0,0.0,0.0,0.0,0.0,0.0,0.0,0.0,0.0,0.0,0.0,0.0,0.0,0.0,0.0,0.0,0.0,0.0,0.07142857142857142,0.25,0.13333333333333333,0.5,0.1875,0.75,0.17647058823529413,0.75,0.16666666666666666,0.75,0.15789473684210525,0.75,0.15,0.75,0.14285714285714285,0.75,0.13636363636363635,0.75,0.13043478260869565,0.75
73,0.0,0.0,0.0,0.0,0.0,0.0,0.0,0.0,0.0,0.0,0.0,0.0,0.0,0.0,0.0,0.0,0.0,0.0,0.0,0.0,0.0,0.0,0.0,0.0,0.0,0.0,0.07142857142857142,1.0,0.06666666666666667,1.0,0.0625,1.0,0.058823529411764705,1.0,0.05555555555555555,1.0,0.05263157894736842,1.0,0.05,1.0,0.047619047619047616,1.0,0.045454545454545456,1.0,0.043478260869565216,1.0
74,0.0,0.0,0.0,0.0,0.0,0.0,0.0,0.0,0.0,0.0,0.0,0.0,0.0,0.0,0.0,0.0,0.0,0.0,0.0,0.0,0.0,0.0,0.0,0.0,0.0,0.0,0.0,0.0,0.0,0.0,0.0,0.0,0.0,0.0,0.0,0.0,0.0,0.0,0.0,0.0,0.0,0.0,0.0,0.0,0.0,0.0
75,0.0,0.0,0.5,0.2,0.3333333333333333,0.2,0.25,0.2,0.2,0.2,0.16666666666666666,0.2,0.14285714285714285,0.2,0.125,0.2,0.1111111111111111,0.2,0.2,0.4,0.2727272727272727,0.6,0.25,0.6,0.23076923076923078,0.6,0.21428571428571427,0.6,0.2,0.6,0.1875,0.6,0.17647058823529413,0.6,0.16666666666666666,0.6,0.15789473684210525,0.6,0.2,0.8,0.19047619047619047,0.8,0.18181818181818182,0.8,0.17391304347826086,0.8
76,0.0,0.0,0.5,0.16666666666666666,0.3333333333333333,0.16666666666666666,0.25,0.16666666666666666,0.2,0.16666666666666666,0.16666666666666666,0.16666666666666666,0.14285714285714285,0.16666666666666666,0.125,0.16666666666666666,0.1111111111111111,0.16666666666666666,0.1,0.16666666666666666,0.09090909090909091,0.16666666666666666,0.08333333333333333,0.16666666666666666,0.07692307692307693,0.16666666666666666,0.07142857142857142,0.16666666666666666,0.06666666666666667,0.16666666666666666,0.125,0.3333333333333333,0.17647058823529413,0.5,0.2222222222222222,0.6666666666666666,0.2631578947368421,0.8333333333333334,0.25,0.8333333333333334,0.23809523809523808,0.8333333333333334,0.22727272727272727,0.8333333333333334,0.21739130434782608,0.8333333333333334
77,0.0,0.0,0.0,0.0,0.0,0.0,0.0,0.0,0.0,0.0,0.0,0.0,0.0,0.0,0.0,0.0,0.0,0.0,0.0,0.0,0.0,0.0,0.0,0.0,0.0,0.0,0.0,0.0,0.0,0.0,0.0,0.0,0.0,0.0,0.0,0.0,0.0,0.0,0.05,1.0,0.047619047619047616,1.0,0.045454545454545456,1.0,0.043478260869565216,1.0
78,1.0,0.14285714285714285,0.5,0.14285714285714285,0.6666666666666666,0.2857142857142857,0.5,0.2857142857142857,0.6,0.42857142857142855,0.5,0.42857142857142855,0.42857142857142855,0.42857142857142855,0.375,0.42857142857142855,0.3333333333333333,0.42857142857142855,0.3,0.42857142857142855,0.2727272727272727,0.42857142857142855,0.25,0.42857142857142855,0.23076923076923078,0.42857142857142855,0.2857142857142857,0.5714285714285714,0.26666666666666666,0.5714285714285714,0.3125,0.7142857142857143,0.35294117647058826,0.8571428571428571,0.3333333333333333,0.8571428571428571,0.3157894736842105,0.8571428571428571,0.3,0.8571428571428571,0.2857142857142857,0.8571428571428571,0.2727272727272727,0.8571428571428571,0.2608695652173913,0.8571428571428571
79,0.0,0.0,0.0,0.0,0.3333333333333333,0.5,0.25,0.5,0.2,0.5,0.16666666666666666,0.5,0.14285714285714285,0.5,0.125,0.5,0.1111111111111111,0.5,0.1,0.5,0.09090909090909091,0.5,0.08333333333333333,0.5,0.07692307692307693,0.5,0.07142857142857142,0.5,0.06666666666666667,0.5,0.0625,0.5,0.058823529411764705,0.5,0.05555555555555555,0.5,0.10526315789473684,1.0,0.1,1.0,0.09523809523809523,1.0,0.09090909090909091,1.0,0.08695652173913043,1.0
80,0.0,0.0,0.0,0.0,0.0,0.0,0.0,0.0,0.0,0.0,0.0,0.0,0.0,0.0,0.0,0.0,0.0,0.0,0.0,0.0,0.0,0.0,0.0,0.0,0.0,0.0,0.0,0.0,0.0,0.0,0.0,0.0,0.0,0.0,0.0,0.0,0.0,0.0,0.0,0.0,0.0,0.0,0.0,0.0,0.0,0.0
81,0.0,0.0,0.0,0.0,0.0,0.0,0.0,0.0,0.0,0.0,0.16666666666666666,0.5,0.14285714285714285,0.5,0.125,0.5,0.1111111111111111,0.5,0.1,0.5,0.09090909090909091,0.5,0.08333333333333333,0.5,0.07692307692307693,0.5,0.07142857142857142,0.5,0.06666666666666667,0.5,0.0625,0.5,0.058823529411764705,0.5,0.05555555555555555,0.5,0.05263157894736842,0.5,0.05,0.5,0.047619047619047616,0.5,0.045454545454545456,0.5,0.043478260869565216,0.5
82,0.0,0.0,0.0,0.0,0.0,0.0,0.0,0.0,0.0,0.0,0.0,0.0,0.0,0.0,0.0,0.0,0.0,0.0,0.0,0.0,0.0,0.0,0.0,0.0,0.0,0.0,0.0,0.0,0.0,0.0,0.0,0.0,0.0,0.0,0.0,0.0,0.0,0.0,0.0,0.0,0.0,0.0,0.0,0.0,0.0,0.0
83,0.0,0.0,0.0,0.0,0.0,0.0,0.0,0.0,0.0,0.0,0.0,0.0,0.0,0.0,0.0,0.0,0.0,0.0,0.0,0.0,0.0,0.0,0.0,0.0,0.0,0.0,0.0,0.0,0.0,0.0,0.0,0.0,0.0,0.0,0.0,0.0,0.0,0.0,0.0,0.0,0.0,0.0,0.0,0.0,0.0,0.0
84,0.0,0.0,0.0,0.0,0.0,0.0,0.0,0.0,0.0,0.0,0.0,0.0,0.0,0.0,0.0,0.0,0.1111111111111111,1.0,0.1,1.0,0.09090909090909091,1.0,0.08333333333333333,1.0,0.07692307692307693,1.0,0.07142857142857142,1.0,0.06666666666666667,1.0,0.0625,1.0,0.058823529411764705,1.0,0.05555555555555555,1.0,0.05263157894736842,1.0,0.05,1.0,0.047619047619047616,1.0,0.045454545454545456,1.0,0.043478260869565216,1.0
85,0.0,0.0,0.0,0.0,0.0,0.0,0.0,0.0,0.0,0.0,0.0,0.0,0.0,0.0,0.0,0.0,0.0,0.0,0.0,0.0,0.0,0.0,0.08333333333333333,0.5,0.07692307692307693,0.5,0.07142857142857142,0.5,0.06666666666666667,0.5,0.0625,0.5,0.058823529411764705,0.5,0.05555555555555555,0.5,0.05263157894736842,0.5,0.05,0.5,0.047619047619047616,0.5,0.045454545454545456,0.5,0.043478260869565216,0.5
86,0.0,0.0,0.0,0.0,0.0,0.0,0.0,0.0,0.0,0.0,0.0,0.0,0.14285714285714285,1.0,0.125,1.0,0.1111111111111111,1.0,0.1,1.0,0.09090909090909091,1.0,0.08333333333333333,1.0,0.07692307692307693,1.0,0.07142857142857142,1.0,0.06666666666666667,1.0,0.0625,1.0,0.058823529411764705,1.0,0.05555555555555555,1.0,0.05263157894736842,1.0,0.05,1.0,0.047619047619047616,1.0,0.045454545454545456,1.0,0.043478260869565216,1.0
87,0.0,0.0,0.5,0.2,0.6666666666666666,0.4,0.5,0.4,0.4,0.4,0.3333333333333333,0.4,0.2857142857142857,0.4,0.25,0.4,0.3333333333333333,0.6,0.3,0.6,0.2727272727272727,0.6,0.25,0.6,0.23076923076923078,0.6,0.21428571428571427,0.6,0.2,0.6,0.1875,0.6,0.17647058823529413,0.6,0.16666666666666666,0.6,0.21052631578947367,0.8,0.2,0.8,0.19047619047619047,0.8,0.18181818181818182,0.8,0.17391304347826086,0.8
88,0.0,0.0,0.0,0.0,0.0,0.0,0.0,0.0,0.0,0.0,0.0,0.0,0.0,0.0,0.0,0.0,0.0,0.0,0.0,0.0,0.0,0.0,0.08333333333333333,1.0,0.07692307692307693,1.0,0.07142857142857142,1.0,0.06666666666666667,1.0,0.0625,1.0,0.058823529411764705,1.0,0.05555555555555555,1.0,0.05263157894736842,1.0,0.05,1.0,0.047619047619047616,1.0,0.045454545454545456,1.0,0.043478260869565216,1.0
89,0.0,0.0,0.0,0.0,0.0,0.0,0.0,0.0,0.0,0.0,0.0,0.0,0.0,0.0,0.0,0.0,0.0,0.0,0.0,0.0,0.0,0.0,0.0,0.0,0.0,0.0,0.07142857142857142,1.0,0.06666666666666667,1.0,0.0625,1.0,0.058823529411764705,1.0,0.05555555555555555,1.0,0.05263157894736842,1.0,0.05,1.0,0.047619047619047616,1.0,0.045454545454545456,1.0,0.043478260869565216,1.0
90,0.0,0.0,0.0,0.0,0.0,0.0,0.0,0.0,0.0,0.0,0.0,0.0,0.0,0.0,0.0,0.0,0.0,0.0,0.0,0.0,0.0,0.0,0.0,0.0,0.0,0.0,0.0,0.0,0.06666666666666667,0.5,0.0625,0.5,0.058823529411764705,0.5,0.05555555555555555,0.5,0.05263157894736842,0.5,0.05,0.5,0.047619047619047616,0.5,0.045454545454545456,0.5,0.043478260869565216,0.5
91,0.0,0.0,0.0,0.0,0.0,0.0,0.0,0.0,0.0,0.0,0.0,0.0,0.0,0.0,0.0,0.0,0.0,0.0,0.0,0.0,0.0,0.0,0.0,0.0,0.0,0.0,0.0,0.0,0.06666666666666667,0.5,0.0625,0.5,0.058823529411764705,0.5,0.1111111111111111,1.0,0.10526315789473684,1.0,0.1,1.0,0.09523809523809523,1.0,0.09090909090909091,1.0,0.08695652173913043,1.0
92,0.0,0.0,0.0,0.0,0.0,0.0,0.0,0.0,0.0,0.0,0.0,0.0,0.0,0.0,0.0,0.0,0.0,0.0,0.0,0.0,0.0,0.0,0.0,0.0,0.0,0.0,0.0,0.0,0.0,0.0,0.0,0.0,0.0,0.0,0.0,0.0,0.0,0.0,0.0,0.0,0.0,0.0,0.0,0.0,0.0,0.0
93,1.0,0.2,0.5,0.2,0.3333333333333333,0.2,0.25,0.2,0.2,0.2,0.3333333333333333,0.4,0.2857142857142857,0.4,0.25,0.4,0.2222222222222222,0.4,0.2,0.4,0.2727272727272727,0.6,0.25,0.6,0.23076923076923078,0.6,0.21428571428571427,0.6,0.2,0.6,0.1875,0.6,0.23529411764705882,0.8,0.2222222222222222,0.8,0.21052631578947367,0.8,0.2,0.8,0.19047619047619047,0.8,0.18181818181818182,0.8,0.17391304347826086,0.8
94,0.0,0.0,0.5,0.5,0.3333333333333333,0.5,0.25,0.5,0.2,0.5,0.16666666666666666,0.5,0.14285714285714285,0.5,0.125,0.5,0.1111111111111111,0.5,0.1,0.5,0.09090909090909091,0.5,0.08333333333333333,0.5,0.07692307692307693,0.5,0.07142857142857142,0.5,0.06666666666666667,0.5,0.0625,0.5,0.058823529411764705,0.5,0.05555555555555555,0.5,0.05263157894736842,0.5,0.05,0.5,0.047619047619047616,0.5,0.045454545454545456,0.5,0.043478260869565216,0.5
95,0.0,0.0,0.0,0.0,0.0,0.0,0.25,1.0,0.2,1.0,0.16666666666666666,1.0,0.14285714285714285,1.0,0.125,1.0,0.1111111111111111,1.0,0.1,1.0,0.09090909090909091,1.0,0.08333333333333333,1.0,0.07692307692307693,1.0,0.07142857142857142,1.0,0.06666666666666667,1.0,0.0625,1.0,0.058823529411764705,1.0,0.05555555555555555,1.0,0.05263157894736842,1.0,0.05,1.0,0.047619047619047616,1.0,0.045454545454545456,1.0,0.043478260869565216,1.0
96,1.0,0.125,0.5,0.125,0.3333333333333333,0.125,0.25,0.125,0.2,0.125,0.3333333333333333,0.25,0.2857142857142857,0.25,0.375,0.375,0.3333333333333333,0.375,0.3,0.375,0.2727272727272727,0.375,0.25,0.375,0.23076923076923078,0.375,0.2857142857142857,0.5,0.3333333333333333,0.625,0.3125,0.625,0.35294117647058826,0.75,0.3333333333333333,0.75,0.3684210526315789,0.875,0.35,0.875,0.3333333333333333,0.875,0.3181818181818182,0.875,0.30434782608695654,0.875
97,0.0,0.0,0.0,0.0,0.0,0.0,0.0,0.0,0.0,0.0,0.0,0.0,0.0,0.0,0.0,0.0,0.0,0.0,0.0,0.0,0.0,0.0,0.08333333333333333,0.3333333333333333,0.15384615384615385,0.6666666666666666,0.14285714285714285,0.6666666666666666,0.13333333333333333,0.6666666666666666,0.125,0.6666666666666666,0.11764705882352941,0.6666666666666666,0.1111111111111111,0.6666666666666666,0.10526315789473684,0.6666666666666666,0.1,0.6666666666666666,0.09523809523809523,0.6666666666666666,0.09090909090909091,0.6666666666666666,0.08695652173913043,0.6666666666666666
98,0.0,0.0,0.0,0.0,0.0,0.0,0.0,0.0,0.0,0.0,0.16666666666666666,0.5,0.14285714285714285,0.5,0.125,0.5,0.1111111111111111,0.5,0.1,0.5,0.09090909090909091,0.5,0.08333333333333333,0.5,0.07692307692307693,0.5,0.07142857142857142,0.5,0.06666666666666667,0.5,0.0625,0.5,0.058823529411764705,0.5,0.05555555555555555,0.5,0.05263157894736842,0.5,0.05,0.5,0.047619047619047616,0.5,0.045454545454545456,0.5,0.043478260869565216,0.5
99,0.0,0.0,0.0,0.0,0.0,0.0,0.25,1.0,0.2,1.0,0.16666666666666666,1.0,0.14285714285714285,1.0,0.125,1.0,0.1111111111111111,1.0,0.1,1.0,0.09090909090909091,1.0,0.08333333333333333,1.0,0.07692307692307693,1.0,0.07142857142857142,1.0,0.06666666666666667,1.0,0.0625,1.0,0.058823529411764705,1.0,0.05555555555555555,1.0,0.05263157894736842,1.0,0.05,1.0,0.047619047619047616,1.0,0.045454545454545456,1.0,0.043478260869565216,1.0
100,0.0,0.0,0.0,0.0,0.0,0.0,0.25,0.2,0.2,0.2,0.3333333333333333,0.4,0.2857142857142857,0.4,0.25,0.4,0.2222222222222222,0.4,0.2,0.4,0.2727272727272727,0.6,0.25,0.6,0.23076923076923078,0.6,0.21428571428571427,0.6,0.2,0.6,0.1875,0.6,0.17647058823529413,0.6,0.16666666666666666,0.6,0.15789473684210525,0.6,0.15,0.6,0.14285714285714285,0.6,0.13636363636363635,0.6,0.13043478260869565,0.6
101,0.0,0.0,0.0,0.0,0.0,0.0,0.0,0.0,0.0,0.0,0.0,0.0,0.0,0.0,0.0,0.0,0.0,0.0,0.0,0.0,0.0,0.0,0.0,0.0,0.0,0.0,0.0,0.0,0.0,0.0,0.0,0.0,0.0,0.0,0.0,0.0,0.0,0.0,0.05,0.5,0.047619047619047616,0.5,0.045454545454545456,0.5,0.043478260869565216,0.5
102,0.0,0.0,0.0,0.0,0.0,0.0,0.0,0.0,0.0,0.0,0.0,0.0,0.0,0.0,0.0,0.0,0.0,0.0,0.1,0.2,0.09090909090909091,0.2,0.08333333333333333,0.2,0.15384615384615385,0.4,0.14285714285714285,0.4,0.13333333333333333,0.4,0.125,0.4,0.17647058823529413,0.6,0.16666666666666666,0.6,0.21052631578947367,0.8,0.25,1.0,0.23809523809523808,1.0,0.22727272727272727,1.0,0.21739130434782608,1.0
103,1.0,0.5,0.5,0.5,0.3333333333333333,0.5,0.25,0.5,0.2,0.5,0.16666666666666666,0.5,0.14285714285714285,0.5,0.125,0.5,0.1111111111111111,0.5,0.1,0.5,0.09090909090909091,0.5,0.08333333333333333,0.5,0.07692307692307693,0.5,0.07142857142857142,0.5,0.06666666666666667,0.5,0.0625,0.5,0.058823529411764705,0.5,0.05555555555555555,0.5,0.05263157894736842,0.5,0.05,0.5,0.047619047619047616,0.5,0.045454545454545456,0.5,0.043478260869565216,0.5
104,0.0,0.0,0.0,0.0,0.3333333333333333,0.3333333333333333,0.25,0.3333333333333333,0.2,0.3333333333333333,0.16666666666666666,0.3333333333333333,0.14285714285714285,0.3333333333333333,0.125,0.3333333333333333,0.1111111111111111,0.3333333333333333,0.1,0.3333333333333333,0.09090909090909091,0.3333333333333333,0.08333333333333333,0.3333333333333333,0.07692307692307693,0.3333333333333333,0.07142857142857142,0.3333333333333333,0.06666666666666667,0.3333333333333333,0.0625,0.3333333333333333,0.058823529411764705,0.3333333333333333,0.05555555555555555,0.3333333333333333,0.10526315789473684,0.6666666666666666,0.1,0.6666666666666666,0.09523809523809523,0.6666666666666666,0.09090909090909091,0.6666666666666666,0.08695652173913043,0.6666666666666666
105,0.0,0.0,0.0,0.0,0.0,0.0,0.0,0.0,0.0,0.0,0.0,0.0,0.0,0.0,0.0,0.0,0.0,0.0,0.0,0.0,0.0,0.0,0.0,0.0,0.0,0.0,0.0,0.0,0.06666666666666667,0.5,0.0625,0.5,0.058823529411764705,0.5,0.05555555555555555,0.5,0.05263157894736842,0.5,0.05,0.5,0.047619047619047616,0.5,0.045454545454545456,0.5,0.043478260869565216,0.5
106,1.0,0.5,0.5,0.5,0.3333333333333333,0.5,0.25,0.5,0.2,0.5,0.16666666666666666,0.5,0.14285714285714285,0.5,0.125,0.5,0.1111111111111111,0.5,0.1,0.5,0.09090909090909091,0.5,0.08333333333333333,0.5,0.07692307692307693,0.5,0.07142857142857142,0.5,0.06666666666666667,0.5,0.0625,0.5,0.058823529411764705,0.5,0.05555555555555555,0.5,0.05263157894736842,0.5,0.05,0.5,0.047619047619047616,0.5,0.045454545454545456,0.5,0.043478260869565216,0.5
107,0.0,0.0,0.0,0.0,0.0,0.0,0.0,0.0,0.0,0.0,0.0,0.0,0.0,0.0,0.0,0.0,0.1111111111111111,1.0,0.1,1.0,0.09090909090909091,1.0,0.08333333333333333,1.0,0.07692307692307693,1.0,0.07142857142857142,1.0,0.06666666666666667,1.0,0.0625,1.0,0.058823529411764705,1.0,0.05555555555555555,1.0,0.05263157894736842,1.0,0.05,1.0,0.047619047619047616,1.0,0.045454545454545456,1.0,0.043478260869565216,1.0
108,0.0,0.0,0.0,0.0,0.3333333333333333,0.25,0.25,0.25,0.2,0.25,0.3333333333333333,0.5,0.2857142857142857,0.5,0.25,0.5,0.2222222222222222,0.5,0.2,0.5,0.18181818181818182,0.5,0.16666666666666666,0.5,0.15384615384615385,0.5,0.14285714285714285,0.5,0.13333333333333333,0.5,0.125,0.5,0.11764705882352941,0.5,0.1111111111111111,0.5,0.15789473684210525,0.75,0.15,0.75,0.14285714285714285,0.75,0.13636363636363635,0.75,0.13043478260869565,0.75
109,0.0,0.0,0.0,0.0,0.0,0.0,0.0,0.0,0.2,0.25,0.16666666666666666,0.25,0.2857142857142857,0.5,0.25,0.5,0.2222222222222222,0.5,0.2,0.5,0.18181818181818182,0.5,0.16666666666666666,0.5,0.15384615384615385,0.5,0.14285714285714285,0.5,0.13333333333333333,0.5,0.1875,0.75,0.17647058823529413,0.75,0.16666666666666666,0.75,0.15789473684210525,0.75,0.15,0.75,0.14285714285714285,0.75,0.13636363636363635,0.75,0.13043478260869565,0.75
110,0.0,0.0,0.0,0.0,0.0,0.0,0.0,0.0,0.0,0.0,0.0,0.0,0.0,0.0,0.0,0.0,0.0,0.0,0.0,0.0,0.0,0.0,0.0,0.0,0.0,0.0,0.0,0.0,0.0,0.0,0.0,0.0,0.0,0.0,0.0,0.0,0.0,0.0,0.0,0.0,0.0,0.0,0.0,0.0,0.0,0.0
111,0.0,0.0,0.0,0.0,0.0,0.0,0.0,0.0,0.0,0.0,0.0,0.0,0.0,0.0,0.0,0.0,0.0,0.0,0.0,0.0,0.0,0.0,0.0,0.0,0.0,0.0,0.0,0.0,0.06666666666666667,0.5,0.0625,0.5,0.058823529411764705,0.5,0.05555555555555555,0.5,0.05263157894736842,0.5,0.05,0.5,0.047619047619047616,0.5,0.045454545454545456,0.5,0.043478260869565216,0.5
112,1.0,0.1111111111111111,1.0,0.2222222222222222,0.6666666666666666,0.2222222222222222,0.5,0.2222222222222222,0.4,0.2222222222222222,0.5,0.3333333333333333,0.5714285714285714,0.4444444444444444,0.625,0.5555555555555556,0.5555555555555556,0.5555555555555556,0.5,0.5555555555555556,0.45454545454545453,0.5555555555555556,0.4166666666666667,0.5555555555555556,0.38461538461538464,0.5555555555555556,0.42857142857142855,0.6666666666666666,0.4,0.6666666666666666,0.375,0.6666666666666666,0.35294117647058826,0.6666666666666666,0.3888888888888889,0.7777777777777778,0.3684210526315789,0.7777777777777778,0.35,0.7777777777777778,0.3333333333333333,0.7777777777777778,0.3181818181818182,0.7777777777777778,0.30434782608695654,0.7777777777777778
113,0.0,0.0,0.0,0.0,0.0,0.0,0.0,0.0,0.0,0.0,0.0,0.0,0.0,0.0,0.0,0.0,0.0,0.0,0.0,0.0,0.0,0.0,0.0,0.0,0.0,0.0,0.0,0.0,0.0,0.0,0.0,0.0,0.0,0.0,0.0,0.0,0.0,0.0,0.0,0.0,0.0,0.0,0.0,0.0,0.0,0.0
114,1.0,0.25,0.5,0.25,0.3333333333333333,0.25,0.25,0.25,0.2,0.25,0.16666666666666666,0.25,0.2857142857142857,0.5,0.25,0.5,0.2222222222222222,0.5,0.2,0.5,0.18181818181818182,0.5,0.16666666666666666,0.5,0.15384615384615385,0.5,0.14285714285714285,0.5,0.13333333333333333,0.5,0.1875,0.75,0.17647058823529413,0.75,0.16666666666666666,0.75,0.15789473684210525,0.75,0.15,0.75,0.14285714285714285,0.75,0.13636363636363635,0.75,0.13043478260869565,0.75
115,0.0,0.0,0.0,0.0,0.0,0.0,0.0,0.0,0.0,0.0,0.0,0.0,0.14285714285714285,0.3333333333333333,0.125,0.3333333333333333,0.1111111111111111,0.3333333333333333,0.1,0.3333333333333333,0.09090909090909091,0.3333333333333333,0.08333333333333333,0.3333333333333333,0.07692307692307693,0.3333333333333333,0.14285714285714285,0.6666666666666666,0.2,1.0,0.1875,1.0,0.17647058823529413,1.0,0.16666666666666666,1.0,0.15789473684210525,1.0,0.15,1.0,0.14285714285714285,1.0,0.13636363636363635,1.0,0.13043478260869565,1.0
116,0.0,0.0,0.0,0.0,0.0,0.0,0.0,0.0,0.2,0.5,0.16666666666666666,0.5,0.14285714285714285,0.5,0.125,0.5,0.1111111111111111,0.5,0.1,0.5,0.09090909090909091,0.5,0.08333333333333333,0.5,0.07692307692307693,0.5,0.07142857142857142,0.5,0.06666666666666667,0.5,0.0625,0.5,0.058823529411764705,0.5,0.05555555555555555,0.5,0.05263157894736842,0.5,0.05,0.5,0.047619047619047616,0.5,0.045454545454545456,0.5,0.043478260869565216,0.5
117,1.0,0.16666666666666666,1.0,0.3333333333333333,0.6666666666666666,0.3333333333333333,0.75,0.5,0.6,0.5,0.5,0.5,0.5714285714285714,0.6666666666666666,0.5,0.6666666666666666,0.4444444444444444,0.6666666666666666,0.4,0.6666666666666666,0.36363636363636365,0.6666666666666666,0.3333333333333333,0.6666666666666666,0.3076923076923077,0.6666666666666666,0.2857142857142857,0.6666666666666666,0.26666666666666666,0.6666666666666666,0.25,0.6666666666666666,0.23529411764705882,0.6666666666666666,0.2222222222222222,0.6666666666666666,0.2631578947368421,0.8333333333333334,0.25,0.8333333333333334,0.23809523809523808,0.8333333333333334,0.22727272727272727,0.8333333333333334,0.21739130434782608,0.8333333333333334
118,0.0,0.0,0.0,0.0,0.3333333333333333,0.125,0.5,0.25,0.4,0.25,0.5,0.375,0.42857142857142855,0.375,0.5,0.5,0.5555555555555556,0.625,0.5,0.625,0.5454545454545454,0.75,0.5,0.75,0.46153846153846156,0.75,0.42857142857142855,0.75,0.4,0.75,0.375,0.75,0.35294117647058826,0.75,0.3333333333333333,0.75,0.3684210526315789,0.875,0.35,0.875,0.3333333333333333,0.875,0.3181818181818182,0.875,0.30434782608695654,0.875
