0    47.4997472    19.0479806
1    47.49611    19.03972
2    47.5028083    19.0581889
3    47.50694    19.06528
4    47.495    19.03917
5    47.50194    19.03417
6    47.50167    19.035
7    47.51389    19.08472
8    47.51861    19.08194
9    47.51528    19.08194
10    47.4958944    19.0494556
11    47.49083    19.04889
12    47.5032472    19.0645167
13    47.4837083    19.050972
14    47.48639    19.04583
15    47.4851056    19.0519778
16    47.48667    19.05889
17    47.48583    19.055
18    47.5140222    19.0786778
19    47.4893778    19.0648
20    47.48611    19.06833
21    47.4978    19.0378
22    47.49111    19.06278
23    47.50472    19.05028
24    47.51611    19.07639
25    47.5055833    19.0974361
26    47.533    19.05
27    47.49583    19.06083
28    47.48639    19.04806
29    47.55    19.033
30    47.46944    19.07167
31    47.50694    19.04556
32    47.500833    19.053889
33    47.48111    19.01639
34    47.5039028    19.0447833
35    47.4263333    18.9989306
36    47.49889    19.04361
37    47.4942222    19.052425
