0    28.6128639    77.229306
1    28.617189    77.208084
2    28.6143417    77.1998028
3    28.63278    77.21972
4    28.593    77.22
5    28.61    77.245
6    28.655747    77.241625
7    28.661    77.24
8    28.656    77.231
9    28.589266    77.210506
10    28.524355    77.185248
11    28.6125    77.27722
12    28.55806    77.24333
13    28.6267    77.2089
14    28.618038    77.201978
15    28.6507    77.2334
16    28.524382    77.18543
17    28.553325    77.2586
18    28.51194    77.26083
19    28.665637    77.230784
20    28.611811    77.219262
21    28.58472    77.18139
22    28.6271083    77.2164778
