0    55.9525    -3.1725
1    55.94694    -3.19
2    55.952158    -3.175204
3    56.000421    -3.388726
4    55.948611    -3.200833
5    55.952417    -3.193278
6    55.94417    -3.16194
7    55.94944    -3.19083
8    55.95528    -3.18222
9    55.954722    -3.181806
10    56.00083    -3.40417
11    55.94675    -3.2042
12    55.9467    -3.1861778
13    55.9461083    -3.2096472
14    55.95175    -3.196389
15    55.950917    -3.195667
16    55.94917    -3.19056
17    55.95005    -3.2029944
18    55.9528694    -3.1895083
19    55.9656028    -3.2066611
20    55.9781806    -3.1734667
21    55.9525306    -3.2080167
22    55.953375    -3.1840972
23    55.9505778    -3.1743694
24    55.9193361    -3.2383139
25    55.94694    -3.19
26    55.9508583    -3.2275639
27    55.947389    -3.187194
