0    55.858    -4.258
1    55.8622    -4.2512
2    55.87194    -4.43306
3    55.50944    -4.59444
4    55.86867    -4.33115
5    55.85528    -4.27
6    55.8617167    -4.241699833
7    55.87194    -4.2875
8    55.872    -4.288
9    55.86611    -4.26389
10    55.86254    -4.2567
11    55.862972    -4.234444
12    55.8525    -4.25083
13    55.874757    -4.292865
14    55.8606833    -4.254111
15    55.83083    -4.3075
16    55.84972    -4.20556
17    55.859496    -4.287962
18    55.864503    -4.252921
19    55.8602    -4.25249
20    55.8097    -4.25936
21    55.8532056    -4.3092583
22    55.8687    -4.295
23    55.8685806    -4.2905056
24    55.86722    -4.25016
25    55.8502639    -4.2392833
26    55.8279278    -4.3182222
