0    34.98933386    135.76701225
1    34.98860859    135.7669399
2    34.98740244    135.76701756
3    34.989175    135.76095385
4    34.9903141    135.75960996
5    34.99069076    135.75913739
6    34.99103466    135.75958014
7    34.98994222    135.75248765
8    34.99149549    135.75281524
9    34.99226347    135.75210498
10    34.99083362    135.75172842
11    34.99033225    135.75079224
12    34.98610393    135.75880057
13    34.98641893    135.75908817
14    34.98589339    135.75780979
15    34.98594315    135.75623281
16    34.98749173    135.75936694
17    34.98993471    135.76484663
18    34.98929942    135.76771158
19    34.97956901    135.74778198
20    34.98108054    135.74705251
21    34.97991268    135.77209259
22    34.97837722    135.77281682
23    34.97775353    135.77290899
24    34.9771347    135.77284609
25    34.97686475    135.77282821
26    34.97624091    135.77349735
27    34.97579667    135.77352962
28    34.97609805    135.77390566
29    34.97580038    135.7742812
30    34.97656915    135.77401182
31    34.9770155    135.77353347
32    34.97741504    135.7737392
33    34.97785707    135.77400764
34    34.97807847    135.77395654
35    34.97760919    135.77349869
36    34.97646864    135.77356114
37    34.97644069    135.7732288
38    34.9986625    135.77742539
39    34.99852626    135.77886375
40    34.99946853    135.77985507
41    35.00095416    135.77214421
42    34.9997025    135.77364568
43    35.00076719    135.77400186
44    35.00179461    135.774766
45    35.04240546    135.7455951
46    35.00889695    135.77038685
47    35.00997029    135.7711827
48    35.01255181    135.75261244
49    35.01330062    135.75182408
50    35.01287029    135.75128255
51    35.0139523    135.74878096
52    35.01088056    135.75183796
53    35.00874082    135.75192812
54    35.0021398    135.74443417
55    35.00359557    135.74971018
56    34.98011296    135.74771166
57    34.98724217    135.75814359
58    35.01450523    135.67756913
59    35.01275062    135.67772926
60    34.98791954    135.77174566
61    35.0287517    135.71518504
62    35.03937603    135.72933257
63    35.02675325    135.79832094
64    35.01144392    135.79443028
65    34.99465405    135.78511744
66    35.0243876    135.76194798
67    35.01290398    135.75032454
68    35.01357212    135.74946964
69    35.01410699    135.74918185
70    35.01353108    135.74695949
71    35.01426733    135.74730666
72    35.03902218    135.72889815
73    35.03938506    135.7287963
74    35.03953964    135.72868699
75    35.03958672    135.7283945
76    35.03969916    135.72824836
77    35.04005017    135.72904533
78    35.04026241    135.72923367
79    35.03998953    135.73017041
80    35.04018917    135.72996487
81    35.04017223    135.72958587
82    34.99625302    135.7808341
83    34.99569959    135.78189134
84    34.99543977    135.78308368
85    34.99520861    135.78373817
86    34.99677643    135.78113143
87    34.99811806    135.78084301
88    35.00060892    135.78091511
89    35.00076053    135.7798369
90    35.00212571    135.77977589
91    35.00345638    135.77851328
92    35.00493265    135.76258124
93    35.0050214    135.76364982
94    35.005036    135.76611379
95    35.00588242    135.76709519
96    35.00851131    135.76699431
97    35.00869909    135.76781471
98    35.00761629    135.77109535
99    35.00681383    135.7710785
100    35.00573581    135.77108857
101    35.00364239    135.75972347
102    34.9797921    135.77182087
103    34.97683525    135.77433685
104    34.97703687    135.7741195
105    34.97807963    135.77421851
106    34.97833266    135.77162603
107    34.98051577    135.77074116
108    34.88926169    135.80815979
109    34.89121164    135.80633839
110    34.8903291    135.80110279
111    34.96720504    135.77396145
112    34.96702741    135.77467371
113    34.9665329    135.77550794
114    34.96782861    135.77561471
115    34.96797577    135.77638207
116    34.9680618    135.77694404
117    34.96831485    135.77853475
118    34.96916992    135.77864021
119    34.97010764    135.7787567
120    34.96908534    135.78139923
121    34.96944303    135.78163866
122    35.00271013    135.77490183
123    35.00234454    135.77634897
124    35.00094287    135.77654913
125    35.00085789    135.774958
126    35.00366211    135.77499263
127    35.00316267    135.77439645
128    35.00265219    135.77331628
129    35.00233988    135.77538066
130    35.00401473    135.77394051
131    35.00374524    135.77241733
132    35.00655686    135.77039878
133    35.00195062    135.77195151
134    34.99506523    135.78156255
135    35.00563676    135.77447905
136    35.00535774    135.77301873
137    35.00537741    135.77326907
138    35.00374979    135.77740555
139    35.01522551    135.67755367
140    35.01350234    135.67776956
141    35.01596647    135.67665342
142    35.01582878    135.67574148
143    35.01594195    135.67448833
144    35.01575621    135.67397416
145    35.01583936    135.67343893
146    35.01642317    135.67266454
147    34.97711775    135.77380976
148    34.97741088    135.77327843
149    35.02722979    135.79500991
150    35.02595478    135.79562546
151    35.02508166    135.79625944
152    35.02398028    135.79640904
153    35.023498    135.79731023
154    35.02124292    135.79615439
155    35.02138607    135.79597904
156    35.02144022    135.79634671
157    35.04369953    135.79620368
158    35.04498063    135.79714191
159    35.04506765    135.79686321
160    35.04494336    135.79778642
161    35.04199305    135.79523395
162    34.99386303    135.78499849
163    35.0035633    135.78058044
164    35.00362268    135.77955116
165    35.00484317    135.78137092
166    35.00467434    135.78262674
167    35.00469003    135.78188902
168    35.00389832    135.77304249
169    35.01871867    135.68052302
170    35.02590641    135.64599182
171    35.01318307    135.6068454
172    35.01214923    135.60573955
173    35.01122927    135.6039665
174    35.01063177    135.60239973
175    35.01845725    135.68095175
176    35.01760192    135.67645719
177    35.01728582    135.67460208
178    35.0169629    135.67236484
179    35.01586242    135.67284836
180    35.01345264    135.67644417
181    35.01327498    135.67467725
182    35.01216439    135.6776393
183    35.01222429    135.67890755
184    35.01215713    135.68001995
185    35.02768361    135.79261848
186    35.02753964    135.79366955
187    35.02744027    135.79435215
188    35.02552259    135.79589614
189    35.01468405    135.79371609
190    35.0112804    135.79259449
191    35.01064145    135.79376326
192    35.01129957    135.78833611
193    35.00952823    135.78952014
194    35.00867242    135.7901961
195    35.01256798    135.75037333
196    35.01289506    135.7486405
197    35.01509771    135.74858509
198    35.01501481    135.74924566
199    35.01484745    135.75043959
200    35.00514857    135.77115423
201    35.03913588    135.73018501
202    35.01227882    135.75193242
203    35.01838464    135.76053866
204    35.03918074    135.72943861
205    35.01167724    135.75941234
206    35.03262357    135.73224465
207    35.01166114    135.76805115
208    35.03831348    135.77286087
209    35.01502291    135.78246649
210    34.98638866    135.75259974
211    34.98719012    135.75513384
212    35.00505098    135.76531747
213    35.01171578    135.77050714
214    35.00489078    135.75504369
215    35.03446552    135.7182714
216    35.03351634    135.7186706
217    35.04420913    135.7587382
218    35.00264508    135.76676894
219    35.00753463    135.76854313
220    35.00463979    135.77047293
221    34.96838755    135.76970449
222    34.99384839    135.76488355
223    35.02289302    135.79556829
224    35.00421652    135.75819716
225    35.01102764    135.76738597
226    35.00380965    135.76942852
227    34.99092588    135.76557136
228    35.01273425    135.78626312
229    35.00888177    135.78809154
230    34.98704135    135.75742301
231    34.9808821    135.74732282
232    34.97627409    135.77195185
233    35.00628188    135.7838426
234    35.01012633    135.79024439
235    35.02800566    135.67798459
236    34.98521383    135.75838371
237    34.97746987    135.77461822
238    34.98266118    135.74767933
239    34.98083414    135.74680634
240    35.0452695    135.7427045
241    35.03051038    135.71464522
242    34.97409609    135.77361381
243    34.98783532    135.77602302
244    35.01399872    135.74840606
245    35.02155512    135.72012769
246    35.02242799    135.71974729
247    35.03022983    135.71428536
248    35.01194189    135.78791142
249    35.01137881    135.78756107
250    35.03294251    135.76175865
251    35.03189554    135.76210233
252    35.00735816    135.78359956
253    35.03043859    135.73534178
254    34.9954837    135.77194858
255    35.03402511    135.71868833
256    35.00858611    135.75905698
257    35.02442201    135.76729929
258    34.99165842    135.77191149
259    34.98855497    135.775447
260    35.06977017    135.84149859
261    35.01635407    135.78157074
262    35.02174494    135.76881464
263    35.00455007    135.76847627
264    35.00391481    135.77132304
265    35.00997751    135.67747782
266    35.01034599    135.68153188
267    35.02455181    135.76774504
268    35.02433898    135.76817321
269    35.03870595    135.7729766
270    35.03964833    135.77084421
271    35.01638137    135.78082162
272    35.01762046    135.77211108
273    34.92894608    135.76131577
274    35.01334284    135.6752602
275    35.01445943    135.67435388
276    35.01468061    135.67399911
277    35.01778032    135.67430278
278    35.01886218    135.67401929
279    35.01650671    135.67045337
280    35.00031059    135.6851067
281    35.0002343    135.68588417
282    35.00020449    135.68551564
283    34.99989854    135.6852955
284    35.00048433    135.6848164
285    35.04733468    135.76308105
286    35.02776469    135.75122505
287    35.02773837    135.76491174
288    35.02727141    135.76067026
289    35.11959413    135.83463286
290    35.02896875    135.76240136
291    35.02767414    135.7618287
292    35.027829    135.76562503
293    35.01013454    135.75511014
294    35.01701708    135.76739247
295    35.01615125    135.7674188
296    35.01435491    135.76741587
297    35.01040853    135.76720533
298    35.00159665    135.74372549
299    34.98189298    135.74918478
300    34.98175082    135.7487511
301    34.98177636    135.74848102
302    34.98150404    135.74844306
303    34.98185435    135.74773392
304    34.9805992    135.74795852
305    34.98144953    135.74775532
306    34.9799404    135.74871203
307    34.9801593    135.74855305
308    34.98059565    135.74709277
309    34.98067153    135.74755349
310    35.02178021    135.77107924
311    35.0060206    135.77281078
312    35.00596547    135.77212277
313    34.95148244    135.82005752
314    34.95158078    135.81889377
315    34.95084583    135.82249018
316    34.95099371    135.82427874
317    34.95135317    135.82153476
318    35.03508892    135.77240483
319    35.05801784    135.75247441
320    35.05942813    135.75244621
321    34.89118083    135.80410412
322    34.88978627    135.80901267
323    35.02173363    135.76925638
324    35.01330583    135.67404281
325    35.01268725    135.6738942
326    35.04529587    135.74214202
327    35.04549483    135.74187715
328    35.04579694    135.74196233
329    35.04570896    135.74232937
330    35.0420663    135.74643485
331    35.00625164    135.75922545
332    35.00369468    135.76069402
333    35.003695    135.7574567
334    35.00295239    135.7580615
335    35.00146445    135.75809095
336    35.00150686    135.75675037
337    35.00359489    135.7548171
338    35.01097134    135.76874127
339    35.00076616    135.78159666
340    35.00906238    135.77123891
341    35.01584804    135.78402497
342    35.01687116    135.78334767
343    34.88974857    135.80761272
344    34.87896243    135.7002079
345    34.87977    135.70084391
346    34.88029911    135.70095076
347    34.9957821    135.77080529
348    34.99510553    135.77262112
349    34.99454257    135.7750502
350    34.89345556    135.80686411
351    35.00250653    135.76375388
352    35.0075552    135.76040122
353    34.99216417    135.6836546
354    34.99222209    135.68426593
355    34.99197001    135.68441492
356    34.99223861    135.68489374
357    34.99268925    135.68471178
358    34.9930665    135.68395468
359    34.99290086    135.68349102
360    34.9909685    135.68616075
361    34.98440409    135.70965158
362    34.9844027    135.71042161
363    34.98425203    135.71062983
364    34.98405054    135.71046918
365    34.98361629    135.71029242
366    34.98358227    135.70959264
367    34.98398519    135.70982549
368    34.96869904    135.76926841
369    35.05845026    135.75266449
370    35.05977429    135.75255825
371    35.06001896    135.75279796
372    35.05954044    135.75329434
373    35.05957857    135.75388514
374    35.02449818    135.76122482
375    35.02415218    135.76130003
376    35.02345872    135.7621485
377    35.02379603    135.76265389
378    35.02480425    135.76272052
379    35.02530952    135.76307118
380    35.02518268    135.76180008
381    35.06014391    135.67851092
382    35.0203622    135.79555355
383    35.02076009    135.79649335
384    35.02085128    135.79667301
385    35.01587644    135.67941375
386    35.01405331    135.78225403
387    35.00392464    135.7761847
388    35.00705968    135.77863547
389    35.06940607    135.83953326
390    35.01606237    135.77190824
391    34.98313268    135.75893627
392    35.12025742    135.83007619
393    35.11978634    135.83407876
394    35.00706923    135.79118986
395    35.01282007    135.78725592
396    34.98675372    135.74304275
397    34.98465978    135.75976129
398    34.985973    135.76063683
399    35.02380726    135.76137472
400    35.01795789    135.76229772
401    35.00818536    135.76529752
402    35.00598544    135.77057655
403    34.99365015    135.77856862
404    35.00485047    135.78323746
405    35.01209328    135.7827735
406    35.0225344    135.79266768
407    35.02717787    135.79734013
408    35.0191702    135.76088449
409    35.01983306    135.76089388
410    35.02072187    135.76070623
411    35.02174524    135.76052692
412    35.02221291    135.76048836
413    35.02298748    135.76044717
414    35.02747863    135.75962622
415    35.02579479    135.76116543
416    35.02923036    135.77111167
417    35.03017786    135.7717142
418    35.03039737    135.77240507
419    35.03456243    135.77238207
420    35.03635673    135.77281154
421    35.03753519    135.77270035
422    35.00589205    135.7681245
423    35.02997206    135.75250377
424    34.97568868    135.77335437
425    34.96716364    135.77250211
426    34.96722056    135.77323633
427    34.96822652    135.77813751
428    34.96967955    135.78000488
429    34.96951948    135.78054056
430    34.96779992    135.78242147
431    34.96700697    135.78547629
432    34.96693804    135.78637439
433    34.96866122    135.78591554
434    34.96878004    135.78534817
435    34.96952917    135.78366933
436    34.98462558    135.76106131
437    35.01702317    135.76152525
438    34.987254    135.77207703
439    35.00000912    135.78144278
440    35.0047891    135.78372715
441    34.96701558    135.77101539
442    34.99516979    135.77794524
443    34.99473973    135.78355256
444    34.99878915    135.78077238
445    35.00093357    135.77741858
446    35.00097077    135.77860601
447    35.00059748    135.77873845
448    34.99169783    135.77039233
449    35.01290648    135.60651275
450    35.01807142    135.62347622
451    35.01719758    135.6707122
452    35.01683715    135.67150341
453    35.01702939    135.67186076
454    35.01512548    135.67339833
455    35.01236773    135.67954278
456    35.01219449    135.67835833
457    35.01587117    135.67709551
458    35.01651329    135.68014947
459    35.03129791    135.73132835
460    35.03504389    135.73186127
461    35.03911178    135.73279984
462    35.03924515    135.73170281
463    35.03918897    135.73147855
464    35.0393218    135.73106059
465    35.03919347    135.7306716
466    35.03911665    135.72999526
467    35.02722355    135.79622161
468    35.02662204    135.79548363
469    35.02270588    135.79520872
470    35.02001739    135.75159418
471    35.00878538    135.76913206
472    34.99515972    135.78034458
473    35.02742799    135.73100931
474    35.01510199    135.70017458
475    35.01646363    135.68130838
476    35.0260776    135.64629787
477    35.01969519    135.67084215
478    35.03896504    135.729629
479    35.03985677    135.72813622
480    35.03997542    135.7285783
481    35.02794722    135.73548732
482    34.98601223    135.75832678
483    34.89004215    135.80133664
484    34.88931771    135.80165666
485    34.88921703    135.80734285
486    34.88839049    135.81005832
487    34.89229526    135.80574995
488    34.89111436    135.81063859
489    34.89195327    135.81130563
490    34.89480058    135.80625606
491    34.96792327    135.77102663
492    34.96734428    135.77583908
493    35.01953724    135.79403911
494    35.01701138    135.79599339
495    35.027679    135.73460706
496    34.98462694    135.75666241
497    34.99279379    135.75367471
498    34.99150955    135.75379764
499    34.89030349    135.8007246
500    34.89061145    135.80674555
501    34.89039232    135.80940262
502    34.89143137    135.80921406
503    34.98463727    135.75834979
504    34.98586099    135.76010281
505    34.98398282    135.75514625
506    34.98669903    135.75806258
507    34.98535062    135.75892599
508    34.99204796    135.81738355
509    34.99682907    135.81946747
510    34.99566961    135.817573
511    35.01753164    135.7691048
512    34.99410729    135.78063717
513    35.00568437    135.77776824
514    35.00754483    135.77789899
515    35.00657509    135.7777311
516    35.00489194    135.77848483
517    35.03188707    135.73163445
518    35.03226466    135.73260602
519    35.032601    135.73282985
520    35.03266963    135.73334743
521    35.03120794    135.73510708
522    35.03081275    135.73508841
523    35.02813819    135.71384233
524    35.02855776    135.71375203
525    35.02898502    135.71381845
526    35.02964558    135.71374685
527    35.03011413    135.71385644
528    35.03072655    135.71386046
529    35.03299207    135.71915515
530    35.03406696    135.71711184
531    35.03355466    135.71702213
532    35.04442721    135.76288337
533    35.04677466    135.7611633
534    35.04832855    135.76104281
535    34.98598736    135.75379232
536    35.00905349    135.77167592
537    35.01424817    135.79543172
538    34.99973781    135.77893231
539    35.00920554    135.77299312
540    34.98534876    135.75947442
541    34.98763444    135.7478942
542    35.0188293    135.78746548
543    34.99128999    135.76339362
544    34.98902618    135.75984449
545    35.00356112    135.74723659
546    35.00661191    135.7795137
547    35.00660672    135.78041702
548    35.00637727    135.78205925
549    35.00547968    135.78153126
550    35.00324292    135.78194023
551    35.00191762    135.77860387
552    35.00392086    135.76690253
553    35.00499583    135.76719272
554    35.00498511    135.76113328
555    35.00847541    135.76366693
556    35.00932765    135.75990578
557    35.00358432    135.74862344
558    35.0139572    135.60757914
559    35.0280442    135.67843574
560    35.02843256    135.67845421
561    35.02827593    135.67819243
562    35.02820295    135.67914215
563    35.01722472    135.67264814
564    35.01742968    135.67562714
565    35.01534172    135.678135
566    35.02883911    135.71318851
567    35.0289963    135.71299307
568    35.02907204    135.71331537
569    35.0292613    135.71304829
570    35.028473    135.71340934
571    35.03015923    135.71318012
572    35.03095283    135.71299298
573    35.03129158    135.71320272
574    35.0308408    135.71340758
575    35.03072323    135.71449602
576    35.03111994    135.71411126
577    35.0340305    135.71833072
578    35.03372525    135.71759047
579    35.03267871    135.71948979
580    35.03299556    135.72038805
581    35.04013939    135.72883946
582    35.03951774    135.73082656
583    35.03997507    135.7309834
584    34.96807751    135.77779865
585    35.02517807    135.76128121
586    35.02234542    135.7618512
587    35.02175094    135.76198798
588    35.021607    135.76241818
589    35.02155829    135.76302201
590    35.01754685    135.75936136
591    35.03055447    135.77325161
592    35.10590346    135.76338375
593    35.12141541    135.7631063
594    35.12192692    135.76335878
595    35.12189996    135.76293972
596    35.12321571    135.76360055
597    35.12246494    135.76333795
598    35.12082946    135.76472281
599    35.120949    135.76667702
600    35.11883598    135.76761572
601    35.11773223    135.76931035
602    35.11787151    135.77096122
603    35.11625242    135.77161693
604    35.1141347    135.77307944
605    35.11387205    135.77345986
606    35.11297619    135.77315472
607    35.11271965    135.7728687
608    34.89288686    135.80784517
609    34.98471133    135.7587429
610    34.99233624    135.82097656
611    35.01689868    135.67857786
612    35.02138003    135.66992806
613    35.00376745    135.76619698
614    35.01118326    135.76426414
615    34.99211732    135.7596557
616    35.00828677    135.7745944
617    35.01028763    135.77009156
618    34.98368517    135.76053367
619    34.98472017    135.75768047
620    34.98699778    135.75400304
621    34.98701793    135.76044637
622    35.01764743    135.68116134
623    35.00732902    135.76731402
624    35.00805458    135.77031337
625    35.00952241    135.77805241
626    35.01751031    135.77090486
627    35.01737692    135.77805935
628    35.01837091    135.76485927
629    35.00525626    135.76918635
630    34.98807447    135.7593069
631    35.02077185    135.79395608
632    35.01121375    135.85565735
633    35.01343844    135.8528445
634    35.01333537    135.85357378
635    35.01206497    135.85737842
636    34.98480597    135.75726368
637    35.01083465    135.74126428
638    35.03902981    135.77135347
639    35.00490835    135.77182077
640    34.99081249    135.81747723
641    35.03163889    135.72344596
642    35.00194741    135.77700496
643    35.00675195    135.77526397
644    35.0091072    135.77217064
645    35.00620705    135.76403407
646    35.11293049    135.77187826
647    35.01479775    135.77191323
648    35.00715979    135.76957889
649    35.00870828    135.67533551
650    35.00911387    135.67493926
651    35.00149601    135.77998009
652    34.98184979    135.74694232
653    34.98227861    135.74768496
654    34.9811685    135.74776923
655    34.98088439    135.74851035
656    34.97985858    135.74787884
657    34.98536675    135.76267954
658    34.98406333    135.75909088
659    35.03412536    135.71789805
660    34.98600813    135.76154636
661    35.00544031    135.75821264
662    35.0247043    135.76081141
663    35.02943466    135.77219236
664    35.12010864    135.83123695
665    35.11933353    135.83323611
666    35.11912933    135.83386045
667    35.11919004    135.83579703
668    34.92831576    135.76115651
669    34.96813045    135.77737077
670    34.97008504    135.77908437
671    34.96750433    135.78642201
672    34.96728989    135.78275986
673    34.9708492    135.78466631
674    34.97847015    135.77920185
675    34.97815032    135.78009695
676    34.97816987    135.78100293
677    34.98075085    135.7700937
678    35.02881677    135.77548571
679    35.02867919    135.7774972
680    35.02889432    135.77918815
681    35.0279906    135.79160207
682    35.02424434    135.79728474
683    35.02013852    135.79391347
684    35.01833794    135.79496939
685    35.01553871    135.79574234
686    35.01375212    135.77958841
687    34.97959685    135.77217135
688    34.97921507    135.77234848
689    34.97745688    135.77290288
690    34.97822883    135.77354337
691    34.99302195    135.78502392
692    35.03453753    135.77211512
693    35.03692302    135.77251007
694    35.03891289    135.77232529
695    35.03571616    135.77218979
696    35.03212658    135.77034022
697    35.02881712    135.76548124
698    35.0290001    135.76010875
699    35.05595697    135.67367733
700    35.05581075    135.67318982
701    35.05439779    135.67249563
702    35.05496361    135.67219172
703    35.05468245    135.67129037
704    35.05466969    135.67082763
705    35.0547097    135.66961562
706    35.05501085    135.66927249
707    35.053469    135.6688861
708    35.05692963    135.67498881
709    35.06111593    135.6784795
710    35.0500995    135.662158
711    35.0492057    135.76350565
712    34.8897814    135.68638573
713    34.89000138    135.68677689
714    34.89054148    135.68865794
715    34.89025356    135.70046267
716    34.89024945    135.700616
717    34.9951958    135.81770728
718    34.99539547    135.81760359
719    34.99699135    135.81804748
720    34.99711069    135.818596
721    34.99454833    135.82746043
722    35.00917056    135.77379826
723    35.00900824    135.77684014
724    35.00931102    135.78424791
725    35.00846751    135.78405924
726    35.00771789    135.78521012
727    35.0104509    135.79512881
728    35.01406445    135.79389827
729    35.0160689    135.79585987
730    35.02175976    135.79452496
731    35.02888213    135.78747189
732    34.96797196    135.77003813
733    34.97020669    135.78097772
734    34.97456123    135.77911309
735    34.97465718    135.77963928
736    34.97940123    135.77978587
737    34.97957282    135.78125259
738    34.9891874    135.78704534
739    34.98965738    135.78524661
740    34.98968493    135.78741083
741    34.99288724    135.78823387
742    34.99718273    135.7876363
743    34.99739415    135.78687872
744    35.00110952    135.78786444
745    35.00219975    135.78646292
746    35.0065201    135.78692083
747    35.00936435    135.78076333
748    35.00589799    135.79492127
749    35.00636259    135.79513305
750    35.01955803    135.81182942
751    35.02280073    135.80481965
752    35.02308163    135.80436825
753    35.0184365    135.80983462
754    35.01911139    135.80543321
755    35.01927663    135.80511189
756    35.0198273    135.80132407
757    35.01959642    135.80094353
758    35.02035121    135.7998552
759    35.02968522    135.79643597
760    35.02934389    135.79616162
761    35.03231772    135.79587704
762    35.03489604    135.7976295
763    35.03588946    135.79971384
764    35.03795697    135.80036682
765    35.03893362    135.80064613
766    35.04003448    135.80190333
767    35.03984558    135.80244222
768    35.04019115    135.80348883
769    35.04093633    135.80299413
770    35.04143027    135.80276581
771    35.04840694    135.81237552
772    35.05369855    135.8173825
773    35.05546319    135.81423258
774    35.05559426    135.81381747
775    35.06159781    135.81990427
776    35.06239793    135.82050663
777    35.06265724    135.82289912
778    35.0626884    135.82243332
779    35.06392514    135.82242794
780    35.05298464    135.80639176
781    35.05210287    135.80485091
782    35.066095    135.83142344
783    35.06581562    135.83528508
784    35.06576655    135.83444064
785    35.06538782    135.83416682
786    35.0660161    135.83215819
787    35.0653944    135.83072422
788    35.06454106    135.82915706
789    35.06442057    135.8279111
790    35.0661869    135.82586389
791    35.06440487    135.8223949
792    35.06915962    135.83578413
793    35.07127785    135.83612275
794    35.07251073    135.83373355
795    35.07347219    135.83466869
796    35.07367226    135.83381315
797    35.10585409    135.8433423
798    35.10871577    135.83428214
799    34.87802345    135.69951073
800    34.8812132    135.70004414
801    34.88326204    135.70168154
802    34.89028274    135.70041887
803    34.89030725    135.70029381
804    34.89032529    135.70009863
805    34.97286901    135.76904722
806    34.97226809    135.76958647
807    34.97018659    135.77012535
808    34.96726261    135.77027661
809    34.95764935    135.77046398
810    34.95617298    135.77051499
811    34.95564059    135.77024749
812    34.95566131    135.77039106
813    34.95572706    135.7704914
814    35.05927794    135.75851216
815    35.05769358    135.75220661
816    35.04493061    135.7421206
817    35.0455571    135.74209942
818    35.02891697    135.85600092
819    35.03204042    135.85268751
820    35.03218134    135.85198449
821    35.07154515    135.86554343
822    35.07146251    135.86483491
823    35.07133426    135.86233397
824    35.07212123    135.86289587
825    35.06641764    135.84385533
826    35.06963932    135.8405944
827    35.07043112    135.84189195
828    35.01363944    135.67887971
829    35.0099511    135.67812422
830    34.99420456    135.77629751
831    34.99515697    135.77947373
832    35.00649348    135.77686656
833    35.00658396    135.77625247
834    34.97980273    135.74747349
835    34.97987462    135.74721558
836    34.98021099    135.7472557
837    34.98145506    135.74724078
838    34.98146296    135.74680052
839    34.98179447    135.7470992
840    34.98122811    135.74727242
841    34.98149181    135.74749244
842    34.98017853    135.74825723
843    34.9830496    135.74940241
844    34.99142649    135.75913896
845    34.98676586    135.7625642
846    34.95151805    135.77195904
847    34.95156946    135.77193768
848    34.95158951    135.7718352
849    34.9516166    135.77166071
850    34.95170356    135.77166225
851    34.95169876    135.77157096
852    34.95166495    135.77153748
853    34.95164283    135.77144945
854    34.95160029    135.771468
855    34.95163499    135.77160979
856    34.95058374    135.77157857
857    34.9504946    135.77151885
858    34.95052252    135.77147127
859    34.95042497    135.77153067
860    34.9503683    135.77156003
861    34.95055603    135.77152496
862    34.95047496    135.77141513
863    34.95038852    135.77146644
864    34.95043974    135.77145864
865    34.95025202    135.77144535
866    34.95025055    135.77149044
867    34.95020551    135.77148576
868    34.95011634    135.77141769
869    34.9500689    135.7714676
870    34.94988844    135.77142444
871    34.94988411    135.77138299
872    34.94983966    135.77131846
873    34.9501176    135.77157465
874    34.95017244    135.77151496
875    34.95028819    135.77161533
876    34.98841932    135.77200685
877    34.98838953    135.77146959
878    34.98728575    135.77144631
879    34.98889131    135.77355505
880    34.98884598    135.77564978
881    34.9889286    135.77539256
882    34.98817225    135.77496314
883    34.98948158    135.77454601
884    34.98864467    135.77848027
885    34.98886977    135.77820109
886    34.98897253    135.7777114
887    34.92683707    135.75997599
888    35.09653899    135.84917038
889    35.09661187    135.85007205
890    35.09610077    135.8514816
891    35.09718934    135.8520013
892    35.0965975    135.849617
893    35.07317004    135.83368018
894    35.06884806    135.83615873
895    34.9812236    135.77001664
896    34.96112522    135.80799282
897    34.96114443    135.80791795
898    34.96115993    135.80760563
899    34.96114294    135.80751069
900    34.96120632    135.80798103
901    34.96117144    135.80781206
902    34.96110777    135.807441
903    34.96109001    135.80755298
904    34.96140763    135.80776147
905    35.01576219    135.77746365
906    35.01567522    135.77759521
907    35.01553585    135.77610744
908    35.01549229    135.77425023
909    35.01078564    135.77201962
910    35.01205761    135.77192796
911    35.01264028    135.77132605
912    35.01326256    135.77149747
913    35.0157415    135.77115407
914    35.04777226    135.76474578
915    35.04796418    135.76502494
916    35.04822825    135.76548826
917    35.05023517    135.76074094
918    35.05006058    135.76014519
919    35.04934296    135.76074798
920    34.9952051    135.76701178
921    35.03151546    135.7351611
922    35.0131217    135.76510311
923    35.01016101    135.76857779
924    35.00624983    135.76538506
925    35.01707598    135.76383928
926    35.00856255    135.76647499
927    35.01932793    135.77161124
928    35.01324651    135.77240719
929    35.0108504    135.76552099
930    35.00070689    135.76275058
931    35.01106464    135.76147005
932    35.01258782    135.76095564
933    35.00963829    135.76887756
934    35.003917    135.76810348
935    35.01369984    135.76233724
936    35.00894623    135.76705336
937    35.03430674    135.77466637
938    35.02921663    135.75950549
939    35.01266743    135.76029266
940    35.00863335    135.7623769
941    35.00675187    135.7636961
942    35.01663478    135.67687481
943    35.00600049    135.76641467
944    35.00768378    135.7679418
945    35.00732872    135.7659615
946    35.02568085    135.78082315
947    35.02920106    135.77937014
948    35.01317081    135.77023452
949    35.0110144    135.74730493
950    35.01759351    135.76317089
951    35.01126322    135.75563085
952    35.01021705    135.75117671
953    35.01017988    135.76384136
954    35.01077539    135.76303216
955    35.00873969    135.76464206
956    34.98832479    135.7564293
957    35.00862497    135.76491273
958    35.01501295    135.76155786
959    35.00778759    135.75813504
960    35.01090547    135.77042701
961    35.01074856    135.75670781
962    35.00751287    135.75137454
963    35.0128937    135.76577115
964    35.01078079    135.75848734
965    35.03028716    135.76856614
966    35.01249169    135.76836087
967    35.01835222    135.76936903
968    35.00914977    135.7648878
969    35.02601299    135.77837346
970    35.01746752    135.75189537
971    34.99163118    135.758542
972    34.99099533    135.76040267
973    35.01092882    135.74172921
974    35.01559385    135.67485399
975    35.02688577    135.65355225
976    34.98590258    135.75525286
977    34.98451711    135.76016293
978    35.01201314    135.7512482
979    35.01151543    135.75125237
980    35.0133153    135.74627701
981    35.0141703    135.7464077
982    35.01506601    135.74679277
983    35.01506068    135.74784381
984    35.02780573    135.75112843
985    35.02944686    135.73532614
986    35.03044511    135.73458399
987    35.0305118    135.73497675
988    35.03876119    135.73180551
989    34.9980497    135.77721006
990    35.00447377    135.7776602
991    34.98297206    135.75840297
992    35.02138621    135.79417667
993    35.01539657    135.79365794
994    35.00864224    135.77147206
995    34.98701474    135.74442548
996    34.97954148    135.75625547
997    34.98074063    135.77149291
998    34.97943299    135.77032377
999    34.96698834    135.77065125
1000    35.02292948    135.76102998
1001    35.02908345    135.7781985
1002    34.98506366    135.75626703
1003    34.9854638    135.74659007
1004    35.00849982    135.75501195
1005    34.99277955    135.77156366
1006    35.01377061    135.74767537
1007    35.01287073    135.75088438
1008    35.01131159    135.79027628
1009    35.01184642    135.78602244
1010    35.01110348    135.78204455
1011    35.0075153    135.74635099
1012    35.00256921    135.78227021
1013    34.95152519    135.81859753
1014    34.95170422    135.81821295
1015    34.99269316    135.71350787
1016    34.99363054    135.71372712
1017    34.99341189    135.71459128
1018    35.05367362    135.78574462
1019    35.05009988    135.7588342
1020    35.05142346    135.78908782
1021    34.99377104    135.71472474
1022    35.02103647    135.75558433
1023    35.03198749    135.73297749
1024    35.0312872    135.73978522
1025    34.99417994    135.71398675
1026    35.01991438    135.7622651
1027    35.04977758    135.79050941
1028    35.01125755    135.74793528
1029    35.03055204    135.85643553
1030    35.03025765    135.85636087
1031    35.01401861    135.78356227
1032    35.04958537    135.79028748
1033    34.993794    135.71566355
1034    34.98998722    135.77315673
1035    34.95786684    135.77061499
1036    35.03486041    135.78072433
1037    35.00930278    135.78274186
1038    35.0122901    135.77041211
1039    34.94744848    135.7498846
1040    34.94778691    135.75004258
1041    35.03018991    135.77061029
1042    34.99431023    135.7158282
1043    35.03024593    135.76939305
1044    35.02328517    135.76396657
1045    35.02524323    135.76064327
1046    34.98957723    135.76396949
1047    34.98910635    135.76296046
1048    35.05452049    135.67337815
1049    35.05465115    135.6704868
1050    35.02784008    135.72112813
1051    35.0159143    135.67554284
1052    35.01633596    135.67700078
1053    35.02002248    135.6724146
1054    35.01991821    135.67170564
1055    35.01962185    135.66984089
1056    35.01988032    135.66949315
1057    35.01379664    135.67959239
1058    35.00371183    135.76216911
1059    34.98920275    135.7587236
1060    35.11997417    135.82884176
1061    35.11993922    135.83567025
1062    34.99738582    135.77754402
1063    34.99716969    135.77890597
1064    34.99448799    135.78189044
1065    34.89003172    135.80228806
1066    34.89067356    135.80337351
1067    35.00280069    135.77099338
1068    35.00258275    135.76483174
1069    34.99664442    135.76664397
1070    35.00370436    135.76482095
1071    34.99994855    135.76859332
1072    34.93865072    135.76533396
1073    34.930183    135.75999993
1074    34.93013824    135.75961735
1075    34.93149988    135.75983312
1076    34.92682798    135.76052957
1077    34.96934676    135.78306302
1078    34.96718087    135.78427211
1079    34.98921397    135.75753501
1080    34.99529374    135.77885003
1081    34.99827835    135.77983725
1082    35.12361022    135.82205698
1083    35.12399934    135.82105624
1084    35.01889466    135.78961142
1085    35.03141768    135.73569408
1086    34.9915581    135.75051616
1087    34.99940181    135.77087533
1088    35.00177477    135.77566312
1089    35.00498544    135.77595445
1090    35.01305093    135.75330339
1091    35.01225963    135.78376215
1092    35.0143324    135.78472248
1093    35.02814759    135.71402576
1094    35.02970682    135.71306208
1095    35.02975814    135.7132017
1096    35.02895588    135.77882544
1097    35.12390083    135.76396714
1098    35.12041906    135.76306583
1099    35.11956683    135.76296939
1100    34.97897169    135.7029857
1101    35.0108614    135.68114474
1102    35.01957581    135.66963589
1103    35.01957132    135.66925312
1104    35.01969283    135.66905082
1105    35.01973916    135.66881782
1106    35.01956469    135.66887653
1107    35.0144597    135.79050919
1108    35.01460611    135.79438763
1109    35.01452944    135.79486562
1110    35.01355728    135.79514764
1111    35.0138982    135.79485203
1112    35.01312539    135.79368523
1113    35.01995452    135.66861858
1114    35.02151556    135.79034662
1115    35.02140076    135.78914843
1116    34.99619022    135.75947063
1117    35.00277065    135.7717119
1118    35.0390045    135.7325515
1119    35.03435483    135.71865437
1120    35.0216453    135.71927626
1121    35.03214122    135.71931952
1122    35.03317004    135.71784558
1123    35.03292765    135.71807963
1124    35.03011678    135.71350215
1125    35.01421298    135.75114346
1126    34.98556984    135.76195491
1127    35.02990005    135.73601611
1128    35.03119328    135.73620708
1129    35.03223708    135.73587877
1130    35.03067865    135.73597787
1131    35.03030317    135.73585992
1132    34.98049726    135.74725854
1133    34.97968587    135.74765185
1134    34.98017372    135.74745295
1135    34.98306787    135.74805881
1136    34.98476015    135.74811972
1137    35.02911895    135.7359933
1138    34.98432734    135.7501568
1139    34.98328036    135.7476591
1140    34.98309278    135.74680435
1141    34.98308412    135.74837821
1142    34.98303709    135.7473224
1143    34.9820709    135.74799513
1144    34.98388791    135.74772085
1145    35.01238103    135.76314858
1146    34.99180276    135.76295316
1147    34.97346664    135.73481643
1148    34.97342896    135.73459447
1149    34.97422993    135.7338161
1150    35.02989229    135.73532749
1151    35.00581177    135.76900088
1152    35.12839751    135.76498392
1153    34.98784336    135.77286664
1154    35.03354643    135.71932808
1155    35.01873787    135.68123758
1156    35.01899412    135.79433344
1157    34.98457873    135.75415854
1158    34.9695705    135.77582167
1159    35.00858092    135.75070704
1160    35.00853256    135.74819054
1161    34.98963197    135.75957093
1162    34.99160591    135.76226777
1163    34.99030239    135.76199677
1164    34.98899635    135.77204453
1165    34.9506779    135.81926069
1166    34.95083009    135.82125349
1167    34.95096926    135.82464991
1168    35.00999626    135.78143675
1169    35.0011344    135.76903413
1170    35.00370624    135.76407932
1171    34.99399165    135.76616688
1172    35.01717041    135.76936237
1173    35.0313579    135.72396384
1174    35.00272462    135.77016665
1175    35.03844863    135.74378131
1176    35.00618559    135.76082192
1177    35.01805686    135.76114481
1178    35.0181965    135.76013846
1179    35.02149231    135.7610957
1180    35.02233289    135.75899989
1181    35.02321459    135.66895759
1182    35.02331912    135.67437337
1183    35.02397024    135.67406593
1184    35.01669262    135.67016331
1185    35.01768335    135.66979157
1186    34.93932795    135.76539572
1187    34.93862895    135.76633733
1188    35.01882588    135.6816697
1189    34.96782692    135.77157119
1190    34.92669635    135.75962716
1191    34.8905336    135.80203131
1192    34.99137203    135.75794505
1193    35.01591928    135.70850935
1194    35.00868528    135.77897326
1195    35.02295546    135.63955504
1196    34.92472635    135.7987512
1197    34.92488558    135.79904068
1198    34.9966689    135.76795278
1199    35.01617552    135.67846123
1200    35.0082754    135.7675216
1201    34.99768221    135.77119261
1202    35.01548351    135.67621921
1203    34.98946222    135.75373774
1204    35.02836536    135.7982358
1205    34.99292399    135.75315497
1206    35.0063529    135.76929157
1207    34.99860722    135.77823304
1208    34.98654954    135.76140102
1209    35.0160487    135.67315688
1210    35.12220486    135.76283786
1211    35.03470385    135.72563625
1212    35.03297622    135.71931407
1213    35.03295017    135.71860759
1214    34.96737233    135.7765818
1215    34.9839665    135.75617953
1216    34.98792994    135.7721168
1217    35.01295989    135.74990684
1218    35.01238349    135.74931462
1219    35.01484242    135.74982675
1220    35.01212483    135.67558321
1221    35.01136642    135.67726617
1222    34.98931262    135.76548032
1223    35.02368073    135.76077503
1224    35.01625443    135.74830693
1225    35.01247442    135.78541027
1226    35.02690009    135.7138809
1227    35.01733714    135.67504218
1228    34.97871381    135.77087746
1229    35.01074614    135.75066726
1230    35.014356    135.7456199
1231    35.00369443    135.75844546
1232    35.05117547    135.76379061
1233    35.01164042    135.74739833
1234    35.01156131    135.74930712
1235    35.01089406    135.75221048
1236    35.01286914    135.76658513
1237    35.00151266    135.77031819
1238    35.00809461    135.75667195
1239    35.02292418    135.67469792
1240    34.9689936    135.77468744
1241    35.03837249    135.74462412
1242    35.03952472    135.74212168
1243    35.03925483    135.73198161
1244    35.03291185    135.72515415
1245    35.01080281    135.75966588
1246    35.05965533    135.75425439
1247    35.03062013    135.77142983
1248    35.02826452    135.77214678
1249    35.12118286    135.83390294
1250    35.01152444    135.86384496
1251    35.01328494    135.8659855
1252    35.01062153    135.86582049
1253    35.00118799    135.8192932
1254    35.03619435    135.79133074
1255    35.03939531    135.79176168
1256    35.00307121    135.76851863
1257    35.01015341    135.75806986
1258    35.04403483    135.78484374
1259    35.00060065    135.78264833
1260    35.02709815    135.65322668
1261    35.01681646    135.68907592
1262    35.02410767    135.7195671
1263    35.00228448    135.77017511
1264    35.00319097    135.731444
1265    35.01715815    135.78914721
1266    35.01879212    135.78811235
1267    35.01283432    135.75405404
1268    34.98419621    135.75638979
1269    35.03930246    135.73306706
1270    34.95053956    135.81879074
1271    35.00754298    135.7690033
1272    35.03254698    135.73301453
1273    35.02988191    135.71361512
1274    35.02968842    135.71339157
1275    35.03108522    135.7135234
1276    34.99052218    135.75443681
1277    35.01353484    135.78382665
1278    35.01838328    135.78552112
1279    35.01102358    135.86446417
1280    35.02427209    135.85727506
1281    35.01222425    135.67457022
1282    35.02910274    135.67912721
1283    35.02819123    135.67875507
1284    35.02476287    135.67118769
1285    35.01697817    135.6694689
1286    35.01650189    135.66942877
1287    35.01703661    135.66894254
1288    35.00010873    135.77749198
1289    35.01200414    135.67686122
1290    35.01494513    135.78870801
1291    35.00974283    135.78535185
1292    35.00840331    135.77223364
1293    35.00776713    135.77214313
1294    35.01221267    135.67638318
1295    35.01536689    135.66980741
1296    35.01410395    135.67014004
1297    35.012646    135.6751715
1298    35.01237403    135.6768436
1299    35.01614465    135.68009713
1300    35.01039191    135.7922975
1301    35.0297158    135.73468693
1302    34.99362841    135.78392592
1303    35.05434829    135.73150353
1304    35.01374031    135.76390563
1305    34.96738016    135.77547134
1306    35.05394938    135.8035471
1307    35.05474124    135.80365644
1308    35.04301186    135.7434589
1309    35.04292565    135.7433862
1310    35.0430152    135.74317724
1311    35.01772739    135.79563381
1312    35.04316574    135.74320651
1313    35.0429019    135.74318969
1314    35.11298458    135.77253253
1315    35.05023862    135.76464029
1316    34.9383533    135.64485491
1317    34.93879884    135.64378764
1318    35.02789818    135.71384203
1319    34.96816858    135.77388347
1320    34.99901611    135.77691624
1321    35.02449932    135.72257834
1322    35.02412988    135.7822413
1323    35.02569237    135.7813007
1324    35.03969055    135.7298182
1325    34.96703445    135.77711311
1326    35.06044757    135.78266313
1327    35.06128489    135.78264095
1328    35.0206542    135.75881577
1329    35.0235022    135.76257061
1330    35.0273133    135.7636933
1331    35.01987027    135.7630372
1332    34.96797752    135.7726551
1333    34.8885009    135.81189035
1334    35.02364639    135.85665906
1335    35.00966887    135.86274345
1336    35.01367664    135.7643076
1337    35.01830332    135.79607013
1338    35.01344029    135.78470246
1339    35.00568672    135.78477148
1340    35.02155658    135.79677358
1341    35.00241866    135.78355994
1342    35.01440843    135.71355993
1343    35.01657251    135.68453098
1344    35.01662721    135.684734
1345    35.01953728    135.66853485
1346    35.02347204    135.66699362
1347    35.04209081    135.74600469
1348    35.01964352    135.66949003
1349    35.01946515    135.66820522
1350    35.02134514    135.75939735
1351    35.02329868    135.75933704
1352    35.0230922    135.76205336
1353    35.02981074    135.71400244
1354    35.01649299    135.70758914
1355    34.99610803    135.7844669
1356    34.96707678    135.77160307
1357    35.01337076    135.67258633
1358    35.00665833    135.77222685
1359    35.0009617    135.77382516
1360    35.03300842    135.71993702
1361    34.98745346    135.7484058
1362    34.99222883    135.76411424
1363    35.03124505    135.73427531
1364    35.03033    135.7339925
1365    34.98863078    135.75376771
1366    34.99257575    135.76000328
1367    34.99347176    135.76049826
1368    34.99213475    135.76040476
1369    35.02728131    135.76237564
1370    35.01316746    135.76949373
1371    34.89211741    135.67990853
1372    34.89241235    135.67942615
1373    35.20054922    135.71833192
1374    35.20026618    135.71810537
1375    35.20068164    135.71761982
1376    35.20146955    135.71742338
1377    35.20188812    135.71666754
1378    35.20209702    135.71620966
1379    35.00416234    135.69490679
1380    34.89278958    135.67505274
1381    35.01350171    135.76108514
1382    35.01841211    135.6702194
1383    35.01019377    135.75707495
1384    35.02798338    135.67910443
1385    35.01638217    135.79366535
1386    35.01122518    135.74969424
1387    35.01700493    135.78175744
1388    35.01881724    135.78900449
1389    35.0262029    135.7808701
1390    35.02089288    135.78245053
1391    34.95188635    135.81080529
1392    34.95086509    135.82397993
1393    35.00300378    135.77286566
1394    34.99327704    135.757399
1395    34.99329936    135.7597272
1396    35.01869395    135.76277974
1397    35.04870404    135.74840534
1398    35.10584575    135.76375033
1399    34.98751082    135.74777435
1400    35.04359814    135.74415335
1401    35.01304081    135.74795246
1402    35.01131706    135.67655351
1403    35.02116785    135.72983115
1404    35.03927195    135.73331398
1405    35.04030364    135.72977383
1406    35.00462759    135.77114962
1407    34.99991445    135.77597981
1408    34.9999644    135.77565122
1409    34.99525815    135.77060111
1410    35.0374835    135.79208611
1411    35.03697573    135.79189106
1412    35.03691041    135.79280909
1413    34.97607672    135.75907012
1414    34.97559292    135.7589932
1415    35.00009352    135.78759098
1416    34.99783927    135.76913155
1417    34.96749253    135.77866606
1418    35.00577572    135.77360575
1419    34.99943462    135.78281201
1420    35.04312829    135.78301962
1421    35.02585502    135.75989458
1422    35.02577334    135.76254742
1423    35.02664898    135.76249205
1424    35.02073973    135.76373677
1425    35.06068967    135.78296119
1426    35.06018423    135.78254423
1427    35.06081419    135.78217844
1428    35.06010959    135.7831042
1429    34.99154093    135.75678533
1430    35.00700437    135.76688151
1431    35.05350778    135.83346145
1432    35.01709942    135.75933281
1433    35.03818412    135.72921675
1434    35.03790187    135.72921668
1435    35.03207511    135.79779012
1436    35.03183399    135.79727943
1437    35.06983761    135.83921038
1438    35.01194576    135.74976243
1439    34.99163043    135.76631475
1440    34.97846888    135.76625154
1441    34.97831735    135.7663025
1442    34.98980323    135.77252848
1443    35.02368892    135.76368731
1444    35.01877564    135.76086047
1445    35.00778799    135.78274403
1446    35.00371478    135.7629062
1447    35.02737703    135.65315227
1448    35.02150543    135.76975362
1449    35.01394509    135.77212108
1450    35.01048696    135.76237027
1451    35.01737754    135.77650408
1452    35.00748549    135.76340451
1453    35.03495576    135.71789144
1454    35.0160027    135.67075072
1455    35.01507686    135.67287536
1456    35.03866598    135.76683298
1457    35.03822771    135.76678439
1458    34.9680372    135.77312469
1459    35.00919036    135.77599839
1460    35.00458027    135.75668167
1461    35.07901632    135.7812965
1462    35.07927848    135.78159102
1463    35.02214493    135.76301602
1464    34.97531902    135.77377511
1465    34.99612374    135.77967134
1466    35.01073248    135.74906991
1467    35.00547031    135.7566579
1468    35.02327824    135.76337199
1469    35.01914642    135.71634806
1470    35.02139127    135.7218545
1471    35.05457288    135.73184218
1472    35.00738413    135.8763483
1473    35.01423633    135.77890321
1474    35.01981208    135.75984284
1475    34.9516029    135.73791802
1476    35.01184257    135.7798543
1477    35.07042725    135.84150174
1478    34.99888297    135.76417895
1479    34.97962406    135.70312624
1480    34.89290392    135.67525281
1481    34.89168153    135.67490351
1482    34.89230148    135.67441004
1483    34.97730901    135.77485602
1484    35.01252609    135.67199037
1485    35.01415511    135.67663495
1486    35.04128359    135.72905793
1487    35.01244498    135.57671648
1488    35.01280195    135.74511078
1489    35.02145708    135.77162321
1490    35.03001249    135.7349329
1491    34.99367389    135.77802518
1492    35.02834034    135.7360096
1493    35.03886052    135.72799678
1494    35.01029246    135.75189571
1495    35.01074151    135.75119116
