0    34.6561657    135.431031
1    34.652556    135.508496
2    34.66472    135.43306
3    34.7040028    135.5004466
4    34.70528    135.48972
5    34.693056    135.506431
6    34.68722    135.52583
7    34.6124    135.48848
8    34.64985    135.51111
9    34.685055    135.492786
10    34.61194    135.52056
11    34.68722    135.52583
12    34.654472    135.428889
13    34.6127972    135.4929417
14    34.67806    135.53
15    34.696025    135.5126194
16    34.6539    135.51645
17    34.67306    135.52944
18    34.66722    135.50028
19    34.668507    135.480684
20    34.6725    135.5
21    34.65222    135.50611
22    34.672086    135.49796
23    34.71971    135.482755
24    34.65972    135.50583
25    35.6751778    139.7692944
26    34.657361    135.501306
