0    -31.955    115.860556
1    -31.951634    115.847209
2    -31.949031    115.860513
3    -31.946    115.854
4    -31.946    115.854
5    -31.9585    115.8599
6    -31.9565    115.86
7    -31.96    115.83
8    -31.9595    115.8766
9    -31.9461    115.8555
10    -31.9379    115.8628
11    -31.950624    115.860898
12    -31.94956    115.861391
13    -31.96    115.87972
14    -31.94583    115.87
15    -31.943896    115.876976
16    -31.951493    115.860448
17    -31.956586    115.855476
18    -31.9562    115.85465
19    -31.9505    115.857
20    -31.96083    115.89556
21    -31.95806    115.86361
