0    43.63278    -79.41861
1    43.66222    -79.38028
2    43.64139    -79.38917
3    43.712525    -79.6020417
4    43.65389    -79.39278
5    43.646976    -79.377253
6    43.642481    -79.38605
7    43.71667    -79.33833
8    43.667111    -79.361294
9    43.6675    -79.39417
10    43.8202778    -79.1827778
11    43.6781    -79.4095
12    43.63333    -79.41667
13    43.64333    -79.37917
14    43.637923    -79.450786
15    43.63278    -79.41611
16    43.646821    -79.462996
17    43.6203083    -79.3736778
18    43.6525    -79.38361
19    43.653982    -79.380319
20    43.63849    -79.382068
21    43.6547722    -79.4006778
22    43.725599    -79.452696
23    43.6426    -79.3871
24    43.67028    -79.39111
25    43.62083    -79.37861
26    43.65611    -79.38028
27    43.6525    -79.38167
28    43.662447    -79.391708
