0    48.18222    16.3025
1    48.2166505    16.3959494
2    48.206507    16.365262
3    48.2037    16.3614
4    48.191439    16.380787
5    48.24    16.41083
6    48.2052    16.3599
7    48.2025    16.35889
8    48.191439    16.380787
9    48.19083    16.3175
10    48.20667    16.36556
11    48.2075    16.36611
12    48.20444    16.36778
13    48.203722    16.357444
14    48.2085    16.373
15    48.20556    16.36972
16    48.20417    16.37333
17    48.198333    16.371389
18    48.2075    16.38167
19    48.210917    16.393389
20    48.18472    16.30278
21    48.20611    16.36639
22    48.1975    16.35306
23    48.20278    16.368472
24    48.20806    16.35806
25    48.184516    16.311865
26    48.20778    16.37528
27    48.18528    16.3875
