id,pre1,rec1,pre2,rec2,pre3,rec3,pre4,rec4,pre5,rec5,pre6,rec6,pre7,rec7,pre8,rec8,pre9,rec9,pre10,rec10,pre11,rec11,pre12,rec12,pre13,rec13,pre14,rec14,pre15,rec15,pre16,rec16,pre17,rec17,pre18,rec18,pre19,rec19,pre20,rec20,pre21,rec21,pre22,rec22,pre23,rec23,pre24,rec24,pre25,rec25,pre26,rec26,pre27,rec27
0,1.0,0.3333333333333333,0.5,0.3333333333333333,0.3333333333333333,0.3333333333333333,0.25,0.3333333333333333,0.2,0.3333333333333333,0.16666666666666666,0.3333333333333333,0.14285714285714285,0.3333333333333333,0.125,0.3333333333333333,0.1111111111111111,0.3333333333333333,0.1,0.3333333333333333,0.09090909090909091,0.3333333333333333,0.08333333333333333,0.3333333333333333,0.07692307692307693,0.3333333333333333,0.07142857142857142,0.3333333333333333,0.06666666666666667,0.3333333333333333,0.0625,0.3333333333333333,0.058823529411764705,0.3333333333333333,0.05555555555555555,0.3333333333333333,0.05263157894736842,0.3333333333333333,0.05,0.3333333333333333,0.047619047619047616,0.3333333333333333,0.045454545454545456,0.3333333333333333,0.043478260869565216,0.3333333333333333,0.041666666666666664,0.3333333333333333,0.04,0.3333333333333333,0.038461538461538464,0.3333333333333333,0.037037037037037035,0.3333333333333333
1,1.0,0.16666666666666666,0.5,0.16666666666666666,0.3333333333333333,0.16666666666666666,0.25,0.16666666666666666,0.4,0.3333333333333333,0.3333333333333333,0.3333333333333333,0.2857142857142857,0.3333333333333333,0.25,0.3333333333333333,0.2222222222222222,0.3333333333333333,0.2,0.3333333333333333,0.18181818181818182,0.3333333333333333,0.16666666666666666,0.3333333333333333,0.15384615384615385,0.3333333333333333,0.14285714285714285,0.3333333333333333,0.13333333333333333,0.3333333333333333,0.1875,0.5,0.23529411764705882,0.6666666666666666,0.2222222222222222,0.6666666666666666,0.21052631578947367,0.6666666666666666,0.2,0.6666666666666666,0.19047619047619047,0.6666666666666666,0.18181818181818182,0.6666666666666666,0.17391304347826086,0.6666666666666666,0.16666666666666666,0.6666666666666666,0.16,0.6666666666666666,0.15384615384615385,0.6666666666666666,0.14814814814814814,0.6666666666666666
2,0.0,0.0,0.0,0.0,0.0,0.0,0.0,0.0,0.0,0.0,0.0,0.0,0.0,0.0,0.0,0.0,0.0,0.0,0.0,0.0,0.0,0.0,0.0,0.0,0.0,0.0,0.0,0.0,0.0,0.0,0.0,0.0,0.0,0.0,0.05555555555555555,1.0,0.05263157894736842,1.0,0.05,1.0,0.047619047619047616,1.0,0.045454545454545456,1.0,0.043478260869565216,1.0,0.041666666666666664,1.0,0.04,1.0,0.038461538461538464,1.0,0.037037037037037035,1.0
3,0.0,0.0,0.0,0.0,0.0,0.0,0.0,0.0,0.0,0.0,0.0,0.0,0.0,0.0,0.0,0.0,0.0,0.0,0.1,0.2,0.09090909090909091,0.2,0.08333333333333333,0.2,0.07692307692307693,0.2,0.07142857142857142,0.2,0.06666666666666667,0.2,0.0625,0.2,0.058823529411764705,0.2,0.05555555555555555,0.2,0.10526315789473684,0.4,0.1,0.4,0.09523809523809523,0.4,0.09090909090909091,0.4,0.08695652173913043,0.4,0.08333333333333333,0.4,0.08,0.4,0.07692307692307693,0.4,0.07407407407407407,0.4
4,0.0,0.0,0.0,0.0,0.0,0.0,0.0,0.0,0.0,0.0,0.0,0.0,0.0,0.0,0.0,0.0,0.0,0.0,0.0,0.0,0.0,0.0,0.0,0.0,0.0,0.0,0.0,0.0,0.0,0.0,0.0,0.0,0.0,0.0,0.0,0.0,0.0,0.0,0.0,0.0,0.0,0.0,0.0,0.0,0.0,0.0,0.0,0.0,0.0,0.0,0.0,0.0,0.0,0.0
5,0.0,0.0,0.0,0.0,0.0,0.0,0.0,0.0,0.0,0.0,0.0,0.0,0.0,0.0,0.0,0.0,0.0,0.0,0.0,0.0,0.0,0.0,0.0,0.0,0.0,0.0,0.0,0.0,0.0,0.0,0.0,0.0,0.0,0.0,0.0,0.0,0.0,0.0,0.0,0.0,0.0,0.0,0.0,0.0,0.0,0.0,0.0,0.0,0.0,0.0,0.0,0.0,0.0,0.0
6,0.0,0.0,0.5,0.14285714285714285,0.3333333333333333,0.14285714285714285,0.25,0.14285714285714285,0.2,0.14285714285714285,0.16666666666666666,0.14285714285714285,0.14285714285714285,0.14285714285714285,0.125,0.14285714285714285,0.2222222222222222,0.2857142857142857,0.2,0.2857142857142857,0.18181818181818182,0.2857142857142857,0.25,0.42857142857142855,0.23076923076923078,0.42857142857142855,0.2857142857142857,0.5714285714285714,0.26666666666666666,0.5714285714285714,0.25,0.5714285714285714,0.23529411764705882,0.5714285714285714,0.2222222222222222,0.5714285714285714,0.2631578947368421,0.7142857142857143,0.25,0.7142857142857143,0.23809523809523808,0.7142857142857143,0.22727272727272727,0.7142857142857143,0.21739130434782608,0.7142857142857143,0.20833333333333334,0.7142857142857143,0.2,0.7142857142857143,0.19230769230769232,0.7142857142857143,0.18518518518518517,0.7142857142857143
7,0.0,0.0,0.0,0.0,0.0,0.0,0.0,0.0,0.0,0.0,0.0,0.0,0.0,0.0,0.0,0.0,0.0,0.0,0.0,0.0,0.0,0.0,0.0,0.0,0.0,0.0,0.0,0.0,0.0,0.0,0.0,0.0,0.0,0.0,0.0,0.0,0.0,0.0,0.0,0.0,0.0,0.0,0.0,0.0,0.0,0.0,0.0,0.0,0.0,0.0,0.0,0.0,0.0,0.0
8,0.0,0.0,0.0,0.0,0.0,0.0,0.0,0.0,0.0,0.0,0.0,0.0,0.0,0.0,0.0,0.0,0.0,0.0,0.0,0.0,0.0,0.0,0.0,0.0,0.0,0.0,0.0,0.0,0.0,0.0,0.0,0.0,0.0,0.0,0.0,0.0,0.0,0.0,0.0,0.0,0.0,0.0,0.0,0.0,0.0,0.0,0.0,0.0,0.0,0.0,0.0,0.0,0.0,0.0
9,0.0,0.0,0.0,0.0,0.0,0.0,0.0,0.0,0.0,0.0,0.0,0.0,0.0,0.0,0.0,0.0,0.0,0.0,0.0,0.0,0.0,0.0,0.08333333333333333,0.5,0.07692307692307693,0.5,0.07142857142857142,0.5,0.06666666666666667,0.5,0.0625,0.5,0.058823529411764705,0.5,0.05555555555555555,0.5,0.05263157894736842,0.5,0.05,0.5,0.047619047619047616,0.5,0.045454545454545456,0.5,0.043478260869565216,0.5,0.041666666666666664,0.5,0.04,0.5,0.038461538461538464,0.5,0.037037037037037035,0.5
10,0.0,0.0,0.0,0.0,0.0,0.0,0.0,0.0,0.0,0.0,0.0,0.0,0.0,0.0,0.0,0.0,0.0,0.0,0.0,0.0,0.0,0.0,0.0,0.0,0.0,0.0,0.0,0.0,0.0,0.0,0.0,0.0,0.058823529411764705,0.5,0.05555555555555555,0.5,0.05263157894736842,0.5,0.05,0.5,0.047619047619047616,0.5,0.045454545454545456,0.5,0.043478260869565216,0.5,0.041666666666666664,0.5,0.04,0.5,0.038461538461538464,0.5,0.037037037037037035,0.5
11,0.0,0.0,0.0,0.0,0.0,0.0,0.0,0.0,0.0,0.0,0.0,0.0,0.0,0.0,0.0,0.0,0.0,0.0,0.0,0.0,0.0,0.0,0.0,0.0,0.07692307692307693,0.3333333333333333,0.07142857142857142,0.3333333333333333,0.06666666666666667,0.3333333333333333,0.0625,0.3333333333333333,0.058823529411764705,0.3333333333333333,0.05555555555555555,0.3333333333333333,0.10526315789473684,0.6666666666666666,0.1,0.6666666666666666,0.09523809523809523,0.6666666666666666,0.09090909090909091,0.6666666666666666,0.08695652173913043,0.6666666666666666,0.08333333333333333,0.6666666666666666,0.08,0.6666666666666666,0.07692307692307693,0.6666666666666666,0.07407407407407407,0.6666666666666666
12,0.0,0.0,0.0,0.0,0.0,0.0,0.0,0.0,0.0,0.0,0.0,0.0,0.0,0.0,0.0,0.0,0.0,0.0,0.0,0.0,0.0,0.0,0.0,0.0,0.0,0.0,0.0,0.0,0.0,0.0,0.0,0.0,0.0,0.0,0.0,0.0,0.0,0.0,0.0,0.0,0.0,0.0,0.0,0.0,0.0,0.0,0.0,0.0,0.0,0.0,0.0,0.0,0.0,0.0
13,0.0,0.0,0.0,0.0,0.0,0.0,0.0,0.0,0.0,0.0,0.16666666666666666,0.2,0.14285714285714285,0.2,0.125,0.2,0.1111111111111111,0.2,0.2,0.4,0.18181818181818182,0.4,0.16666666666666666,0.4,0.23076923076923078,0.6,0.21428571428571427,0.6,0.2,0.6,0.1875,0.6,0.17647058823529413,0.6,0.16666666666666666,0.6,0.21052631578947367,0.8,0.2,0.8,0.19047619047619047,0.8,0.18181818181818182,0.8,0.17391304347826086,0.8,0.16666666666666666,0.8,0.16,0.8,0.15384615384615385,0.8,0.14814814814814814,0.8
14,0.0,0.0,0.5,1.0,0.3333333333333333,1.0,0.25,1.0,0.2,1.0,0.16666666666666666,1.0,0.14285714285714285,1.0,0.125,1.0,0.1111111111111111,1.0,0.1,1.0,0.09090909090909091,1.0,0.08333333333333333,1.0,0.07692307692307693,1.0,0.07142857142857142,1.0,0.06666666666666667,1.0,0.0625,1.0,0.058823529411764705,1.0,0.05555555555555555,1.0,0.05263157894736842,1.0,0.05,1.0,0.047619047619047616,1.0,0.045454545454545456,1.0,0.043478260869565216,1.0,0.041666666666666664,1.0,0.04,1.0,0.038461538461538464,1.0,0.037037037037037035,1.0
15,0.0,0.0,0.0,0.0,0.3333333333333333,1.0,0.25,1.0,0.2,1.0,0.16666666666666666,1.0,0.14285714285714285,1.0,0.125,1.0,0.1111111111111111,1.0,0.1,1.0,0.09090909090909091,1.0,0.08333333333333333,1.0,0.07692307692307693,1.0,0.07142857142857142,1.0,0.06666666666666667,1.0,0.0625,1.0,0.058823529411764705,1.0,0.05555555555555555,1.0,0.05263157894736842,1.0,0.05,1.0,0.047619047619047616,1.0,0.045454545454545456,1.0,0.043478260869565216,1.0,0.041666666666666664,1.0,0.04,1.0,0.038461538461538464,1.0,0.037037037037037035,1.0
16,0.0,0.0,0.0,0.0,0.0,0.0,0.0,0.0,0.0,0.0,0.0,0.0,0.14285714285714285,0.25,0.25,0.5,0.2222222222222222,0.5,0.2,0.5,0.18181818181818182,0.5,0.16666666666666666,0.5,0.15384615384615385,0.5,0.14285714285714285,0.5,0.13333333333333333,0.5,0.125,0.5,0.17647058823529413,0.75,0.16666666666666666,0.75,0.15789473684210525,0.75,0.15,0.75,0.14285714285714285,0.75,0.13636363636363635,0.75,0.13043478260869565,0.75,0.125,0.75,0.12,0.75,0.11538461538461539,0.75,0.1111111111111111,0.75
17,0.0,0.0,0.0,0.0,0.0,0.0,0.25,0.3333333333333333,0.4,0.6666666666666666,0.3333333333333333,0.6666666666666666,0.2857142857142857,0.6666666666666666,0.25,0.6666666666666666,0.2222222222222222,0.6666666666666666,0.2,0.6666666666666666,0.18181818181818182,0.6666666666666666,0.16666666666666666,0.6666666666666666,0.15384615384615385,0.6666666666666666,0.14285714285714285,0.6666666666666666,0.13333333333333333,0.6666666666666666,0.125,0.6666666666666666,0.11764705882352941,0.6666666666666666,0.1111111111111111,0.6666666666666666,0.10526315789473684,0.6666666666666666,0.1,0.6666666666666666,0.09523809523809523,0.6666666666666666,0.09090909090909091,0.6666666666666666,0.08695652173913043,0.6666666666666666,0.08333333333333333,0.6666666666666666,0.08,0.6666666666666666,0.07692307692307693,0.6666666666666666,0.07407407407407407,0.6666666666666666
18,0.0,0.0,0.5,0.3333333333333333,0.3333333333333333,0.3333333333333333,0.25,0.3333333333333333,0.2,0.3333333333333333,0.16666666666666666,0.3333333333333333,0.14285714285714285,0.3333333333333333,0.125,0.3333333333333333,0.1111111111111111,0.3333333333333333,0.1,0.3333333333333333,0.09090909090909091,0.3333333333333333,0.08333333333333333,0.3333333333333333,0.07692307692307693,0.3333333333333333,0.07142857142857142,0.3333333333333333,0.06666666666666667,0.3333333333333333,0.0625,0.3333333333333333,0.058823529411764705,0.3333333333333333,0.05555555555555555,0.3333333333333333,0.05263157894736842,0.3333333333333333,0.05,0.3333333333333333,0.047619047619047616,0.3333333333333333,0.045454545454545456,0.3333333333333333,0.043478260869565216,0.3333333333333333,0.041666666666666664,0.3333333333333333,0.04,0.3333333333333333,0.038461538461538464,0.3333333333333333,0.037037037037037035,0.3333333333333333
19,0.0,0.0,0.0,0.0,0.0,0.0,0.0,0.0,0.0,0.0,0.0,0.0,0.0,0.0,0.0,0.0,0.0,0.0,0.0,0.0,0.0,0.0,0.0,0.0,0.0,0.0,0.0,0.0,0.0,0.0,0.0,0.0,0.0,0.0,0.0,0.0,0.0,0.0,0.0,0.0,0.0,0.0,0.0,0.0,0.0,0.0,0.0,0.0,0.0,0.0,0.0,0.0,0.0,0.0
20,0.0,0.0,0.0,0.0,0.0,0.0,0.0,0.0,0.0,0.0,0.0,0.0,0.0,0.0,0.0,0.0,0.0,0.0,0.0,0.0,0.0,0.0,0.0,0.0,0.0,0.0,0.0,0.0,0.0,0.0,0.0,0.0,0.0,0.0,0.0,0.0,0.0,0.0,0.05,0.5,0.047619047619047616,0.5,0.045454545454545456,0.5,0.043478260869565216,0.5,0.041666666666666664,0.5,0.04,0.5,0.038461538461538464,0.5,0.037037037037037035,0.5
21,0.0,0.0,0.0,0.0,0.0,0.0,0.0,0.0,0.2,0.2,0.16666666666666666,0.2,0.14285714285714285,0.2,0.125,0.2,0.1111111111111111,0.2,0.1,0.2,0.18181818181818182,0.4,0.16666666666666666,0.4,0.15384615384615385,0.4,0.14285714285714285,0.4,0.13333333333333333,0.4,0.125,0.4,0.11764705882352941,0.4,0.1111111111111111,0.4,0.10526315789473684,0.4,0.1,0.4,0.09523809523809523,0.4,0.09090909090909091,0.4,0.08695652173913043,0.4,0.08333333333333333,0.4,0.08,0.4,0.07692307692307693,0.4,0.07407407407407407,0.4
22,1.0,0.125,0.5,0.125,0.3333333333333333,0.125,0.25,0.125,0.4,0.25,0.5,0.375,0.42857142857142855,0.375,0.375,0.375,0.3333333333333333,0.375,0.3,0.375,0.36363636363636365,0.5,0.3333333333333333,0.5,0.38461538461538464,0.625,0.35714285714285715,0.625,0.4,0.75,0.375,0.75,0.35294117647058826,0.75,0.3333333333333333,0.75,0.3157894736842105,0.75,0.3,0.75,0.2857142857142857,0.75,0.2727272727272727,0.75,0.2608695652173913,0.75,0.25,0.75,0.24,0.75,0.23076923076923078,0.75,0.2222222222222222,0.75
23,0.0,0.0,0.0,0.0,0.0,0.0,0.0,0.0,0.0,0.0,0.0,0.0,0.0,0.0,0.0,0.0,0.0,0.0,0.0,0.0,0.0,0.0,0.0,0.0,0.0,0.0,0.0,0.0,0.0,0.0,0.0,0.0,0.058823529411764705,1.0,0.05555555555555555,1.0,0.05263157894736842,1.0,0.05,1.0,0.047619047619047616,1.0,0.045454545454545456,1.0,0.043478260869565216,1.0,0.041666666666666664,1.0,0.04,1.0,0.038461538461538464,1.0,0.037037037037037035,1.0
24,0.0,0.0,0.5,0.5,0.3333333333333333,0.5,0.25,0.5,0.2,0.5,0.16666666666666666,0.5,0.14285714285714285,0.5,0.125,0.5,0.1111111111111111,0.5,0.1,0.5,0.09090909090909091,0.5,0.08333333333333333,0.5,0.07692307692307693,0.5,0.07142857142857142,0.5,0.06666666666666667,0.5,0.0625,0.5,0.058823529411764705,0.5,0.05555555555555555,0.5,0.05263157894736842,0.5,0.05,0.5,0.047619047619047616,0.5,0.045454545454545456,0.5,0.043478260869565216,0.5,0.041666666666666664,0.5,0.04,0.5,0.038461538461538464,0.5,0.037037037037037035,0.5
25,0.0,0.0,0.0,0.0,0.0,0.0,0.0,0.0,0.0,0.0,0.0,0.0,0.0,0.0,0.0,0.0,0.0,0.0,0.0,0.0,0.09090909090909091,1.0,0.08333333333333333,1.0,0.07692307692307693,1.0,0.07142857142857142,1.0,0.06666666666666667,1.0,0.0625,1.0,0.058823529411764705,1.0,0.05555555555555555,1.0,0.05263157894736842,1.0,0.05,1.0,0.047619047619047616,1.0,0.045454545454545456,1.0,0.043478260869565216,1.0,0.041666666666666664,1.0,0.04,1.0,0.038461538461538464,1.0,0.037037037037037035,1.0
26,0.0,0.0,0.0,0.0,0.0,0.0,0.0,0.0,0.0,0.0,0.0,0.0,0.0,0.0,0.0,0.0,0.0,0.0,0.0,0.0,0.0,0.0,0.0,0.0,0.0,0.0,0.0,0.0,0.0,0.0,0.0,0.0,0.0,0.0,0.0,0.0,0.0,0.0,0.0,0.0,0.0,0.0,0.0,0.0,0.0,0.0,0.0,0.0,0.0,0.0,0.0,0.0,0.0,0.0
27,0.0,0.0,0.0,0.0,0.0,0.0,0.0,0.0,0.0,0.0,0.0,0.0,0.0,0.0,0.0,0.0,0.1111111111111111,1.0,0.1,1.0,0.09090909090909091,1.0,0.08333333333333333,1.0,0.07692307692307693,1.0,0.07142857142857142,1.0,0.06666666666666667,1.0,0.0625,1.0,0.058823529411764705,1.0,0.05555555555555555,1.0,0.05263157894736842,1.0,0.05,1.0,0.047619047619047616,1.0,0.045454545454545456,1.0,0.043478260869565216,1.0,0.041666666666666664,1.0,0.04,1.0,0.038461538461538464,1.0,0.037037037037037035,1.0
28,0.0,0.0,0.0,0.0,0.0,0.0,0.0,0.0,0.0,0.0,0.0,0.0,0.0,0.0,0.0,0.0,0.0,0.0,0.0,0.0,0.09090909090909091,0.5,0.08333333333333333,0.5,0.07692307692307693,0.5,0.07142857142857142,0.5,0.06666666666666667,0.5,0.0625,0.5,0.058823529411764705,0.5,0.05555555555555555,0.5,0.05263157894736842,0.5,0.05,0.5,0.047619047619047616,0.5,0.045454545454545456,0.5,0.043478260869565216,0.5,0.041666666666666664,0.5,0.04,0.5,0.038461538461538464,0.5,0.037037037037037035,0.5
29,0.0,0.0,0.5,0.5,0.3333333333333333,0.5,0.25,0.5,0.2,0.5,0.16666666666666666,0.5,0.14285714285714285,0.5,0.125,0.5,0.1111111111111111,0.5,0.1,0.5,0.09090909090909091,0.5,0.08333333333333333,0.5,0.07692307692307693,0.5,0.07142857142857142,0.5,0.06666666666666667,0.5,0.0625,0.5,0.058823529411764705,0.5,0.05555555555555555,0.5,0.05263157894736842,0.5,0.05,0.5,0.047619047619047616,0.5,0.045454545454545456,0.5,0.043478260869565216,0.5,0.041666666666666664,0.5,0.04,0.5,0.038461538461538464,0.5,0.037037037037037035,0.5
30,0.0,0.0,0.0,0.0,0.3333333333333333,0.2,0.25,0.2,0.4,0.4,0.3333333333333333,0.4,0.2857142857142857,0.4,0.25,0.4,0.2222222222222222,0.4,0.2,0.4,0.2727272727272727,0.6,0.25,0.6,0.23076923076923078,0.6,0.21428571428571427,0.6,0.2,0.6,0.1875,0.6,0.17647058823529413,0.6,0.2222222222222222,0.8,0.21052631578947367,0.8,0.2,0.8,0.19047619047619047,0.8,0.18181818181818182,0.8,0.17391304347826086,0.8,0.16666666666666666,0.8,0.16,0.8,0.15384615384615385,0.8,0.14814814814814814,0.8
31,0.0,0.0,0.0,0.0,0.0,0.0,0.0,0.0,0.0,0.0,0.16666666666666666,0.25,0.14285714285714285,0.25,0.125,0.25,0.1111111111111111,0.25,0.1,0.25,0.09090909090909091,0.25,0.08333333333333333,0.25,0.07692307692307693,0.25,0.07142857142857142,0.25,0.06666666666666667,0.25,0.0625,0.25,0.11764705882352941,0.5,0.1111111111111111,0.5,0.10526315789473684,0.5,0.1,0.5,0.09523809523809523,0.5,0.09090909090909091,0.5,0.08695652173913043,0.5,0.08333333333333333,0.5,0.08,0.5,0.07692307692307693,0.5,0.07407407407407407,0.5
32,0.0,0.0,0.0,0.0,0.0,0.0,0.0,0.0,0.0,0.0,0.0,0.0,0.0,0.0,0.0,0.0,0.0,0.0,0.0,0.0,0.0,0.0,0.0,0.0,0.07692307692307693,0.3333333333333333,0.07142857142857142,0.3333333333333333,0.06666666666666667,0.3333333333333333,0.0625,0.3333333333333333,0.058823529411764705,0.3333333333333333,0.05555555555555555,0.3333333333333333,0.05263157894736842,0.3333333333333333,0.05,0.3333333333333333,0.047619047619047616,0.3333333333333333,0.045454545454545456,0.3333333333333333,0.043478260869565216,0.3333333333333333,0.041666666666666664,0.3333333333333333,0.04,0.3333333333333333,0.038461538461538464,0.3333333333333333,0.037037037037037035,0.3333333333333333
33,0.0,0.0,0.0,0.0,0.0,0.0,0.0,0.0,0.0,0.0,0.0,0.0,0.0,0.0,0.0,0.0,0.0,0.0,0.0,0.0,0.0,0.0,0.0,0.0,0.0,0.0,0.0,0.0,0.0,0.0,0.0,0.0,0.0,0.0,0.05555555555555555,0.3333333333333333,0.10526315789473684,0.6666666666666666,0.1,0.6666666666666666,0.09523809523809523,0.6666666666666666,0.09090909090909091,0.6666666666666666,0.08695652173913043,0.6666666666666666,0.08333333333333333,0.6666666666666666,0.08,0.6666666666666666,0.07692307692307693,0.6666666666666666,0.07407407407407407,0.6666666666666666
34,0.0,0.0,0.0,0.0,0.0,0.0,0.0,0.0,0.0,0.0,0.0,0.0,0.0,0.0,0.0,0.0,0.0,0.0,0.0,0.0,0.0,0.0,0.0,0.0,0.0,0.0,0.0,0.0,0.0,0.0,0.0,0.0,0.0,0.0,0.0,0.0,0.0,0.0,0.05,1.0,0.047619047619047616,1.0,0.045454545454545456,1.0,0.043478260869565216,1.0,0.041666666666666664,1.0,0.04,1.0,0.038461538461538464,1.0,0.037037037037037035,1.0
35,0.0,0.0,0.0,0.0,0.0,0.0,0.0,0.0,0.0,0.0,0.0,0.0,0.0,0.0,0.0,0.0,0.0,0.0,0.0,0.0,0.0,0.0,0.0,0.0,0.0,0.0,0.0,0.0,0.0,0.0,0.0,0.0,0.0,0.0,0.0,0.0,0.0,0.0,0.0,0.0,0.0,0.0,0.0,0.0,0.0,0.0,0.0,0.0,0.0,0.0,0.0,0.0,0.0,0.0
36,0.0,0.0,0.0,0.0,0.0,0.0,0.0,0.0,0.0,0.0,0.0,0.0,0.0,0.0,0.0,0.0,0.0,0.0,0.0,0.0,0.0,0.0,0.0,0.0,0.0,0.0,0.0,0.0,0.0,0.0,0.0,0.0,0.0,0.0,0.0,0.0,0.0,0.0,0.0,0.0,0.0,0.0,0.0,0.0,0.0,0.0,0.0,0.0,0.0,0.0,0.0,0.0,0.0,0.0
37,0.0,0.0,0.0,0.0,0.0,0.0,0.0,0.0,0.0,0.0,0.0,0.0,0.0,0.0,0.0,0.0,0.0,0.0,0.0,0.0,0.0,0.0,0.0,0.0,0.0,0.0,0.0,0.0,0.0,0.0,0.0,0.0,0.0,0.0,0.0,0.0,0.0,0.0,0.0,0.0,0.0,0.0,0.0,0.0,0.0,0.0,0.0,0.0,0.0,0.0,0.0,0.0,0.0,0.0
38,0.0,0.0,0.0,0.0,0.0,0.0,0.0,0.0,0.0,0.0,0.0,0.0,0.0,0.0,0.0,0.0,0.0,0.0,0.0,0.0,0.0,0.0,0.0,0.0,0.0,0.0,0.0,0.0,0.0,0.0,0.0,0.0,0.0,0.0,0.0,0.0,0.0,0.0,0.0,0.0,0.0,0.0,0.0,0.0,0.0,0.0,0.0,0.0,0.0,0.0,0.0,0.0,0.0,0.0
39,0.0,0.0,0.0,0.0,0.0,0.0,0.0,0.0,0.0,0.0,0.0,0.0,0.0,0.0,0.0,0.0,0.0,0.0,0.0,0.0,0.0,0.0,0.0,0.0,0.0,0.0,0.0,0.0,0.0,0.0,0.0,0.0,0.0,0.0,0.0,0.0,0.0,0.0,0.0,0.0,0.0,0.0,0.0,0.0,0.0,0.0,0.0,0.0,0.0,0.0,0.0,0.0,0.0,0.0
40,0.0,0.0,0.0,0.0,0.0,0.0,0.25,0.2,0.2,0.2,0.16666666666666666,0.2,0.2857142857142857,0.4,0.25,0.4,0.2222222222222222,0.4,0.2,0.4,0.2727272727272727,0.6,0.25,0.6,0.23076923076923078,0.6,0.21428571428571427,0.6,0.2,0.6,0.1875,0.6,0.17647058823529413,0.6,0.2222222222222222,0.8,0.21052631578947367,0.8,0.2,0.8,0.19047619047619047,0.8,0.18181818181818182,0.8,0.17391304347826086,0.8,0.16666666666666666,0.8,0.16,0.8,0.15384615384615385,0.8,0.14814814814814814,0.8
41,0.0,0.0,0.0,0.0,0.0,0.0,0.0,0.0,0.0,0.0,0.0,0.0,0.0,0.0,0.0,0.0,0.0,0.0,0.0,0.0,0.0,0.0,0.0,0.0,0.07692307692307693,1.0,0.07142857142857142,1.0,0.06666666666666667,1.0,0.0625,1.0,0.058823529411764705,1.0,0.05555555555555555,1.0,0.05263157894736842,1.0,0.05,1.0,0.047619047619047616,1.0,0.045454545454545456,1.0,0.043478260869565216,1.0,0.041666666666666664,1.0,0.04,1.0,0.038461538461538464,1.0,0.037037037037037035,1.0
42,0.0,0.0,0.0,0.0,0.0,0.0,0.0,0.0,0.0,0.0,0.0,0.0,0.0,0.0,0.0,0.0,0.0,0.0,0.0,0.0,0.0,0.0,0.0,0.0,0.0,0.0,0.0,0.0,0.0,0.0,0.0,0.0,0.0,0.0,0.0,0.0,0.0,0.0,0.0,0.0,0.0,0.0,0.0,0.0,0.0,0.0,0.0,0.0,0.0,0.0,0.0,0.0,0.0,0.0
43,0.0,0.0,0.0,0.0,0.0,0.0,0.0,0.0,0.2,0.5,0.16666666666666666,0.5,0.14285714285714285,0.5,0.125,0.5,0.1111111111111111,0.5,0.1,0.5,0.09090909090909091,0.5,0.08333333333333333,0.5,0.07692307692307693,0.5,0.07142857142857142,0.5,0.06666666666666667,0.5,0.0625,0.5,0.058823529411764705,0.5,0.05555555555555555,0.5,0.05263157894736842,0.5,0.05,0.5,0.047619047619047616,0.5,0.045454545454545456,0.5,0.043478260869565216,0.5,0.041666666666666664,0.5,0.04,0.5,0.038461538461538464,0.5,0.037037037037037035,0.5
44,1.0,0.16666666666666666,0.5,0.16666666666666666,0.6666666666666666,0.3333333333333333,0.5,0.3333333333333333,0.4,0.3333333333333333,0.3333333333333333,0.3333333333333333,0.2857142857142857,0.3333333333333333,0.25,0.3333333333333333,0.2222222222222222,0.3333333333333333,0.2,0.3333333333333333,0.18181818181818182,0.3333333333333333,0.16666666666666666,0.3333333333333333,0.15384615384615385,0.3333333333333333,0.21428571428571427,0.5,0.2,0.5,0.1875,0.5,0.23529411764705882,0.6666666666666666,0.2222222222222222,0.6666666666666666,0.2631578947368421,0.8333333333333334,0.25,0.8333333333333334,0.23809523809523808,0.8333333333333334,0.22727272727272727,0.8333333333333334,0.21739130434782608,0.8333333333333334,0.20833333333333334,0.8333333333333334,0.2,0.8333333333333334,0.19230769230769232,0.8333333333333334,0.18518518518518517,0.8333333333333334
45,1.0,0.06666666666666667,1.0,0.13333333333333333,1.0,0.2,0.75,0.2,0.6,0.2,0.5,0.2,0.5714285714285714,0.26666666666666666,0.5,0.26666666666666666,0.4444444444444444,0.26666666666666666,0.5,0.3333333333333333,0.45454545454545453,0.3333333333333333,0.4166666666666667,0.3333333333333333,0.46153846153846156,0.4,0.5,0.4666666666666667,0.4666666666666667,0.4666666666666667,0.4375,0.4666666666666667,0.47058823529411764,0.5333333333333333,0.5,0.6,0.5263157894736842,0.6666666666666666,0.5,0.6666666666666666,0.47619047619047616,0.6666666666666666,0.45454545454545453,0.6666666666666666,0.43478260869565216,0.6666666666666666,0.4166666666666667,0.6666666666666666,0.4,0.6666666666666666,0.38461538461538464,0.6666666666666666,0.37037037037037035,0.6666666666666666
46,0.0,0.0,0.0,0.0,0.0,0.0,0.0,0.0,0.0,0.0,0.0,0.0,0.0,0.0,0.0,0.0,0.0,0.0,0.0,0.0,0.0,0.0,0.0,0.0,0.0,0.0,0.0,0.0,0.0,0.0,0.0,0.0,0.0,0.0,0.0,0.0,0.0,0.0,0.0,0.0,0.0,0.0,0.0,0.0,0.0,0.0,0.0,0.0,0.0,0.0,0.0,0.0,0.0,0.0
47,0.0,0.0,0.0,0.0,0.0,0.0,0.0,0.0,0.0,0.0,0.0,0.0,0.0,0.0,0.0,0.0,0.0,0.0,0.0,0.0,0.0,0.0,0.0,0.0,0.0,0.0,0.0,0.0,0.0,0.0,0.0,0.0,0.0,0.0,0.0,0.0,0.0,0.0,0.0,0.0,0.0,0.0,0.0,0.0,0.0,0.0,0.0,0.0,0.0,0.0,0.0,0.0,0.0,0.0
48,1.0,0.25,0.5,0.25,0.3333333333333333,0.25,0.5,0.5,0.4,0.5,0.3333333333333333,0.5,0.2857142857142857,0.5,0.25,0.5,0.2222222222222222,0.5,0.2,0.5,0.18181818181818182,0.5,0.16666666666666666,0.5,0.15384615384615385,0.5,0.14285714285714285,0.5,0.13333333333333333,0.5,0.125,0.5,0.11764705882352941,0.5,0.1111111111111111,0.5,0.10526315789473684,0.5,0.1,0.5,0.09523809523809523,0.5,0.09090909090909091,0.5,0.08695652173913043,0.5,0.08333333333333333,0.5,0.08,0.5,0.07692307692307693,0.5,0.07407407407407407,0.5
49,0.0,0.0,0.0,0.0,0.0,0.0,0.0,0.0,0.0,0.0,0.0,0.0,0.0,0.0,0.0,0.0,0.0,0.0,0.0,0.0,0.0,0.0,0.0,0.0,0.0,0.0,0.0,0.0,0.0,0.0,0.0,0.0,0.058823529411764705,0.5,0.05555555555555555,0.5,0.05263157894736842,0.5,0.05,0.5,0.047619047619047616,0.5,0.045454545454545456,0.5,0.043478260869565216,0.5,0.041666666666666664,0.5,0.04,0.5,0.038461538461538464,0.5,0.037037037037037035,0.5
50,0.0,0.0,0.0,0.0,0.0,0.0,0.0,0.0,0.0,0.0,0.0,0.0,0.0,0.0,0.0,0.0,0.0,0.0,0.0,0.0,0.0,0.0,0.0,0.0,0.0,0.0,0.0,0.0,0.0,0.0,0.0,0.0,0.0,0.0,0.0,0.0,0.0,0.0,0.0,0.0,0.0,0.0,0.0,0.0,0.0,0.0,0.0,0.0,0.0,0.0,0.0,0.0,0.0,0.0
51,0.0,0.0,0.0,0.0,0.0,0.0,0.0,0.0,0.0,0.0,0.0,0.0,0.0,0.0,0.0,0.0,0.0,0.0,0.0,0.0,0.0,0.0,0.0,0.0,0.0,0.0,0.0,0.0,0.0,0.0,0.0,0.0,0.0,0.0,0.0,0.0,0.0,0.0,0.0,0.0,0.0,0.0,0.0,0.0,0.0,0.0,0.0,0.0,0.0,0.0,0.0,0.0,0.0,0.0
52,0.0,0.0,0.0,0.0,0.0,0.0,0.0,0.0,0.0,0.0,0.0,0.0,0.0,0.0,0.0,0.0,0.0,0.0,0.0,0.0,0.0,0.0,0.0,0.0,0.0,0.0,0.0,0.0,0.0,0.0,0.0,0.0,0.0,0.0,0.0,0.0,0.0,0.0,0.0,0.0,0.0,0.0,0.0,0.0,0.0,0.0,0.0,0.0,0.0,0.0,0.0,0.0,0.0,0.0
53,0.0,0.0,0.0,0.0,0.0,0.0,0.0,0.0,0.0,0.0,0.0,0.0,0.0,0.0,0.0,0.0,0.0,0.0,0.0,0.0,0.0,0.0,0.0,0.0,0.0,0.0,0.0,0.0,0.0,0.0,0.0,0.0,0.0,0.0,0.0,0.0,0.0,0.0,0.0,0.0,0.0,0.0,0.0,0.0,0.0,0.0,0.0,0.0,0.0,0.0,0.0,0.0,0.0,0.0
54,0.0,0.0,0.0,0.0,0.0,0.0,0.0,0.0,0.0,0.0,0.0,0.0,0.0,0.0,0.0,0.0,0.0,0.0,0.0,0.0,0.0,0.0,0.0,0.0,0.0,0.0,0.0,0.0,0.0,0.0,0.0,0.0,0.0,0.0,0.0,0.0,0.0,0.0,0.0,0.0,0.0,0.0,0.0,0.0,0.0,0.0,0.0,0.0,0.0,0.0,0.0,0.0,0.0,0.0
55,0.0,0.0,0.0,0.0,0.0,0.0,0.0,0.0,0.0,0.0,0.0,0.0,0.0,0.0,0.0,0.0,0.0,0.0,0.0,0.0,0.0,0.0,0.0,0.0,0.0,0.0,0.0,0.0,0.0,0.0,0.0,0.0,0.0,0.0,0.0,0.0,0.05263157894736842,0.5,0.05,0.5,0.047619047619047616,0.5,0.045454545454545456,0.5,0.043478260869565216,0.5,0.041666666666666664,0.5,0.04,0.5,0.038461538461538464,0.5,0.037037037037037035,0.5
56,0.0,0.0,0.0,0.0,0.0,0.0,0.0,0.0,0.0,0.0,0.0,0.0,0.0,0.0,0.0,0.0,0.0,0.0,0.0,0.0,0.0,0.0,0.0,0.0,0.0,0.0,0.0,0.0,0.0,0.0,0.0,0.0,0.0,0.0,0.0,0.0,0.0,0.0,0.0,0.0,0.0,0.0,0.0,0.0,0.0,0.0,0.0,0.0,0.0,0.0,0.0,0.0,0.0,0.0
57,0.0,0.0,0.5,0.5,0.3333333333333333,0.5,0.25,0.5,0.2,0.5,0.16666666666666666,0.5,0.14285714285714285,0.5,0.125,0.5,0.1111111111111111,0.5,0.1,0.5,0.09090909090909091,0.5,0.08333333333333333,0.5,0.07692307692307693,0.5,0.07142857142857142,0.5,0.06666666666666667,0.5,0.0625,0.5,0.058823529411764705,0.5,0.05555555555555555,0.5,0.05263157894736842,0.5,0.05,0.5,0.047619047619047616,0.5,0.045454545454545456,0.5,0.043478260869565216,0.5,0.041666666666666664,0.5,0.04,0.5,0.038461538461538464,0.5,0.037037037037037035,0.5
58,0.0,0.0,0.0,0.0,0.0,0.0,0.0,0.0,0.0,0.0,0.0,0.0,0.0,0.0,0.0,0.0,0.0,0.0,0.0,0.0,0.0,0.0,0.0,0.0,0.0,0.0,0.0,0.0,0.0,0.0,0.0,0.0,0.0,0.0,0.0,0.0,0.0,0.0,0.0,0.0,0.0,0.0,0.0,0.0,0.0,0.0,0.0,0.0,0.0,0.0,0.0,0.0,0.0,0.0
59,0.0,0.0,0.0,0.0,0.0,0.0,0.0,0.0,0.0,0.0,0.0,0.0,0.0,0.0,0.0,0.0,0.0,0.0,0.0,0.0,0.0,0.0,0.0,0.0,0.0,0.0,0.0,0.0,0.0,0.0,0.0,0.0,0.0,0.0,0.0,0.0,0.0,0.0,0.0,0.0,0.0,0.0,0.0,0.0,0.0,0.0,0.0,0.0,0.0,0.0,0.0,0.0,0.0,0.0
60,0.0,0.0,0.0,0.0,0.0,0.0,0.0,0.0,0.0,0.0,0.0,0.0,0.0,0.0,0.0,0.0,0.0,0.0,0.0,0.0,0.0,0.0,0.0,0.0,0.0,0.0,0.0,0.0,0.0,0.0,0.0,0.0,0.0,0.0,0.0,0.0,0.0,0.0,0.0,0.0,0.0,0.0,0.0,0.0,0.0,0.0,0.0,0.0,0.0,0.0,0.0,0.0,0.0,0.0
61,0.0,0.0,0.0,0.0,0.3333333333333333,0.5,0.25,0.5,0.2,0.5,0.16666666666666666,0.5,0.14285714285714285,0.5,0.125,0.5,0.1111111111111111,0.5,0.1,0.5,0.09090909090909091,0.5,0.08333333333333333,0.5,0.07692307692307693,0.5,0.07142857142857142,0.5,0.06666666666666667,0.5,0.125,1.0,0.11764705882352941,1.0,0.1111111111111111,1.0,0.10526315789473684,1.0,0.1,1.0,0.09523809523809523,1.0,0.09090909090909091,1.0,0.08695652173913043,1.0,0.08333333333333333,1.0,0.08,1.0,0.07692307692307693,1.0,0.07407407407407407,1.0
62,0.0,0.0,0.0,0.0,0.0,0.0,0.0,0.0,0.0,0.0,0.0,0.0,0.0,0.0,0.0,0.0,0.0,0.0,0.0,0.0,0.0,0.0,0.0,0.0,0.0,0.0,0.0,0.0,0.0,0.0,0.0,0.0,0.0,0.0,0.0,0.0,0.0,0.0,0.0,0.0,0.0,0.0,0.0,0.0,0.0,0.0,0.0,0.0,0.0,0.0,0.0,0.0,0.0,0.0
63,0.0,0.0,0.0,0.0,0.0,0.0,0.0,0.0,0.0,0.0,0.0,0.0,0.0,0.0,0.0,0.0,0.0,0.0,0.0,0.0,0.0,0.0,0.0,0.0,0.0,0.0,0.0,0.0,0.0,0.0,0.0,0.0,0.0,0.0,0.0,0.0,0.0,0.0,0.0,0.0,0.0,0.0,0.0,0.0,0.0,0.0,0.0,0.0,0.0,0.0,0.0,0.0,0.0,0.0
64,0.0,0.0,0.0,0.0,0.0,0.0,0.0,0.0,0.2,0.5,0.16666666666666666,0.5,0.14285714285714285,0.5,0.125,0.5,0.1111111111111111,0.5,0.1,0.5,0.09090909090909091,0.5,0.08333333333333333,0.5,0.07692307692307693,0.5,0.07142857142857142,0.5,0.06666666666666667,0.5,0.0625,0.5,0.058823529411764705,0.5,0.05555555555555555,0.5,0.10526315789473684,1.0,0.1,1.0,0.09523809523809523,1.0,0.09090909090909091,1.0,0.08695652173913043,1.0,0.08333333333333333,1.0,0.08,1.0,0.07692307692307693,1.0,0.07407407407407407,1.0
65,0.0,0.0,0.0,0.0,0.0,0.0,0.0,0.0,0.0,0.0,0.0,0.0,0.0,0.0,0.0,0.0,0.0,0.0,0.0,0.0,0.0,0.0,0.0,0.0,0.0,0.0,0.0,0.0,0.0,0.0,0.0,0.0,0.0,0.0,0.0,0.0,0.0,0.0,0.0,0.0,0.0,0.0,0.0,0.0,0.0,0.0,0.0,0.0,0.0,0.0,0.0,0.0,0.0,0.0
66,0.0,0.0,0.0,0.0,0.0,0.0,0.0,0.0,0.0,0.0,0.0,0.0,0.0,0.0,0.0,0.0,0.0,0.0,0.0,0.0,0.0,0.0,0.0,0.0,0.0,0.0,0.0,0.0,0.0,0.0,0.0,0.0,0.0,0.0,0.0,0.0,0.0,0.0,0.0,0.0,0.0,0.0,0.0,0.0,0.0,0.0,0.0,0.0,0.0,0.0,0.0,0.0,0.0,0.0
67,0.0,0.0,0.0,0.0,0.3333333333333333,0.25,0.25,0.25,0.2,0.25,0.16666666666666666,0.25,0.14285714285714285,0.25,0.125,0.25,0.1111111111111111,0.25,0.2,0.5,0.18181818181818182,0.5,0.16666666666666666,0.5,0.15384615384615385,0.5,0.14285714285714285,0.5,0.13333333333333333,0.5,0.125,0.5,0.11764705882352941,0.5,0.1111111111111111,0.5,0.10526315789473684,0.5,0.15,0.75,0.14285714285714285,0.75,0.13636363636363635,0.75,0.13043478260869565,0.75,0.125,0.75,0.12,0.75,0.11538461538461539,0.75,0.1111111111111111,0.75
68,0.0,0.0,0.0,0.0,0.0,0.0,0.0,0.0,0.0,0.0,0.0,0.0,0.0,0.0,0.0,0.0,0.0,0.0,0.0,0.0,0.0,0.0,0.0,0.0,0.0,0.0,0.0,0.0,0.0,0.0,0.0,0.0,0.0,0.0,0.0,0.0,0.0,0.0,0.0,0.0,0.0,0.0,0.0,0.0,0.0,0.0,0.0,0.0,0.0,0.0,0.0,0.0,0.0,0.0
69,0.0,0.0,0.0,0.0,0.0,0.0,0.0,0.0,0.0,0.0,0.0,0.0,0.0,0.0,0.0,0.0,0.0,0.0,0.0,0.0,0.0,0.0,0.0,0.0,0.0,0.0,0.0,0.0,0.06666666666666667,0.25,0.0625,0.25,0.058823529411764705,0.25,0.05555555555555555,0.25,0.05263157894736842,0.25,0.05,0.25,0.047619047619047616,0.25,0.045454545454545456,0.25,0.043478260869565216,0.25,0.041666666666666664,0.25,0.04,0.25,0.038461538461538464,0.25,0.037037037037037035,0.25
70,0.0,0.0,0.0,0.0,0.0,0.0,0.0,0.0,0.0,0.0,0.0,0.0,0.0,0.0,0.0,0.0,0.0,0.0,0.0,0.0,0.0,0.0,0.0,0.0,0.0,0.0,0.0,0.0,0.0,0.0,0.0,0.0,0.0,0.0,0.0,0.0,0.0,0.0,0.0,0.0,0.0,0.0,0.0,0.0,0.0,0.0,0.0,0.0,0.0,0.0,0.0,0.0,0.0,0.0
71,0.0,0.0,0.0,0.0,0.0,0.0,0.0,0.0,0.2,0.3333333333333333,0.16666666666666666,0.3333333333333333,0.14285714285714285,0.3333333333333333,0.125,0.3333333333333333,0.1111111111111111,0.3333333333333333,0.1,0.3333333333333333,0.09090909090909091,0.3333333333333333,0.08333333333333333,0.3333333333333333,0.07692307692307693,0.3333333333333333,0.07142857142857142,0.3333333333333333,0.06666666666666667,0.3333333333333333,0.0625,0.3333333333333333,0.11764705882352941,0.6666666666666666,0.1111111111111111,0.6666666666666666,0.10526315789473684,0.6666666666666666,0.1,0.6666666666666666,0.09523809523809523,0.6666666666666666,0.09090909090909091,0.6666666666666666,0.08695652173913043,0.6666666666666666,0.08333333333333333,0.6666666666666666,0.08,0.6666666666666666,0.07692307692307693,0.6666666666666666,0.07407407407407407,0.6666666666666666
72,0.0,0.0,0.0,0.0,0.0,0.0,0.25,0.25,0.2,0.25,0.16666666666666666,0.25,0.14285714285714285,0.25,0.125,0.25,0.1111111111111111,0.25,0.1,0.25,0.18181818181818182,0.5,0.16666666666666666,0.5,0.15384615384615385,0.5,0.14285714285714285,0.5,0.13333333333333333,0.5,0.125,0.5,0.11764705882352941,0.5,0.1111111111111111,0.5,0.10526315789473684,0.5,0.1,0.5,0.09523809523809523,0.5,0.09090909090909091,0.5,0.08695652173913043,0.5,0.08333333333333333,0.5,0.08,0.5,0.07692307692307693,0.5,0.07407407407407407,0.5
73,1.0,0.5,0.5,0.5,0.3333333333333333,0.5,0.25,0.5,0.2,0.5,0.16666666666666666,0.5,0.14285714285714285,0.5,0.125,0.5,0.1111111111111111,0.5,0.1,0.5,0.09090909090909091,0.5,0.08333333333333333,0.5,0.07692307692307693,0.5,0.07142857142857142,0.5,0.06666666666666667,0.5,0.0625,0.5,0.058823529411764705,0.5,0.05555555555555555,0.5,0.05263157894736842,0.5,0.1,1.0,0.09523809523809523,1.0,0.09090909090909091,1.0,0.08695652173913043,1.0,0.08333333333333333,1.0,0.08,1.0,0.07692307692307693,1.0,0.07407407407407407,1.0
74,0.0,0.0,0.0,0.0,0.0,0.0,0.0,0.0,0.0,0.0,0.16666666666666666,0.5,0.14285714285714285,0.5,0.125,0.5,0.1111111111111111,0.5,0.1,0.5,0.09090909090909091,0.5,0.08333333333333333,0.5,0.07692307692307693,0.5,0.07142857142857142,0.5,0.06666666666666667,0.5,0.0625,0.5,0.058823529411764705,0.5,0.05555555555555555,0.5,0.05263157894736842,0.5,0.05,0.5,0.047619047619047616,0.5,0.045454545454545456,0.5,0.043478260869565216,0.5,0.041666666666666664,0.5,0.04,0.5,0.038461538461538464,0.5,0.037037037037037035,0.5
75,0.0,0.0,0.0,0.0,0.0,0.0,0.0,0.0,0.0,0.0,0.0,0.0,0.0,0.0,0.0,0.0,0.0,0.0,0.0,0.0,0.0,0.0,0.0,0.0,0.0,0.0,0.0,0.0,0.0,0.0,0.0,0.0,0.0,0.0,0.0,0.0,0.0,0.0,0.0,0.0,0.0,0.0,0.0,0.0,0.0,0.0,0.0,0.0,0.0,0.0,0.0,0.0,0.0,0.0
76,0.0,0.0,0.0,0.0,0.0,0.0,0.0,0.0,0.0,0.0,0.0,0.0,0.0,0.0,0.0,0.0,0.0,0.0,0.0,0.0,0.0,0.0,0.0,0.0,0.0,0.0,0.0,0.0,0.0,0.0,0.0,0.0,0.0,0.0,0.0,0.0,0.0,0.0,0.0,0.0,0.0,0.0,0.0,0.0,0.0,0.0,0.0,0.0,0.0,0.0,0.0,0.0,0.0,0.0
77,0.0,0.0,0.0,0.0,0.0,0.0,0.0,0.0,0.0,0.0,0.0,0.0,0.0,0.0,0.0,0.0,0.0,0.0,0.0,0.0,0.0,0.0,0.0,0.0,0.07692307692307693,1.0,0.07142857142857142,1.0,0.06666666666666667,1.0,0.0625,1.0,0.058823529411764705,1.0,0.05555555555555555,1.0,0.05263157894736842,1.0,0.05,1.0,0.047619047619047616,1.0,0.045454545454545456,1.0,0.043478260869565216,1.0,0.041666666666666664,1.0,0.04,1.0,0.038461538461538464,1.0,0.037037037037037035,1.0
78,0.0,0.0,0.5,0.3333333333333333,0.3333333333333333,0.3333333333333333,0.25,0.3333333333333333,0.4,0.6666666666666666,0.3333333333333333,0.6666666666666666,0.2857142857142857,0.6666666666666666,0.25,0.6666666666666666,0.2222222222222222,0.6666666666666666,0.2,0.6666666666666666,0.18181818181818182,0.6666666666666666,0.16666666666666666,0.6666666666666666,0.15384615384615385,0.6666666666666666,0.14285714285714285,0.6666666666666666,0.13333333333333333,0.6666666666666666,0.125,0.6666666666666666,0.11764705882352941,0.6666666666666666,0.1111111111111111,0.6666666666666666,0.10526315789473684,0.6666666666666666,0.1,0.6666666666666666,0.09523809523809523,0.6666666666666666,0.09090909090909091,0.6666666666666666,0.08695652173913043,0.6666666666666666,0.08333333333333333,0.6666666666666666,0.08,0.6666666666666666,0.07692307692307693,0.6666666666666666,0.07407407407407407,0.6666666666666666
79,0.0,0.0,0.0,0.0,0.0,0.0,0.0,0.0,0.2,0.5,0.16666666666666666,0.5,0.14285714285714285,0.5,0.125,0.5,0.1111111111111111,0.5,0.1,0.5,0.09090909090909091,0.5,0.08333333333333333,0.5,0.07692307692307693,0.5,0.07142857142857142,0.5,0.06666666666666667,0.5,0.0625,0.5,0.058823529411764705,0.5,0.05555555555555555,0.5,0.05263157894736842,0.5,0.05,0.5,0.047619047619047616,0.5,0.045454545454545456,0.5,0.043478260869565216,0.5,0.041666666666666664,0.5,0.04,0.5,0.038461538461538464,0.5,0.037037037037037035,0.5
80,0.0,0.0,0.0,0.0,0.0,0.0,0.0,0.0,0.0,0.0,0.0,0.0,0.0,0.0,0.0,0.0,0.1111111111111111,0.5,0.1,0.5,0.09090909090909091,0.5,0.08333333333333333,0.5,0.07692307692307693,0.5,0.07142857142857142,0.5,0.06666666666666667,0.5,0.0625,0.5,0.058823529411764705,0.5,0.05555555555555555,0.5,0.05263157894736842,0.5,0.05,0.5,0.047619047619047616,0.5,0.045454545454545456,0.5,0.043478260869565216,0.5,0.041666666666666664,0.5,0.04,0.5,0.038461538461538464,0.5,0.037037037037037035,0.5
81,1.0,0.25,0.5,0.25,0.3333333333333333,0.25,0.25,0.25,0.2,0.25,0.16666666666666666,0.25,0.14285714285714285,0.25,0.125,0.25,0.1111111111111111,0.25,0.2,0.5,0.18181818181818182,0.5,0.16666666666666666,0.5,0.15384615384615385,0.5,0.14285714285714285,0.5,0.13333333333333333,0.5,0.125,0.5,0.11764705882352941,0.5,0.16666666666666666,0.75,0.15789473684210525,0.75,0.15,0.75,0.14285714285714285,0.75,0.13636363636363635,0.75,0.13043478260869565,0.75,0.125,0.75,0.12,0.75,0.11538461538461539,0.75,0.1111111111111111,0.75
82,0.0,0.0,0.0,0.0,0.0,0.0,0.0,0.0,0.0,0.0,0.0,0.0,0.0,0.0,0.0,0.0,0.0,0.0,0.0,0.0,0.09090909090909091,0.5,0.08333333333333333,0.5,0.07692307692307693,0.5,0.07142857142857142,0.5,0.06666666666666667,0.5,0.0625,0.5,0.058823529411764705,0.5,0.05555555555555555,0.5,0.05263157894736842,0.5,0.05,0.5,0.047619047619047616,0.5,0.045454545454545456,0.5,0.043478260869565216,0.5,0.041666666666666664,0.5,0.04,0.5,0.038461538461538464,0.5,0.037037037037037035,0.5
83,0.0,0.0,0.0,0.0,0.0,0.0,0.0,0.0,0.0,0.0,0.0,0.0,0.0,0.0,0.0,0.0,0.0,0.0,0.0,0.0,0.0,0.0,0.0,0.0,0.0,0.0,0.0,0.0,0.0,0.0,0.0,0.0,0.0,0.0,0.0,0.0,0.0,0.0,0.0,0.0,0.0,0.0,0.0,0.0,0.0,0.0,0.0,0.0,0.0,0.0,0.0,0.0,0.0,0.0
84,0.0,0.0,0.0,0.0,0.0,0.0,0.0,0.0,0.0,0.0,0.0,0.0,0.0,0.0,0.0,0.0,0.0,0.0,0.0,0.0,0.0,0.0,0.0,0.0,0.0,0.0,0.0,0.0,0.0,0.0,0.0,0.0,0.0,0.0,0.0,0.0,0.0,0.0,0.0,0.0,0.0,0.0,0.0,0.0,0.0,0.0,0.0,0.0,0.0,0.0,0.0,0.0,0.0,0.0
85,0.0,0.0,0.0,0.0,0.0,0.0,0.0,0.0,0.0,0.0,0.0,0.0,0.0,0.0,0.0,0.0,0.0,0.0,0.0,0.0,0.0,0.0,0.0,0.0,0.0,0.0,0.0,0.0,0.0,0.0,0.0,0.0,0.0,0.0,0.0,0.0,0.0,0.0,0.0,0.0,0.0,0.0,0.0,0.0,0.0,0.0,0.0,0.0,0.0,0.0,0.0,0.0,0.0,0.0
86,0.0,0.0,0.0,0.0,0.0,0.0,0.0,0.0,0.2,0.3333333333333333,0.16666666666666666,0.3333333333333333,0.14285714285714285,0.3333333333333333,0.125,0.3333333333333333,0.1111111111111111,0.3333333333333333,0.1,0.3333333333333333,0.09090909090909091,0.3333333333333333,0.16666666666666666,0.6666666666666666,0.15384615384615385,0.6666666666666666,0.14285714285714285,0.6666666666666666,0.13333333333333333,0.6666666666666666,0.125,0.6666666666666666,0.11764705882352941,0.6666666666666666,0.1111111111111111,0.6666666666666666,0.10526315789473684,0.6666666666666666,0.1,0.6666666666666666,0.09523809523809523,0.6666666666666666,0.09090909090909091,0.6666666666666666,0.08695652173913043,0.6666666666666666,0.08333333333333333,0.6666666666666666,0.08,0.6666666666666666,0.07692307692307693,0.6666666666666666,0.07407407407407407,0.6666666666666666
87,0.0,0.0,0.0,0.0,0.0,0.0,0.25,0.14285714285714285,0.2,0.14285714285714285,0.3333333333333333,0.2857142857142857,0.2857142857142857,0.2857142857142857,0.25,0.2857142857142857,0.2222222222222222,0.2857142857142857,0.2,0.2857142857142857,0.18181818181818182,0.2857142857142857,0.16666666666666666,0.2857142857142857,0.15384615384615385,0.2857142857142857,0.14285714285714285,0.2857142857142857,0.13333333333333333,0.2857142857142857,0.125,0.2857142857142857,0.11764705882352941,0.2857142857142857,0.1111111111111111,0.2857142857142857,0.10526315789473684,0.2857142857142857,0.15,0.42857142857142855,0.14285714285714285,0.42857142857142855,0.13636363636363635,0.42857142857142855,0.13043478260869565,0.42857142857142855,0.125,0.42857142857142855,0.12,0.42857142857142855,0.11538461538461539,0.42857142857142855,0.1111111111111111,0.42857142857142855
88,0.0,0.0,0.0,0.0,0.0,0.0,0.25,0.14285714285714285,0.2,0.14285714285714285,0.16666666666666666,0.14285714285714285,0.14285714285714285,0.14285714285714285,0.125,0.14285714285714285,0.2222222222222222,0.2857142857142857,0.3,0.42857142857142855,0.36363636363636365,0.5714285714285714,0.4166666666666667,0.7142857142857143,0.38461538461538464,0.7142857142857143,0.35714285714285715,0.7142857142857143,0.3333333333333333,0.7142857142857143,0.3125,0.7142857142857143,0.29411764705882354,0.7142857142857143,0.2777777777777778,0.7142857142857143,0.2631578947368421,0.7142857142857143,0.25,0.7142857142857143,0.23809523809523808,0.7142857142857143,0.22727272727272727,0.7142857142857143,0.21739130434782608,0.7142857142857143,0.20833333333333334,0.7142857142857143,0.2,0.7142857142857143,0.19230769230769232,0.7142857142857143,0.18518518518518517,0.7142857142857143
89,0.0,0.0,0.0,0.0,0.0,0.0,0.0,0.0,0.0,0.0,0.0,0.0,0.0,0.0,0.0,0.0,0.0,0.0,0.0,0.0,0.0,0.0,0.0,0.0,0.0,0.0,0.07142857142857142,0.5,0.06666666666666667,0.5,0.0625,0.5,0.11764705882352941,1.0,0.1111111111111111,1.0,0.10526315789473684,1.0,0.1,1.0,0.09523809523809523,1.0,0.09090909090909091,1.0,0.08695652173913043,1.0,0.08333333333333333,1.0,0.08,1.0,0.07692307692307693,1.0,0.07407407407407407,1.0
90,0.0,0.0,0.0,0.0,0.0,0.0,0.0,0.0,0.0,0.0,0.0,0.0,0.0,0.0,0.0,0.0,0.0,0.0,0.0,0.0,0.0,0.0,0.0,0.0,0.0,0.0,0.0,0.0,0.0,0.0,0.0,0.0,0.0,0.0,0.0,0.0,0.0,0.0,0.0,0.0,0.0,0.0,0.0,0.0,0.0,0.0,0.0,0.0,0.0,0.0,0.0,0.0,0.0,0.0
91,0.0,0.0,0.0,0.0,0.0,0.0,0.0,0.0,0.0,0.0,0.0,0.0,0.0,0.0,0.0,0.0,0.0,0.0,0.0,0.0,0.0,0.0,0.0,0.0,0.0,0.0,0.0,0.0,0.0,0.0,0.0,0.0,0.0,0.0,0.0,0.0,0.0,0.0,0.0,0.0,0.0,0.0,0.0,0.0,0.0,0.0,0.0,0.0,0.0,0.0,0.0,0.0,0.0,0.0
92,1.0,0.125,0.5,0.125,0.3333333333333333,0.125,0.25,0.125,0.2,0.125,0.16666666666666666,0.125,0.14285714285714285,0.125,0.125,0.125,0.1111111111111111,0.125,0.1,0.125,0.09090909090909091,0.125,0.08333333333333333,0.125,0.15384615384615385,0.25,0.14285714285714285,0.25,0.13333333333333333,0.25,0.125,0.25,0.17647058823529413,0.375,0.16666666666666666,0.375,0.15789473684210525,0.375,0.2,0.5,0.19047619047619047,0.5,0.18181818181818182,0.5,0.17391304347826086,0.5,0.16666666666666666,0.5,0.16,0.5,0.15384615384615385,0.5,0.14814814814814814,0.5
93,0.0,0.0,0.0,0.0,0.3333333333333333,0.5,0.25,0.5,0.2,0.5,0.16666666666666666,0.5,0.14285714285714285,0.5,0.125,0.5,0.1111111111111111,0.5,0.1,0.5,0.09090909090909091,0.5,0.08333333333333333,0.5,0.07692307692307693,0.5,0.07142857142857142,0.5,0.06666666666666667,0.5,0.0625,0.5,0.058823529411764705,0.5,0.05555555555555555,0.5,0.05263157894736842,0.5,0.05,0.5,0.047619047619047616,0.5,0.045454545454545456,0.5,0.043478260869565216,0.5,0.041666666666666664,0.5,0.04,0.5,0.038461538461538464,0.5,0.037037037037037035,0.5
94,0.0,0.0,0.0,0.0,0.0,0.0,0.0,0.0,0.0,0.0,0.0,0.0,0.0,0.0,0.0,0.0,0.0,0.0,0.0,0.0,0.0,0.0,0.0,0.0,0.0,0.0,0.0,0.0,0.0,0.0,0.0625,1.0,0.058823529411764705,1.0,0.05555555555555555,1.0,0.05263157894736842,1.0,0.05,1.0,0.047619047619047616,1.0,0.045454545454545456,1.0,0.043478260869565216,1.0,0.041666666666666664,1.0,0.04,1.0,0.038461538461538464,1.0,0.037037037037037035,1.0
95,0.0,0.0,0.0,0.0,0.0,0.0,0.0,0.0,0.0,0.0,0.0,0.0,0.0,0.0,0.0,0.0,0.0,0.0,0.0,0.0,0.0,0.0,0.0,0.0,0.0,0.0,0.0,0.0,0.0,0.0,0.0,0.0,0.0,0.0,0.0,0.0,0.0,0.0,0.0,0.0,0.0,0.0,0.0,0.0,0.0,0.0,0.0,0.0,0.0,0.0,0.0,0.0,0.0,0.0
96,0.0,0.0,0.0,0.0,0.0,0.0,0.0,0.0,0.0,0.0,0.0,0.0,0.0,0.0,0.0,0.0,0.0,0.0,0.0,0.0,0.0,0.0,0.0,0.0,0.0,0.0,0.0,0.0,0.06666666666666667,0.5,0.0625,0.5,0.058823529411764705,0.5,0.05555555555555555,0.5,0.05263157894736842,0.5,0.05,0.5,0.047619047619047616,0.5,0.045454545454545456,0.5,0.043478260869565216,0.5,0.041666666666666664,0.5,0.04,0.5,0.038461538461538464,0.5,0.037037037037037035,0.5
97,0.0,0.0,0.0,0.0,0.0,0.0,0.25,0.5,0.2,0.5,0.16666666666666666,0.5,0.14285714285714285,0.5,0.125,0.5,0.1111111111111111,0.5,0.1,0.5,0.09090909090909091,0.5,0.08333333333333333,0.5,0.15384615384615385,1.0,0.14285714285714285,1.0,0.13333333333333333,1.0,0.125,1.0,0.11764705882352941,1.0,0.1111111111111111,1.0,0.10526315789473684,1.0,0.1,1.0,0.09523809523809523,1.0,0.09090909090909091,1.0,0.08695652173913043,1.0,0.08333333333333333,1.0,0.08,1.0,0.07692307692307693,1.0,0.07407407407407407,1.0
98,0.0,0.0,0.0,0.0,0.0,0.0,0.0,0.0,0.2,0.5,0.16666666666666666,0.5,0.14285714285714285,0.5,0.125,0.5,0.1111111111111111,0.5,0.1,0.5,0.09090909090909091,0.5,0.08333333333333333,0.5,0.07692307692307693,0.5,0.07142857142857142,0.5,0.06666666666666667,0.5,0.0625,0.5,0.058823529411764705,0.5,0.05555555555555555,0.5,0.05263157894736842,0.5,0.05,0.5,0.047619047619047616,0.5,0.045454545454545456,0.5,0.043478260869565216,0.5,0.041666666666666664,0.5,0.04,0.5,0.038461538461538464,0.5,0.037037037037037035,0.5
99,0.0,0.0,0.0,0.0,0.0,0.0,0.0,0.0,0.0,0.0,0.0,0.0,0.0,0.0,0.0,0.0,0.0,0.0,0.0,0.0,0.0,0.0,0.08333333333333333,1.0,0.07692307692307693,1.0,0.07142857142857142,1.0,0.06666666666666667,1.0,0.0625,1.0,0.058823529411764705,1.0,0.05555555555555555,1.0,0.05263157894736842,1.0,0.05,1.0,0.047619047619047616,1.0,0.045454545454545456,1.0,0.043478260869565216,1.0,0.041666666666666664,1.0,0.04,1.0,0.038461538461538464,1.0,0.037037037037037035,1.0
100,0.0,0.0,0.0,0.0,0.0,0.0,0.0,0.0,0.0,0.0,0.0,0.0,0.0,0.0,0.0,0.0,0.0,0.0,0.0,0.0,0.0,0.0,0.0,0.0,0.0,0.0,0.0,0.0,0.0,0.0,0.0,0.0,0.0,0.0,0.0,0.0,0.0,0.0,0.05,0.5,0.047619047619047616,0.5,0.045454545454545456,0.5,0.043478260869565216,0.5,0.041666666666666664,0.5,0.04,0.5,0.038461538461538464,0.5,0.037037037037037035,0.5
101,1.0,0.125,0.5,0.125,0.3333333333333333,0.125,0.5,0.25,0.4,0.25,0.5,0.375,0.42857142857142855,0.375,0.375,0.375,0.3333333333333333,0.375,0.3,0.375,0.2727272727272727,0.375,0.25,0.375,0.23076923076923078,0.375,0.21428571428571427,0.375,0.2,0.375,0.1875,0.375,0.17647058823529413,0.375,0.2222222222222222,0.5,0.21052631578947367,0.5,0.2,0.5,0.19047619047619047,0.5,0.18181818181818182,0.5,0.17391304347826086,0.5,0.16666666666666666,0.5,0.16,0.5,0.15384615384615385,0.5,0.14814814814814814,0.5
102,0.0,0.0,0.0,0.0,0.0,0.0,0.0,0.0,0.0,0.0,0.0,0.0,0.0,0.0,0.125,0.3333333333333333,0.1111111111111111,0.3333333333333333,0.1,0.3333333333333333,0.09090909090909091,0.3333333333333333,0.08333333333333333,0.3333333333333333,0.07692307692307693,0.3333333333333333,0.07142857142857142,0.3333333333333333,0.06666666666666667,0.3333333333333333,0.0625,0.3333333333333333,0.058823529411764705,0.3333333333333333,0.05555555555555555,0.3333333333333333,0.05263157894736842,0.3333333333333333,0.05,0.3333333333333333,0.047619047619047616,0.3333333333333333,0.045454545454545456,0.3333333333333333,0.043478260869565216,0.3333333333333333,0.041666666666666664,0.3333333333333333,0.04,0.3333333333333333,0.038461538461538464,0.3333333333333333,0.037037037037037035,0.3333333333333333
103,0.0,0.0,0.0,0.0,0.0,0.0,0.0,0.0,0.0,0.0,0.0,0.0,0.0,0.0,0.0,0.0,0.0,0.0,0.0,0.0,0.09090909090909091,0.2,0.08333333333333333,0.2,0.15384615384615385,0.4,0.14285714285714285,0.4,0.13333333333333333,0.4,0.1875,0.6,0.17647058823529413,0.6,0.16666666666666666,0.6,0.15789473684210525,0.6,0.15,0.6,0.14285714285714285,0.6,0.13636363636363635,0.6,0.13043478260869565,0.6,0.125,0.6,0.12,0.6,0.11538461538461539,0.6,0.1111111111111111,0.6
104,0.0,0.0,0.0,0.0,0.0,0.0,0.0,0.0,0.0,0.0,0.0,0.0,0.0,0.0,0.0,0.0,0.0,0.0,0.0,0.0,0.0,0.0,0.0,0.0,0.0,0.0,0.0,0.0,0.0,0.0,0.0,0.0,0.058823529411764705,0.5,0.05555555555555555,0.5,0.05263157894736842,0.5,0.05,0.5,0.047619047619047616,0.5,0.045454545454545456,0.5,0.043478260869565216,0.5,0.041666666666666664,0.5,0.04,0.5,0.038461538461538464,0.5,0.037037037037037035,0.5
105,0.0,0.0,0.0,0.0,0.3333333333333333,0.5,0.25,0.5,0.2,0.5,0.16666666666666666,0.5,0.14285714285714285,0.5,0.125,0.5,0.1111111111111111,0.5,0.1,0.5,0.09090909090909091,0.5,0.08333333333333333,0.5,0.07692307692307693,0.5,0.07142857142857142,0.5,0.06666666666666667,0.5,0.0625,0.5,0.058823529411764705,0.5,0.05555555555555555,0.5,0.05263157894736842,0.5,0.05,0.5,0.047619047619047616,0.5,0.045454545454545456,0.5,0.043478260869565216,0.5,0.041666666666666664,0.5,0.04,0.5,0.038461538461538464,0.5,0.037037037037037035,0.5
106,0.0,0.0,0.0,0.0,0.0,0.0,0.0,0.0,0.0,0.0,0.0,0.0,0.0,0.0,0.0,0.0,0.0,0.0,0.0,0.0,0.0,0.0,0.0,0.0,0.0,0.0,0.0,0.0,0.0,0.0,0.0625,0.5,0.058823529411764705,0.5,0.05555555555555555,0.5,0.05263157894736842,0.5,0.05,0.5,0.047619047619047616,0.5,0.045454545454545456,0.5,0.043478260869565216,0.5,0.041666666666666664,0.5,0.04,0.5,0.038461538461538464,0.5,0.037037037037037035,0.5
107,0.0,0.0,0.0,0.0,0.0,0.0,0.0,0.0,0.0,0.0,0.0,0.0,0.0,0.0,0.0,0.0,0.0,0.0,0.0,0.0,0.0,0.0,0.0,0.0,0.0,0.0,0.0,0.0,0.0,0.0,0.0,0.0,0.0,0.0,0.0,0.0,0.0,0.0,0.0,0.0,0.0,0.0,0.0,0.0,0.0,0.0,0.0,0.0,0.0,0.0,0.0,0.0,0.0,0.0
108,0.0,0.0,0.0,0.0,0.0,0.0,0.0,0.0,0.0,0.0,0.0,0.0,0.0,0.0,0.0,0.0,0.0,0.0,0.0,0.0,0.0,0.0,0.0,0.0,0.0,0.0,0.0,0.0,0.0,0.0,0.0,0.0,0.0,0.0,0.0,0.0,0.0,0.0,0.0,0.0,0.0,0.0,0.0,0.0,0.0,0.0,0.0,0.0,0.0,0.0,0.0,0.0,0.0,0.0
109,0.0,0.0,0.0,0.0,0.0,0.0,0.0,0.0,0.0,0.0,0.0,0.0,0.0,0.0,0.0,0.0,0.0,0.0,0.0,0.0,0.0,0.0,0.0,0.0,0.0,0.0,0.07142857142857142,1.0,0.06666666666666667,1.0,0.0625,1.0,0.058823529411764705,1.0,0.05555555555555555,1.0,0.05263157894736842,1.0,0.05,1.0,0.047619047619047616,1.0,0.045454545454545456,1.0,0.043478260869565216,1.0,0.041666666666666664,1.0,0.04,1.0,0.038461538461538464,1.0,0.037037037037037035,1.0
110,0.0,0.0,0.0,0.0,0.0,0.0,0.0,0.0,0.0,0.0,0.0,0.0,0.0,0.0,0.0,0.0,0.0,0.0,0.0,0.0,0.0,0.0,0.0,0.0,0.0,0.0,0.0,0.0,0.0,0.0,0.0,0.0,0.0,0.0,0.0,0.0,0.0,0.0,0.0,0.0,0.0,0.0,0.0,0.0,0.0,0.0,0.0,0.0,0.0,0.0,0.0,0.0,0.0,0.0
111,0.0,0.0,0.0,0.0,0.0,0.0,0.0,0.0,0.0,0.0,0.0,0.0,0.0,0.0,0.0,0.0,0.0,0.0,0.0,0.0,0.0,0.0,0.0,0.0,0.0,0.0,0.0,0.0,0.0,0.0,0.0,0.0,0.0,0.0,0.0,0.0,0.0,0.0,0.0,0.0,0.0,0.0,0.0,0.0,0.0,0.0,0.0,0.0,0.0,0.0,0.0,0.0,0.0,0.0
112,0.0,0.0,0.0,0.0,0.0,0.0,0.0,0.0,0.0,0.0,0.0,0.0,0.0,0.0,0.0,0.0,0.0,0.0,0.0,0.0,0.0,0.0,0.0,0.0,0.0,0.0,0.0,0.0,0.0,0.0,0.0,0.0,0.0,0.0,0.0,0.0,0.0,0.0,0.0,0.0,0.0,0.0,0.0,0.0,0.0,0.0,0.0,0.0,0.0,0.0,0.0,0.0,0.0,0.0
113,0.0,0.0,0.0,0.0,0.0,0.0,0.0,0.0,0.0,0.0,0.0,0.0,0.0,0.0,0.0,0.0,0.0,0.0,0.0,0.0,0.0,0.0,0.0,0.0,0.0,0.0,0.0,0.0,0.0,0.0,0.0,0.0,0.0,0.0,0.05555555555555555,0.5,0.05263157894736842,0.5,0.05,0.5,0.047619047619047616,0.5,0.045454545454545456,0.5,0.043478260869565216,0.5,0.041666666666666664,0.5,0.04,0.5,0.038461538461538464,0.5,0.037037037037037035,0.5
114,0.0,0.0,0.0,0.0,0.0,0.0,0.0,0.0,0.0,0.0,0.0,0.0,0.0,0.0,0.0,0.0,0.0,0.0,0.0,0.0,0.0,0.0,0.0,0.0,0.0,0.0,0.0,0.0,0.0,0.0,0.0,0.0,0.0,0.0,0.05555555555555555,0.3333333333333333,0.05263157894736842,0.3333333333333333,0.05,0.3333333333333333,0.047619047619047616,0.3333333333333333,0.045454545454545456,0.3333333333333333,0.043478260869565216,0.3333333333333333,0.041666666666666664,0.3333333333333333,0.04,0.3333333333333333,0.038461538461538464,0.3333333333333333,0.037037037037037035,0.3333333333333333
115,0.0,0.0,0.0,0.0,0.3333333333333333,0.3333333333333333,0.25,0.3333333333333333,0.2,0.3333333333333333,0.3333333333333333,0.6666666666666666,0.2857142857142857,0.6666666666666666,0.25,0.6666666666666666,0.2222222222222222,0.6666666666666666,0.2,0.6666666666666666,0.18181818181818182,0.6666666666666666,0.16666666666666666,0.6666666666666666,0.15384615384615385,0.6666666666666666,0.14285714285714285,0.6666666666666666,0.13333333333333333,0.6666666666666666,0.125,0.6666666666666666,0.11764705882352941,0.6666666666666666,0.1111111111111111,0.6666666666666666,0.10526315789473684,0.6666666666666666,0.1,0.6666666666666666,0.09523809523809523,0.6666666666666666,0.09090909090909091,0.6666666666666666,0.08695652173913043,0.6666666666666666,0.08333333333333333,0.6666666666666666,0.08,0.6666666666666666,0.07692307692307693,0.6666666666666666,0.07407407407407407,0.6666666666666666
116,0.0,0.0,0.0,0.0,0.0,0.0,0.0,0.0,0.0,0.0,0.0,0.0,0.0,0.0,0.0,0.0,0.0,0.0,0.0,0.0,0.0,0.0,0.0,0.0,0.0,0.0,0.0,0.0,0.0,0.0,0.0,0.0,0.0,0.0,0.0,0.0,0.0,0.0,0.0,0.0,0.0,0.0,0.0,0.0,0.0,0.0,0.0,0.0,0.0,0.0,0.0,0.0,0.0,0.0
117,0.0,0.0,0.0,0.0,0.0,0.0,0.0,0.0,0.0,0.0,0.0,0.0,0.0,0.0,0.0,0.0,0.0,0.0,0.0,0.0,0.0,0.0,0.0,0.0,0.0,0.0,0.0,0.0,0.0,0.0,0.0,0.0,0.0,0.0,0.0,0.0,0.0,0.0,0.0,0.0,0.0,0.0,0.0,0.0,0.0,0.0,0.0,0.0,0.0,0.0,0.0,0.0,0.0,0.0
118,0.0,0.0,0.0,0.0,0.0,0.0,0.0,0.0,0.0,0.0,0.0,0.0,0.0,0.0,0.0,0.0,0.0,0.0,0.0,0.0,0.0,0.0,0.0,0.0,0.0,0.0,0.0,0.0,0.0,0.0,0.0,0.0,0.0,0.0,0.0,0.0,0.0,0.0,0.0,0.0,0.0,0.0,0.0,0.0,0.0,0.0,0.0,0.0,0.0,0.0,0.0,0.0,0.0,0.0
119,0.0,0.0,0.0,0.0,0.0,0.0,0.0,0.0,0.0,0.0,0.0,0.0,0.0,0.0,0.0,0.0,0.0,0.0,0.0,0.0,0.0,0.0,0.0,0.0,0.0,0.0,0.0,0.0,0.0,0.0,0.0,0.0,0.0,0.0,0.0,0.0,0.0,0.0,0.0,0.0,0.0,0.0,0.0,0.0,0.0,0.0,0.0,0.0,0.0,0.0,0.0,0.0,0.0,0.0
120,0.0,0.0,0.0,0.0,0.0,0.0,0.0,0.0,0.0,0.0,0.0,0.0,0.0,0.0,0.0,0.0,0.0,0.0,0.0,0.0,0.0,0.0,0.0,0.0,0.0,0.0,0.0,0.0,0.0,0.0,0.0,0.0,0.0,0.0,0.0,0.0,0.0,0.0,0.0,0.0,0.0,0.0,0.0,0.0,0.0,0.0,0.0,0.0,0.0,0.0,0.0,0.0,0.0,0.0
121,0.0,0.0,0.0,0.0,0.0,0.0,0.0,0.0,0.0,0.0,0.0,0.0,0.0,0.0,0.0,0.0,0.1111111111111111,0.5,0.1,0.5,0.09090909090909091,0.5,0.08333333333333333,0.5,0.07692307692307693,0.5,0.07142857142857142,0.5,0.06666666666666667,0.5,0.0625,0.5,0.058823529411764705,0.5,0.05555555555555555,0.5,0.05263157894736842,0.5,0.05,0.5,0.047619047619047616,0.5,0.045454545454545456,0.5,0.043478260869565216,0.5,0.041666666666666664,0.5,0.04,0.5,0.038461538461538464,0.5,0.037037037037037035,0.5
122,0.0,0.0,0.0,0.0,0.0,0.0,0.0,0.0,0.0,0.0,0.0,0.0,0.0,0.0,0.0,0.0,0.0,0.0,0.0,0.0,0.0,0.0,0.0,0.0,0.0,0.0,0.07142857142857142,0.3333333333333333,0.06666666666666667,0.3333333333333333,0.0625,0.3333333333333333,0.058823529411764705,0.3333333333333333,0.05555555555555555,0.3333333333333333,0.10526315789473684,0.6666666666666666,0.1,0.6666666666666666,0.09523809523809523,0.6666666666666666,0.09090909090909091,0.6666666666666666,0.08695652173913043,0.6666666666666666,0.08333333333333333,0.6666666666666666,0.08,0.6666666666666666,0.07692307692307693,0.6666666666666666,0.07407407407407407,0.6666666666666666
123,0.0,0.0,0.0,0.0,0.0,0.0,0.0,0.0,0.0,0.0,0.0,0.0,0.0,0.0,0.0,0.0,0.0,0.0,0.0,0.0,0.0,0.0,0.0,0.0,0.07692307692307693,0.3333333333333333,0.14285714285714285,0.6666666666666666,0.13333333333333333,0.6666666666666666,0.125,0.6666666666666666,0.11764705882352941,0.6666666666666666,0.1111111111111111,0.6666666666666666,0.10526315789473684,0.6666666666666666,0.1,0.6666666666666666,0.09523809523809523,0.6666666666666666,0.09090909090909091,0.6666666666666666,0.08695652173913043,0.6666666666666666,0.08333333333333333,0.6666666666666666,0.08,0.6666666666666666,0.07692307692307693,0.6666666666666666,0.07407407407407407,0.6666666666666666
124,0.0,0.0,0.0,0.0,0.0,0.0,0.0,0.0,0.0,0.0,0.0,0.0,0.14285714285714285,0.25,0.125,0.25,0.1111111111111111,0.25,0.1,0.25,0.09090909090909091,0.25,0.08333333333333333,0.25,0.07692307692307693,0.25,0.07142857142857142,0.25,0.06666666666666667,0.25,0.0625,0.25,0.058823529411764705,0.25,0.05555555555555555,0.25,0.05263157894736842,0.25,0.05,0.25,0.047619047619047616,0.25,0.045454545454545456,0.25,0.043478260869565216,0.25,0.041666666666666664,0.25,0.04,0.25,0.038461538461538464,0.25,0.037037037037037035,0.25
125,0.0,0.0,0.5,0.5,0.3333333333333333,0.5,0.25,0.5,0.2,0.5,0.16666666666666666,0.5,0.14285714285714285,0.5,0.125,0.5,0.1111111111111111,0.5,0.1,0.5,0.09090909090909091,0.5,0.08333333333333333,0.5,0.07692307692307693,0.5,0.07142857142857142,0.5,0.06666666666666667,0.5,0.0625,0.5,0.058823529411764705,0.5,0.05555555555555555,0.5,0.05263157894736842,0.5,0.05,0.5,0.047619047619047616,0.5,0.045454545454545456,0.5,0.043478260869565216,0.5,0.041666666666666664,0.5,0.04,0.5,0.038461538461538464,0.5,0.037037037037037035,0.5
126,0.0,0.0,0.0,0.0,0.0,0.0,0.0,0.0,0.0,0.0,0.0,0.0,0.0,0.0,0.0,0.0,0.0,0.0,0.0,0.0,0.0,0.0,0.0,0.0,0.0,0.0,0.0,0.0,0.0,0.0,0.0,0.0,0.0,0.0,0.0,0.0,0.0,0.0,0.0,0.0,0.0,0.0,0.0,0.0,0.0,0.0,0.0,0.0,0.0,0.0,0.0,0.0,0.0,0.0
127,0.0,0.0,0.0,0.0,0.0,0.0,0.0,0.0,0.0,0.0,0.0,0.0,0.0,0.0,0.0,0.0,0.0,0.0,0.1,0.25,0.18181818181818182,0.5,0.16666666666666666,0.5,0.15384615384615385,0.5,0.14285714285714285,0.5,0.13333333333333333,0.5,0.125,0.5,0.11764705882352941,0.5,0.16666666666666666,0.75,0.15789473684210525,0.75,0.15,0.75,0.14285714285714285,0.75,0.13636363636363635,0.75,0.13043478260869565,0.75,0.125,0.75,0.12,0.75,0.11538461538461539,0.75,0.1111111111111111,0.75
128,0.0,0.0,0.0,0.0,0.0,0.0,0.0,0.0,0.0,0.0,0.0,0.0,0.0,0.0,0.0,0.0,0.0,0.0,0.0,0.0,0.0,0.0,0.0,0.0,0.0,0.0,0.0,0.0,0.0,0.0,0.0,0.0,0.0,0.0,0.0,0.0,0.0,0.0,0.0,0.0,0.0,0.0,0.0,0.0,0.0,0.0,0.0,0.0,0.0,0.0,0.0,0.0,0.0,0.0
129,0.0,0.0,0.0,0.0,0.0,0.0,0.0,0.0,0.0,0.0,0.0,0.0,0.0,0.0,0.0,0.0,0.0,0.0,0.0,0.0,0.0,0.0,0.0,0.0,0.0,0.0,0.0,0.0,0.0,0.0,0.0,0.0,0.0,0.0,0.0,0.0,0.0,0.0,0.0,0.0,0.0,0.0,0.0,0.0,0.0,0.0,0.0,0.0,0.0,0.0,0.0,0.0,0.0,0.0
130,0.0,0.0,0.0,0.0,0.0,0.0,0.0,0.0,0.0,0.0,0.0,0.0,0.0,0.0,0.0,0.0,0.0,0.0,0.0,0.0,0.0,0.0,0.0,0.0,0.07692307692307693,1.0,0.07142857142857142,1.0,0.06666666666666667,1.0,0.0625,1.0,0.058823529411764705,1.0,0.05555555555555555,1.0,0.05263157894736842,1.0,0.05,1.0,0.047619047619047616,1.0,0.045454545454545456,1.0,0.043478260869565216,1.0,0.041666666666666664,1.0,0.04,1.0,0.038461538461538464,1.0,0.037037037037037035,1.0
131,0.0,0.0,0.0,0.0,0.0,0.0,0.0,0.0,0.0,0.0,0.0,0.0,0.0,0.0,0.0,0.0,0.1111111111111111,0.25,0.1,0.25,0.09090909090909091,0.25,0.08333333333333333,0.25,0.15384615384615385,0.5,0.14285714285714285,0.5,0.13333333333333333,0.5,0.125,0.5,0.17647058823529413,0.75,0.16666666666666666,0.75,0.15789473684210525,0.75,0.15,0.75,0.14285714285714285,0.75,0.13636363636363635,0.75,0.13043478260869565,0.75,0.125,0.75,0.12,0.75,0.11538461538461539,0.75,0.1111111111111111,0.75
132,0.0,0.0,0.0,0.0,0.0,0.0,0.0,0.0,0.0,0.0,0.0,0.0,0.0,0.0,0.0,0.0,0.0,0.0,0.0,0.0,0.0,0.0,0.0,0.0,0.0,0.0,0.0,0.0,0.0,0.0,0.0,0.0,0.0,0.0,0.0,0.0,0.0,0.0,0.05,0.5,0.047619047619047616,0.5,0.045454545454545456,0.5,0.043478260869565216,0.5,0.041666666666666664,0.5,0.04,0.5,0.038461538461538464,0.5,0.037037037037037035,0.5
133,0.0,0.0,0.0,0.0,0.3333333333333333,0.14285714285714285,0.25,0.14285714285714285,0.4,0.2857142857142857,0.3333333333333333,0.2857142857142857,0.2857142857142857,0.2857142857142857,0.25,0.2857142857142857,0.2222222222222222,0.2857142857142857,0.2,0.2857142857142857,0.18181818181818182,0.2857142857142857,0.16666666666666666,0.2857142857142857,0.23076923076923078,0.42857142857142855,0.21428571428571427,0.42857142857142855,0.2,0.42857142857142855,0.1875,0.42857142857142855,0.17647058823529413,0.42857142857142855,0.16666666666666666,0.42857142857142855,0.15789473684210525,0.42857142857142855,0.2,0.5714285714285714,0.19047619047619047,0.5714285714285714,0.18181818181818182,0.5714285714285714,0.17391304347826086,0.5714285714285714,0.16666666666666666,0.5714285714285714,0.16,0.5714285714285714,0.15384615384615385,0.5714285714285714,0.14814814814814814,0.5714285714285714
134,0.0,0.0,0.0,0.0,0.0,0.0,0.0,0.0,0.0,0.0,0.0,0.0,0.0,0.0,0.0,0.0,0.0,0.0,0.0,0.0,0.0,0.0,0.0,0.0,0.0,0.0,0.0,0.0,0.0,0.0,0.0,0.0,0.0,0.0,0.0,0.0,0.0,0.0,0.0,0.0,0.0,0.0,0.0,0.0,0.0,0.0,0.0,0.0,0.0,0.0,0.0,0.0,0.0,0.0
135,0.0,0.0,0.0,0.0,0.0,0.0,0.0,0.0,0.0,0.0,0.0,0.0,0.0,0.0,0.0,0.0,0.0,0.0,0.0,0.0,0.0,0.0,0.0,0.0,0.0,0.0,0.0,0.0,0.0,0.0,0.0,0.0,0.0,0.0,0.0,0.0,0.0,0.0,0.0,0.0,0.0,0.0,0.0,0.0,0.0,0.0,0.0,0.0,0.0,0.0,0.0,0.0,0.0,0.0
136,0.0,0.0,0.5,0.25,0.3333333333333333,0.25,0.25,0.25,0.2,0.25,0.16666666666666666,0.25,0.14285714285714285,0.25,0.125,0.25,0.2222222222222222,0.5,0.2,0.5,0.2727272727272727,0.75,0.25,0.75,0.23076923076923078,0.75,0.21428571428571427,0.75,0.2,0.75,0.1875,0.75,0.17647058823529413,0.75,0.16666666666666666,0.75,0.15789473684210525,0.75,0.15,0.75,0.14285714285714285,0.75,0.13636363636363635,0.75,0.13043478260869565,0.75,0.125,0.75,0.12,0.75,0.11538461538461539,0.75,0.1111111111111111,0.75
137,0.0,0.0,0.0,0.0,0.0,0.0,0.0,0.0,0.0,0.0,0.0,0.0,0.0,0.0,0.0,0.0,0.0,0.0,0.0,0.0,0.0,0.0,0.0,0.0,0.0,0.0,0.0,0.0,0.0,0.0,0.0,0.0,0.0,0.0,0.0,0.0,0.0,0.0,0.0,0.0,0.0,0.0,0.0,0.0,0.0,0.0,0.0,0.0,0.0,0.0,0.0,0.0,0.0,0.0
138,0.0,0.0,0.0,0.0,0.0,0.0,0.25,0.5,0.2,0.5,0.16666666666666666,0.5,0.14285714285714285,0.5,0.125,0.5,0.1111111111111111,0.5,0.1,0.5,0.09090909090909091,0.5,0.08333333333333333,0.5,0.07692307692307693,0.5,0.07142857142857142,0.5,0.06666666666666667,0.5,0.125,1.0,0.11764705882352941,1.0,0.1111111111111111,1.0,0.10526315789473684,1.0,0.1,1.0,0.09523809523809523,1.0,0.09090909090909091,1.0,0.08695652173913043,1.0,0.08333333333333333,1.0,0.08,1.0,0.07692307692307693,1.0,0.07407407407407407,1.0
139,0.0,0.0,0.0,0.0,0.0,0.0,0.0,0.0,0.0,0.0,0.0,0.0,0.0,0.0,0.0,0.0,0.0,0.0,0.0,0.0,0.0,0.0,0.0,0.0,0.0,0.0,0.0,0.0,0.0,0.0,0.0,0.0,0.0,0.0,0.0,0.0,0.0,0.0,0.0,0.0,0.0,0.0,0.0,0.0,0.0,0.0,0.0,0.0,0.0,0.0,0.0,0.0,0.0,0.0
140,0.0,0.0,0.0,0.0,0.0,0.0,0.0,0.0,0.0,0.0,0.0,0.0,0.0,0.0,0.0,0.0,0.0,0.0,0.0,0.0,0.0,0.0,0.08333333333333333,0.5,0.07692307692307693,0.5,0.07142857142857142,0.5,0.06666666666666667,0.5,0.0625,0.5,0.058823529411764705,0.5,0.05555555555555555,0.5,0.05263157894736842,0.5,0.05,0.5,0.047619047619047616,0.5,0.045454545454545456,0.5,0.043478260869565216,0.5,0.041666666666666664,0.5,0.04,0.5,0.038461538461538464,0.5,0.037037037037037035,0.5
141,0.0,0.0,0.0,0.0,0.0,0.0,0.0,0.0,0.0,0.0,0.0,0.0,0.0,0.0,0.0,0.0,0.0,0.0,0.0,0.0,0.0,0.0,0.0,0.0,0.0,0.0,0.0,0.0,0.0,0.0,0.0,0.0,0.0,0.0,0.0,0.0,0.0,0.0,0.0,0.0,0.0,0.0,0.0,0.0,0.0,0.0,0.0,0.0,0.0,0.0,0.0,0.0,0.0,0.0
142,0.0,0.0,0.0,0.0,0.0,0.0,0.0,0.0,0.0,0.0,0.0,0.0,0.0,0.0,0.0,0.0,0.0,0.0,0.0,0.0,0.0,0.0,0.0,0.0,0.0,0.0,0.0,0.0,0.0,0.0,0.0,0.0,0.0,0.0,0.0,0.0,0.0,0.0,0.0,0.0,0.0,0.0,0.0,0.0,0.0,0.0,0.0,0.0,0.0,0.0,0.0,0.0,0.0,0.0
143,0.0,0.0,0.0,0.0,0.0,0.0,0.25,1.0,0.2,1.0,0.16666666666666666,1.0,0.14285714285714285,1.0,0.125,1.0,0.1111111111111111,1.0,0.1,1.0,0.09090909090909091,1.0,0.08333333333333333,1.0,0.07692307692307693,1.0,0.07142857142857142,1.0,0.06666666666666667,1.0,0.0625,1.0,0.058823529411764705,1.0,0.05555555555555555,1.0,0.05263157894736842,1.0,0.05,1.0,0.047619047619047616,1.0,0.045454545454545456,1.0,0.043478260869565216,1.0,0.041666666666666664,1.0,0.04,1.0,0.038461538461538464,1.0,0.037037037037037035,1.0
144,0.0,0.0,0.0,0.0,0.0,0.0,0.0,0.0,0.0,0.0,0.0,0.0,0.0,0.0,0.0,0.0,0.0,0.0,0.0,0.0,0.0,0.0,0.0,0.0,0.0,0.0,0.0,0.0,0.0,0.0,0.0,0.0,0.0,0.0,0.0,0.0,0.0,0.0,0.0,0.0,0.0,0.0,0.0,0.0,0.0,0.0,0.0,0.0,0.0,0.0,0.0,0.0,0.0,0.0
145,0.0,0.0,0.0,0.0,0.0,0.0,0.0,0.0,0.2,0.2,0.16666666666666666,0.2,0.14285714285714285,0.2,0.125,0.2,0.1111111111111111,0.2,0.1,0.2,0.18181818181818182,0.4,0.16666666666666666,0.4,0.15384615384615385,0.4,0.14285714285714285,0.4,0.2,0.6,0.1875,0.6,0.17647058823529413,0.6,0.16666666666666666,0.6,0.15789473684210525,0.6,0.15,0.6,0.14285714285714285,0.6,0.13636363636363635,0.6,0.13043478260869565,0.6,0.125,0.6,0.12,0.6,0.11538461538461539,0.6,0.1111111111111111,0.6
146,0.0,0.0,0.0,0.0,0.0,0.0,0.0,0.0,0.0,0.0,0.0,0.0,0.0,0.0,0.0,0.0,0.0,0.0,0.0,0.0,0.0,0.0,0.0,0.0,0.0,0.0,0.0,0.0,0.0,0.0,0.0,0.0,0.0,0.0,0.05555555555555555,0.5,0.05263157894736842,0.5,0.05,0.5,0.047619047619047616,0.5,0.045454545454545456,0.5,0.043478260869565216,0.5,0.041666666666666664,0.5,0.04,0.5,0.038461538461538464,0.5,0.037037037037037035,0.5
147,0.0,0.0,0.0,0.0,0.0,0.0,0.25,0.25,0.2,0.25,0.16666666666666666,0.25,0.14285714285714285,0.25,0.125,0.25,0.1111111111111111,0.25,0.1,0.25,0.09090909090909091,0.25,0.08333333333333333,0.25,0.15384615384615385,0.5,0.14285714285714285,0.5,0.13333333333333333,0.5,0.125,0.5,0.11764705882352941,0.5,0.16666666666666666,0.75,0.15789473684210525,0.75,0.15,0.75,0.14285714285714285,0.75,0.13636363636363635,0.75,0.13043478260869565,0.75,0.125,0.75,0.12,0.75,0.11538461538461539,0.75,0.1111111111111111,0.75
148,0.0,0.0,0.0,0.0,0.0,0.0,0.0,0.0,0.0,0.0,0.0,0.0,0.0,0.0,0.0,0.0,0.0,0.0,0.0,0.0,0.0,0.0,0.0,0.0,0.0,0.0,0.0,0.0,0.0,0.0,0.0,0.0,0.0,0.0,0.0,0.0,0.0,0.0,0.0,0.0,0.0,0.0,0.0,0.0,0.0,0.0,0.0,0.0,0.0,0.0,0.0,0.0,0.0,0.0
149,0.0,0.0,0.0,0.0,0.0,0.0,0.0,0.0,0.0,0.0,0.0,0.0,0.0,0.0,0.0,0.0,0.0,0.0,0.0,0.0,0.0,0.0,0.0,0.0,0.0,0.0,0.0,0.0,0.0,0.0,0.0,0.0,0.0,0.0,0.0,0.0,0.0,0.0,0.0,0.0,0.0,0.0,0.0,0.0,0.0,0.0,0.0,0.0,0.0,0.0,0.0,0.0,0.0,0.0
150,0.0,0.0,0.5,0.5,0.3333333333333333,0.5,0.25,0.5,0.2,0.5,0.16666666666666666,0.5,0.14285714285714285,0.5,0.125,0.5,0.1111111111111111,0.5,0.1,0.5,0.09090909090909091,0.5,0.08333333333333333,0.5,0.07692307692307693,0.5,0.07142857142857142,0.5,0.06666666666666667,0.5,0.0625,0.5,0.058823529411764705,0.5,0.05555555555555555,0.5,0.05263157894736842,0.5,0.05,0.5,0.047619047619047616,0.5,0.045454545454545456,0.5,0.043478260869565216,0.5,0.041666666666666664,0.5,0.04,0.5,0.038461538461538464,0.5,0.037037037037037035,0.5
151,0.0,0.0,0.0,0.0,0.0,0.0,0.0,0.0,0.0,0.0,0.0,0.0,0.0,0.0,0.0,0.0,0.0,0.0,0.0,0.0,0.0,0.0,0.0,0.0,0.0,0.0,0.0,0.0,0.0,0.0,0.0,0.0,0.0,0.0,0.05555555555555555,0.5,0.05263157894736842,0.5,0.05,0.5,0.047619047619047616,0.5,0.045454545454545456,0.5,0.043478260869565216,0.5,0.041666666666666664,0.5,0.04,0.5,0.038461538461538464,0.5,0.037037037037037035,0.5
152,0.0,0.0,0.0,0.0,0.0,0.0,0.0,0.0,0.0,0.0,0.0,0.0,0.0,0.0,0.0,0.0,0.1111111111111111,0.5,0.1,0.5,0.09090909090909091,0.5,0.08333333333333333,0.5,0.07692307692307693,0.5,0.07142857142857142,0.5,0.06666666666666667,0.5,0.0625,0.5,0.058823529411764705,0.5,0.05555555555555555,0.5,0.05263157894736842,0.5,0.05,0.5,0.047619047619047616,0.5,0.045454545454545456,0.5,0.043478260869565216,0.5,0.041666666666666664,0.5,0.04,0.5,0.038461538461538464,0.5,0.037037037037037035,0.5
153,0.0,0.0,0.0,0.0,0.0,0.0,0.0,0.0,0.0,0.0,0.0,0.0,0.0,0.0,0.0,0.0,0.0,0.0,0.0,0.0,0.0,0.0,0.0,0.0,0.0,0.0,0.0,0.0,0.0,0.0,0.0,0.0,0.0,0.0,0.0,0.0,0.0,0.0,0.0,0.0,0.0,0.0,0.0,0.0,0.0,0.0,0.0,0.0,0.0,0.0,0.0,0.0,0.0,0.0
154,0.0,0.0,0.0,0.0,0.0,0.0,0.0,0.0,0.0,0.0,0.0,0.0,0.0,0.0,0.0,0.0,0.0,0.0,0.0,0.0,0.0,0.0,0.0,0.0,0.0,0.0,0.0,0.0,0.0,0.0,0.0,0.0,0.0,0.0,0.0,0.0,0.0,0.0,0.0,0.0,0.0,0.0,0.0,0.0,0.0,0.0,0.0,0.0,0.0,0.0,0.0,0.0,0.0,0.0
155,0.0,0.0,0.0,0.0,0.0,0.0,0.0,0.0,0.2,0.3333333333333333,0.16666666666666666,0.3333333333333333,0.14285714285714285,0.3333333333333333,0.25,0.6666666666666666,0.2222222222222222,0.6666666666666666,0.2,0.6666666666666666,0.18181818181818182,0.6666666666666666,0.16666666666666666,0.6666666666666666,0.15384615384615385,0.6666666666666666,0.14285714285714285,0.6666666666666666,0.13333333333333333,0.6666666666666666,0.125,0.6666666666666666,0.11764705882352941,0.6666666666666666,0.1111111111111111,0.6666666666666666,0.10526315789473684,0.6666666666666666,0.1,0.6666666666666666,0.09523809523809523,0.6666666666666666,0.09090909090909091,0.6666666666666666,0.08695652173913043,0.6666666666666666,0.08333333333333333,0.6666666666666666,0.08,0.6666666666666666,0.07692307692307693,0.6666666666666666,0.07407407407407407,0.6666666666666666
156,0.0,0.0,0.0,0.0,0.0,0.0,0.0,0.0,0.0,0.0,0.0,0.0,0.0,0.0,0.0,0.0,0.1111111111111111,0.3333333333333333,0.1,0.3333333333333333,0.09090909090909091,0.3333333333333333,0.08333333333333333,0.3333333333333333,0.07692307692307693,0.3333333333333333,0.07142857142857142,0.3333333333333333,0.06666666666666667,0.3333333333333333,0.0625,0.3333333333333333,0.058823529411764705,0.3333333333333333,0.05555555555555555,0.3333333333333333,0.05263157894736842,0.3333333333333333,0.05,0.3333333333333333,0.047619047619047616,0.3333333333333333,0.045454545454545456,0.3333333333333333,0.043478260869565216,0.3333333333333333,0.041666666666666664,0.3333333333333333,0.04,0.3333333333333333,0.038461538461538464,0.3333333333333333,0.037037037037037035,0.3333333333333333
157,0.0,0.0,0.0,0.0,0.0,0.0,0.0,0.0,0.0,0.0,0.0,0.0,0.0,0.0,0.0,0.0,0.0,0.0,0.0,0.0,0.0,0.0,0.0,0.0,0.0,0.0,0.0,0.0,0.0,0.0,0.0,0.0,0.0,0.0,0.0,0.0,0.0,0.0,0.0,0.0,0.0,0.0,0.0,0.0,0.0,0.0,0.0,0.0,0.0,0.0,0.0,0.0,0.0,0.0
158,0.0,0.0,0.0,0.0,0.0,0.0,0.0,0.0,0.0,0.0,0.0,0.0,0.0,0.0,0.0,0.0,0.0,0.0,0.0,0.0,0.0,0.0,0.0,0.0,0.0,0.0,0.0,0.0,0.0,0.0,0.0,0.0,0.0,0.0,0.0,0.0,0.0,0.0,0.0,0.0,0.0,0.0,0.0,0.0,0.0,0.0,0.0,0.0,0.0,0.0,0.0,0.0,0.0,0.0
159,0.0,0.0,0.0,0.0,0.0,0.0,0.0,0.0,0.0,0.0,0.0,0.0,0.0,0.0,0.0,0.0,0.0,0.0,0.0,0.0,0.0,0.0,0.0,0.0,0.0,0.0,0.0,0.0,0.0,0.0,0.0,0.0,0.0,0.0,0.0,0.0,0.0,0.0,0.0,0.0,0.0,0.0,0.0,0.0,0.0,0.0,0.0,0.0,0.0,0.0,0.0,0.0,0.0,0.0
160,0.0,0.0,0.0,0.0,0.0,0.0,0.0,0.0,0.0,0.0,0.0,0.0,0.0,0.0,0.0,0.0,0.0,0.0,0.0,0.0,0.0,0.0,0.0,0.0,0.0,0.0,0.0,0.0,0.0,0.0,0.0,0.0,0.0,0.0,0.0,0.0,0.0,0.0,0.0,0.0,0.0,0.0,0.0,0.0,0.0,0.0,0.0,0.0,0.0,0.0,0.0,0.0,0.0,0.0
161,0.0,0.0,0.0,0.0,0.0,0.0,0.0,0.0,0.0,0.0,0.16666666666666666,0.5,0.14285714285714285,0.5,0.125,0.5,0.1111111111111111,0.5,0.1,0.5,0.09090909090909091,0.5,0.08333333333333333,0.5,0.07692307692307693,0.5,0.07142857142857142,0.5,0.06666666666666667,0.5,0.0625,0.5,0.058823529411764705,0.5,0.05555555555555555,0.5,0.05263157894736842,0.5,0.05,0.5,0.047619047619047616,0.5,0.045454545454545456,0.5,0.043478260869565216,0.5,0.041666666666666664,0.5,0.04,0.5,0.038461538461538464,0.5,0.037037037037037035,0.5
162,1.0,0.1,0.5,0.1,0.3333333333333333,0.1,0.25,0.1,0.2,0.1,0.3333333333333333,0.2,0.2857142857142857,0.2,0.375,0.3,0.4444444444444444,0.4,0.4,0.4,0.36363636363636365,0.4,0.3333333333333333,0.4,0.38461538461538464,0.5,0.35714285714285715,0.5,0.4,0.6,0.375,0.6,0.35294117647058826,0.6,0.3333333333333333,0.6,0.3157894736842105,0.6,0.35,0.7,0.3333333333333333,0.7,0.3181818181818182,0.7,0.30434782608695654,0.7,0.2916666666666667,0.7,0.28,0.7,0.2692307692307692,0.7,0.25925925925925924,0.7
163,0.0,0.0,0.0,0.0,0.0,0.0,0.0,0.0,0.0,0.0,0.0,0.0,0.0,0.0,0.0,0.0,0.0,0.0,0.0,0.0,0.0,0.0,0.0,0.0,0.0,0.0,0.0,0.0,0.0,0.0,0.0,0.0,0.0,0.0,0.0,0.0,0.0,0.0,0.0,0.0,0.0,0.0,0.0,0.0,0.0,0.0,0.0,0.0,0.0,0.0,0.0,0.0,0.0,0.0
164,0.0,0.0,0.0,0.0,0.0,0.0,0.0,0.0,0.2,0.3333333333333333,0.16666666666666666,0.3333333333333333,0.14285714285714285,0.3333333333333333,0.125,0.3333333333333333,0.1111111111111111,0.3333333333333333,0.1,0.3333333333333333,0.09090909090909091,0.3333333333333333,0.08333333333333333,0.3333333333333333,0.15384615384615385,0.6666666666666666,0.14285714285714285,0.6666666666666666,0.13333333333333333,0.6666666666666666,0.125,0.6666666666666666,0.11764705882352941,0.6666666666666666,0.1111111111111111,0.6666666666666666,0.10526315789473684,0.6666666666666666,0.1,0.6666666666666666,0.09523809523809523,0.6666666666666666,0.09090909090909091,0.6666666666666666,0.08695652173913043,0.6666666666666666,0.08333333333333333,0.6666666666666666,0.08,0.6666666666666666,0.07692307692307693,0.6666666666666666,0.07407407407407407,0.6666666666666666
165,0.0,0.0,0.0,0.0,0.0,0.0,0.0,0.0,0.0,0.0,0.0,0.0,0.0,0.0,0.0,0.0,0.0,0.0,0.0,0.0,0.0,0.0,0.0,0.0,0.0,0.0,0.0,0.0,0.0,0.0,0.0,0.0,0.0,0.0,0.0,0.0,0.0,0.0,0.0,0.0,0.0,0.0,0.0,0.0,0.0,0.0,0.0,0.0,0.0,0.0,0.0,0.0,0.0,0.0
166,0.0,0.0,0.0,0.0,0.0,0.0,0.0,0.0,0.0,0.0,0.0,0.0,0.0,0.0,0.0,0.0,0.0,0.0,0.0,0.0,0.0,0.0,0.0,0.0,0.0,0.0,0.0,0.0,0.0,0.0,0.0,0.0,0.0,0.0,0.0,0.0,0.0,0.0,0.0,0.0,0.0,0.0,0.0,0.0,0.0,0.0,0.0,0.0,0.0,0.0,0.0,0.0,0.0,0.0
167,0.0,0.0,0.0,0.0,0.0,0.0,0.0,0.0,0.0,0.0,0.0,0.0,0.0,0.0,0.0,0.0,0.0,0.0,0.0,0.0,0.0,0.0,0.0,0.0,0.07692307692307693,0.3333333333333333,0.07142857142857142,0.3333333333333333,0.06666666666666667,0.3333333333333333,0.0625,0.3333333333333333,0.058823529411764705,0.3333333333333333,0.05555555555555555,0.3333333333333333,0.05263157894736842,0.3333333333333333,0.05,0.3333333333333333,0.047619047619047616,0.3333333333333333,0.045454545454545456,0.3333333333333333,0.043478260869565216,0.3333333333333333,0.041666666666666664,0.3333333333333333,0.04,0.3333333333333333,0.038461538461538464,0.3333333333333333,0.037037037037037035,0.3333333333333333
168,0.0,0.0,0.0,0.0,0.0,0.0,0.0,0.0,0.0,0.0,0.0,0.0,0.0,0.0,0.0,0.0,0.0,0.0,0.0,0.0,0.0,0.0,0.0,0.0,0.0,0.0,0.0,0.0,0.0,0.0,0.0,0.0,0.0,0.0,0.0,0.0,0.0,0.0,0.0,0.0,0.0,0.0,0.0,0.0,0.0,0.0,0.0,0.0,0.0,0.0,0.0,0.0,0.0,0.0
169,0.0,0.0,0.0,0.0,0.0,0.0,0.0,0.0,0.0,0.0,0.0,0.0,0.0,0.0,0.0,0.0,0.0,0.0,0.0,0.0,0.0,0.0,0.0,0.0,0.0,0.0,0.0,0.0,0.0,0.0,0.0,0.0,0.0,0.0,0.0,0.0,0.0,0.0,0.0,0.0,0.0,0.0,0.0,0.0,0.0,0.0,0.0,0.0,0.0,0.0,0.0,0.0,0.0,0.0
170,0.0,0.0,0.0,0.0,0.0,0.0,0.0,0.0,0.0,0.0,0.0,0.0,0.0,0.0,0.0,0.0,0.0,0.0,0.0,0.0,0.0,0.0,0.08333333333333333,0.2,0.07692307692307693,0.2,0.07142857142857142,0.2,0.06666666666666667,0.2,0.125,0.4,0.11764705882352941,0.4,0.16666666666666666,0.6,0.21052631578947367,0.8,0.2,0.8,0.19047619047619047,0.8,0.18181818181818182,0.8,0.17391304347826086,0.8,0.16666666666666666,0.8,0.16,0.8,0.15384615384615385,0.8,0.14814814814814814,0.8
171,0.0,0.0,0.0,0.0,0.0,0.0,0.0,0.0,0.0,0.0,0.0,0.0,0.0,0.0,0.0,0.0,0.0,0.0,0.0,0.0,0.0,0.0,0.0,0.0,0.0,0.0,0.0,0.0,0.0,0.0,0.0,0.0,0.0,0.0,0.0,0.0,0.0,0.0,0.0,0.0,0.0,0.0,0.0,0.0,0.0,0.0,0.0,0.0,0.0,0.0,0.0,0.0,0.0,0.0
172,0.0,0.0,0.0,0.0,0.0,0.0,0.0,0.0,0.0,0.0,0.0,0.0,0.0,0.0,0.0,0.0,0.0,0.0,0.0,0.0,0.0,0.0,0.0,0.0,0.0,0.0,0.07142857142857142,0.3333333333333333,0.06666666666666667,0.3333333333333333,0.0625,0.3333333333333333,0.058823529411764705,0.3333333333333333,0.05555555555555555,0.3333333333333333,0.05263157894736842,0.3333333333333333,0.1,0.6666666666666666,0.09523809523809523,0.6666666666666666,0.09090909090909091,0.6666666666666666,0.08695652173913043,0.6666666666666666,0.08333333333333333,0.6666666666666666,0.08,0.6666666666666666,0.07692307692307693,0.6666666666666666,0.07407407407407407,0.6666666666666666
173,0.0,0.0,0.0,0.0,0.0,0.0,0.0,0.0,0.0,0.0,0.0,0.0,0.0,0.0,0.0,0.0,0.0,0.0,0.0,0.0,0.0,0.0,0.0,0.0,0.0,0.0,0.0,0.0,0.0,0.0,0.0,0.0,0.0,0.0,0.0,0.0,0.0,0.0,0.0,0.0,0.0,0.0,0.0,0.0,0.0,0.0,0.0,0.0,0.0,0.0,0.0,0.0,0.0,0.0
174,0.0,0.0,0.0,0.0,0.0,0.0,0.0,0.0,0.0,0.0,0.0,0.0,0.0,0.0,0.0,0.0,0.0,0.0,0.0,0.0,0.0,0.0,0.0,0.0,0.0,0.0,0.0,0.0,0.0,0.0,0.0,0.0,0.0,0.0,0.0,0.0,0.0,0.0,0.0,0.0,0.0,0.0,0.0,0.0,0.0,0.0,0.0,0.0,0.0,0.0,0.0,0.0,0.0,0.0
175,0.0,0.0,0.0,0.0,0.3333333333333333,0.5,0.25,0.5,0.2,0.5,0.16666666666666666,0.5,0.14285714285714285,0.5,0.125,0.5,0.1111111111111111,0.5,0.1,0.5,0.09090909090909091,0.5,0.08333333333333333,0.5,0.07692307692307693,0.5,0.07142857142857142,0.5,0.06666666666666667,0.5,0.0625,0.5,0.058823529411764705,0.5,0.05555555555555555,0.5,0.05263157894736842,0.5,0.05,0.5,0.047619047619047616,0.5,0.045454545454545456,0.5,0.043478260869565216,0.5,0.041666666666666664,0.5,0.04,0.5,0.038461538461538464,0.5,0.037037037037037035,0.5
176,0.0,0.0,0.0,0.0,0.0,0.0,0.0,0.0,0.2,0.07142857142857142,0.3333333333333333,0.14285714285714285,0.42857142857142855,0.21428571428571427,0.5,0.2857142857142857,0.5555555555555556,0.35714285714285715,0.5,0.35714285714285715,0.5454545454545454,0.42857142857142855,0.5,0.42857142857142855,0.46153846153846156,0.42857142857142855,0.42857142857142855,0.42857142857142855,0.4666666666666667,0.5,0.5,0.5714285714285714,0.47058823529411764,0.5714285714285714,0.4444444444444444,0.5714285714285714,0.47368421052631576,0.6428571428571429,0.5,0.7142857142857143,0.47619047619047616,0.7142857142857143,0.45454545454545453,0.7142857142857143,0.43478260869565216,0.7142857142857143,0.4166666666666667,0.7142857142857143,0.4,0.7142857142857143,0.38461538461538464,0.7142857142857143,0.37037037037037035,0.7142857142857143
177,0.0,0.0,0.5,0.09090909090909091,0.6666666666666666,0.18181818181818182,0.5,0.18181818181818182,0.6,0.2727272727272727,0.5,0.2727272727272727,0.42857142857142855,0.2727272727272727,0.375,0.2727272727272727,0.4444444444444444,0.36363636363636365,0.4,0.36363636363636365,0.36363636363636365,0.36363636363636365,0.3333333333333333,0.36363636363636365,0.38461538461538464,0.45454545454545453,0.42857142857142855,0.5454545454545454,0.4,0.5454545454545454,0.375,0.5454545454545454,0.35294117647058826,0.5454545454545454,0.3333333333333333,0.5454545454545454,0.3157894736842105,0.5454545454545454,0.35,0.6363636363636364,0.3333333333333333,0.6363636363636364,0.3181818181818182,0.6363636363636364,0.30434782608695654,0.6363636363636364,0.2916666666666667,0.6363636363636364,0.28,0.6363636363636364,0.2692307692307692,0.6363636363636364,0.25925925925925924,0.6363636363636364
178,0.0,0.0,0.0,0.0,0.0,0.0,0.0,0.0,0.0,0.0,0.0,0.0,0.0,0.0,0.0,0.0,0.0,0.0,0.0,0.0,0.0,0.0,0.08333333333333333,1.0,0.07692307692307693,1.0,0.07142857142857142,1.0,0.06666666666666667,1.0,0.0625,1.0,0.058823529411764705,1.0,0.05555555555555555,1.0,0.05263157894736842,1.0,0.05,1.0,0.047619047619047616,1.0,0.045454545454545456,1.0,0.043478260869565216,1.0,0.041666666666666664,1.0,0.04,1.0,0.038461538461538464,1.0,0.037037037037037035,1.0
179,0.0,0.0,0.0,0.0,0.0,0.0,0.0,0.0,0.0,0.0,0.0,0.0,0.0,0.0,0.0,0.0,0.0,0.0,0.0,0.0,0.0,0.0,0.0,0.0,0.0,0.0,0.0,0.0,0.0,0.0,0.0625,0.5,0.058823529411764705,0.5,0.05555555555555555,0.5,0.05263157894736842,0.5,0.05,0.5,0.047619047619047616,0.5,0.045454545454545456,0.5,0.043478260869565216,0.5,0.041666666666666664,0.5,0.04,0.5,0.038461538461538464,0.5,0.037037037037037035,0.5
180,0.0,0.0,0.0,0.0,0.0,0.0,0.0,0.0,0.0,0.0,0.0,0.0,0.0,0.0,0.0,0.0,0.0,0.0,0.0,0.0,0.0,0.0,0.0,0.0,0.0,0.0,0.0,0.0,0.0,0.0,0.0,0.0,0.0,0.0,0.0,0.0,0.0,0.0,0.0,0.0,0.0,0.0,0.0,0.0,0.0,0.0,0.0,0.0,0.0,0.0,0.0,0.0,0.0,0.0
181,0.0,0.0,0.0,0.0,0.0,0.0,0.0,0.0,0.0,0.0,0.0,0.0,0.0,0.0,0.0,0.0,0.0,0.0,0.0,0.0,0.0,0.0,0.0,0.0,0.0,0.0,0.0,0.0,0.0,0.0,0.0,0.0,0.0,0.0,0.0,0.0,0.0,0.0,0.0,0.0,0.0,0.0,0.0,0.0,0.0,0.0,0.0,0.0,0.0,0.0,0.0,0.0,0.0,0.0
182,0.0,0.0,0.0,0.0,0.0,0.0,0.0,0.0,0.0,0.0,0.0,0.0,0.0,0.0,0.0,0.0,0.0,0.0,0.0,0.0,0.09090909090909091,0.3333333333333333,0.08333333333333333,0.3333333333333333,0.07692307692307693,0.3333333333333333,0.07142857142857142,0.3333333333333333,0.06666666666666667,0.3333333333333333,0.0625,0.3333333333333333,0.058823529411764705,0.3333333333333333,0.05555555555555555,0.3333333333333333,0.05263157894736842,0.3333333333333333,0.05,0.3333333333333333,0.047619047619047616,0.3333333333333333,0.045454545454545456,0.3333333333333333,0.043478260869565216,0.3333333333333333,0.041666666666666664,0.3333333333333333,0.04,0.3333333333333333,0.038461538461538464,0.3333333333333333,0.037037037037037035,0.3333333333333333
183,1.0,0.125,0.5,0.125,0.3333333333333333,0.125,0.25,0.125,0.4,0.25,0.3333333333333333,0.25,0.2857142857142857,0.25,0.375,0.375,0.3333333333333333,0.375,0.3,0.375,0.2727272727272727,0.375,0.3333333333333333,0.5,0.38461538461538464,0.625,0.35714285714285715,0.625,0.3333333333333333,0.625,0.3125,0.625,0.29411764705882354,0.625,0.2777777777777778,0.625,0.2631578947368421,0.625,0.25,0.625,0.23809523809523808,0.625,0.22727272727272727,0.625,0.21739130434782608,0.625,0.20833333333333334,0.625,0.2,0.625,0.19230769230769232,0.625,0.18518518518518517,0.625
184,0.0,0.0,0.0,0.0,0.0,0.0,0.0,0.0,0.0,0.0,0.0,0.0,0.0,0.0,0.125,0.5,0.1111111111111111,0.5,0.1,0.5,0.09090909090909091,0.5,0.08333333333333333,0.5,0.07692307692307693,0.5,0.07142857142857142,0.5,0.06666666666666667,0.5,0.0625,0.5,0.058823529411764705,0.5,0.05555555555555555,0.5,0.05263157894736842,0.5,0.05,0.5,0.047619047619047616,0.5,0.045454545454545456,0.5,0.043478260869565216,0.5,0.041666666666666664,0.5,0.04,0.5,0.038461538461538464,0.5,0.037037037037037035,0.5
185,0.0,0.0,0.0,0.0,0.0,0.0,0.0,0.0,0.0,0.0,0.0,0.0,0.0,0.0,0.0,0.0,0.0,0.0,0.0,0.0,0.0,0.0,0.0,0.0,0.0,0.0,0.0,0.0,0.0,0.0,0.0,0.0,0.0,0.0,0.0,0.0,0.0,0.0,0.0,0.0,0.0,0.0,0.0,0.0,0.0,0.0,0.0,0.0,0.0,0.0,0.0,0.0,0.0,0.0
