9 10 1277302610.0
9 10 1277302738.0
9 15 1277303213.0
9 15 1277303278.0
9 15 1277303409.0
9 23 1277305960.0
9 23 1277305995.0
9 19 1277314136.0
12 26 1369910691.0
12 15 1369923250.0
12 26 1370003541.0
13 13 1253814501.0
13 13 1253814566.0
13 8 1253814878.0
13 8 1253815264.0
13 1 1253815415.0
13 13 1253987739.0
13 25 1253994147.0
13 25 1253994598.0
13 25 1253995083.0
13 20 1254055364.0
13 20 1254055430.0
13 21 1254056028.0
13 5 1254057183.0
13 5 1254057229.0
15 7 1194357720.0
15 7 1194359845.0
15 17 1194361954.0
15 8 1194369175.0
15 4 1194447187.0
15 13 1194451169.0
15 27 1194519853.0
15 12 1194527390.0
15 12 1194527390.0
15 1 1194527940.0
15 25 1194537047.0
15 15 1194620776.0
16 20 1194481572.0
16 17 1225052938.0
16 17 1225052950.0
16 11 1225053158.0
16 17 1225053341.0
16 17 1225053355.0
16 17 1225053428.0
16 17 1225053482.0
16 17 1225053628.0
16 17 1225053656.0
16 17 1225053731.0
16 17 1225053755.0
16 17 1225053877.0
16 17 1225053923.0
16 17 1225054088.0
16 17 1225054121.0
16 17 1225054159.0
16 7 1225054649.0
16 7 1225054856.0
16 7 1225054877.0
16 7 1225054937.0
16 7 1225054960.0
16 7 1225054973.0
16 7 1225055060.0
16 7 1225055123.0
16 7 1225055147.0
16 7 1225055176.0
16 7 1225055240.0
16 7 1225055270.0
16 7 1225055293.0
16 7 1225055304.0
16 7 1225055315.0
16 7 1225057177.0
16 7 1225057228.0
16 7 1225057882.0
16 7 1225057912.0
16 7 1225057929.0
16 7 1225057949.0
16 1 1252790857.0
16 1 1252792893.0
16 1 1252792918.0
16 1 1252794402.0
16 1 1252794444.0
16 28 1257022465.0
16 28 1257022496.0
16 5 1257022778.0
16 5 1257022939.0
16 28 1257023261.0
16 29 1257023893.0
16 29 1257023927.0
16 29 1257024111.0
16 29 1257024139.0
17 19 1287139766.0
17 10 1287156660.0
17 15 1295974454.0
17 6 1296401215.0
17 6 1296401524.0
17 2 1319985870.0
22 10 1229879390.0
22 10 1229879819.0
22 0 1229882843.0
22 0 1229883221.0
22 7 1229960607.0
22 11 1229961555.0
22 8 1229964396.0
22 8 1229964527.0
22 13 1229967005.0
22 13 1229967165.0
22 24 1312023386.0
22 24 1312023716.0
22 24 1312023778.0
22 24 1312023884.0
22 16 1312024032.0
22 31 1312026342.0
22 11 1312034579.0
22 11 1312034660.0
22 11 1312034925.0
22 14 1312036509.0
22 13 1312037725.0
22 13 1312039641.0
22 7 1312041856.0
22 7 1312041903.0
22 11 1312041969.0
22 7 1312042024.0
22 7 1312042422.0
22 25 1347709222.0
22 25 1347709376.0
22 25 1347709502.0
22 25 1347709886.0
22 25 1347710813.0
22 7 1347717403.0
22 7 1347719178.0
22 7 1347719233.0
22 7 1347719295.0
22 7 1347719377.0
22 7 1347719405.0
22 17 1347719432.0
22 8 1347720043.0
24 30 1181487917.0
24 11 1181488590.0
24 11 1181488641.0
24 11 1181488766.0
24 14 1181489059.0
24 14 1181489248.0
24 0 1181489408.0
24 0 1181489505.0
24 0 1181490131.0
24 0 1181491634.0
24 13 1181491901.0
24 8 1181492041.0
24 8 1181492077.0
24 1 1181492340.0
24 1 1181492425.0
24 1 1181492529.0
24 1 1181492538.0
24 1 1181492546.0
24 1 1181492554.0
24 1 1181492744.0
24 1 1181492800.0
24 1 1181492820.0
24 1 1181492921.0
24 8 1181493207.0
24 8 1181493261.0
24 8 1181493315.0
24 8 1181493367.0
24 8 1181493834.0
24 7 1181494270.0
24 17 1181494723.0
24 17 1181494835.0
24 17 1181494903.0
24 17 1181494957.0
24 7 1181495076.0
24 7 1181495260.0
24 7 1181495270.0
24 7 1181495348.0
24 7 1181495406.0
24 30 1181673613.0
24 18 1181674553.0
24 18 1181674608.0
32 19 1226228718.0
32 19 1226228767.0
32 19 1226228783.0
32 19 1226228813.0
32 23 1226229817.0
32 23 1226236552.0
32 11 1226323475.0
32 11 1226323545.0
32 18 1226324029.0
32 31 1226325755.0
32 31 1226325778.0
32 25 1226325927.0
32 25 1226326287.0
32 25 1226326577.0
34 14 1376257113.0
34 27 1376339151.0
39 22 1087653600.0
39 22 1087653601.0
39 22 1087653602.0
39 22 1087653603.0
39 22 1087653604.0
39 22 1087653605.0
39 22 1087653606.0
39 22 1087653607.0
39 22 1087653608.0
39 22 1087653609.0
39 22 1087653610.0
39 22 1087653611.0
39 22 1087653612.0
39 22 1087653613.0
39 22 1087653614.0
39 22 1087653615.0
39 22 1087653616.0
39 22 1087653617.0
39 22 1087653618.0
39 22 1087653619.0
39 22 1087653620.0
39 22 1087653621.0
39 22 1087653622.0
39 22 1087653623.0
39 22 1087653624.0
39 22 1087653625.0
39 22 1087653626.0
39 22 1087653627.0
39 22 1087653628.0
39 22 1087653629.0
39 22 1087653630.0
39 22 1087653631.0
39 22 1087653632.0
39 22 1087653633.0
39 22 1087653634.0
39 22 1087653635.0
39 22 1087653636.0
39 22 1087653637.0
39 22 1087653638.0
39 22 1087653639.0
39 22 1087653640.0
39 22 1087653641.0
39 22 1087653642.0
39 22 1087653643.0
39 22 1087653644.0
39 22 1087653645.0
39 22 1087653646.0
39 22 1087653647.0
39 22 1087653648.0
39 22 1087653649.0
39 22 1087653650.0
39 22 1087653651.0
39 22 1087653652.0
39 22 1087653653.0
39 22 1087653654.0
39 22 1087653655.0
39 22 1087653656.0
39 22 1087653657.0
39 22 1087653658.0
39 22 1087653659.0
39 22 1087653660.0
39 22 1087653661.0
39 25 1087662600.0
39 25 1087662604.0
39 25 1087662605.0
39 25 1087662606.0
39 25 1087662607.0
39 25 1087662608.0
39 25 1087662609.0
39 25 1087662610.0
39 25 1087662611.0
39 25 1087662613.0
39 25 1087662614.0
39 25 1087662615.0
39 25 1087662616.0
39 25 1087662617.0
39 25 1087662618.0
39 25 1087662620.0
39 25 1087662621.0
39 25 1087662622.0
39 25 1087662623.0
39 25 1087662624.0
39 25 1087662625.0
39 25 1087662626.0
39 25 1087662627.0
39 25 1087662628.0
39 25 1087662629.0
39 25 1087662630.0
39 25 1087662631.0
39 25 1087662632.0
39 25 1087662633.0
40 25 1300248041.0
40 25 1300248116.0
40 25 1300248132.0
40 25 1300248144.0
40 25 1300248299.0
40 25 1300248310.0
40 25 1300248344.0
40 25 1300248360.0
40 25 1300248368.0
40 25 1300248447.0
40 25 1300248459.0
40 25 1300248612.0
40 25 1300248626.0
40 25 1300248664.0
40 25 1300248826.0
40 25 1300248835.0
40 25 1300248905.0
40 25 1300248930.0
40 25 1300249080.0
40 25 1300249142.0
40 25 1300249382.0
40 25 1300249619.0
40 25 1300250283.0
40 25 1300250292.0
40 25 1300250319.0
40 25 1300250348.0
40 25 1300250398.0
40 25 1300250434.0
40 25 1300250453.0
40 25 1300250498.0
40 25 1300250518.0
40 25 1300250580.0
40 25 1300250596.0
40 15 1300251878.0
40 15 1300251992.0
40 15 1300252004.0
40 4 1300254472.0
40 4 1300254558.0
40 4 1300254600.0
40 4 1300254854.0
40 20 1300255114.0
40 4 1300255176.0
40 4 1300255194.0
40 15 1300260611.0
40 15 1300260680.0
40 15 1300261044.0
40 15 1300261066.0
40 15 1300261077.0
40 10 1300262551.0
40 10 1300262766.0
40 4 1300263250.0
40 23 1300264641.0
40 23 1300264702.0
40 23 1300264720.0
40 23 1300264851.0
40 23 1300264899.0
40 23 1300264928.0
40 23 1300264959.0
40 23 1300265136.0
40 23 1300265334.0
40 23 1300265403.0
40 23 1300265447.0
40 23 1300265491.0
40 23 1300265696.0
40 23 1300265813.0
40 23 1300265865.0
40 23 1300265883.0
40 23 1300265942.0
40 23 1300266134.0
40 23 1300266289.0
40 23 1300266433.0
40 23 1300266593.0
40 23 1300266714.0
40 23 1300266788.0
40 23 1300267475.0
40 23 1300267583.0
40 23 1300267929.0
40 23 1300267971.0
40 23 1300268133.0
40 23 1300268215.0
40 23 1300268347.0
40 23 1300268376.0
40 23 1300268566.0
40 23 1300268657.0
40 23 1300268820.0
40 23 1300269188.0
40 23 1300269263.0
40 23 1300269366.0
40 23 1300269717.0
40 23 1300269757.0
40 23 1300269765.0
40 23 1300270019.0
40 23 1300270196.0
40 23 1300270221.0
40 23 1300270296.0
40 23 1300270342.0
40 23 1300270395.0
40 23 1300270526.0
40 23 1300270659.0
40 23 1300270806.0
40 23 1300270818.0
40 23 1300270914.0
40 23 1300271410.0
40 23 1300271474.0
40 23 1300271537.0
40 23 1300271579.0
40 23 1300271790.0
40 23 1300271842.0
40 23 1300271906.0
40 23 1300271993.0
40 23 1300272076.0
40 23 1300272105.0
40 23 1300272206.0
40 23 1300272226.0
40 23 1300272258.0
40 23 1300272276.0
40 23 1300272366.0
40 30 1300336352.0
40 8 1300338040.0
40 8 1300338068.0
40 8 1300338306.0
40 11 1300338390.0
40 8 1300338429.0
40 8 1300338506.0
40 8 1300338746.0
40 1 1300338849.0
40 7 1300339105.0
40 7 1300339138.0
40 7 1300339153.0
40 7 1300339190.0
40 7 1300339266.0
40 7 1300339347.0
40 17 1300339431.0
40 7 1300339617.0
40 7 1300339661.0
40 7 1300339706.0
40 7 1300339752.0
40 7 1300339782.0
40 7 1300339809.0
40 7 1300339841.0
40 7 1300339951.0
40 7 1300339998.0
40 7 1300340132.0
40 7 1300340166.0
40 7 1300340231.0
40 7 1300340268.0
40 7 1300340398.0
40 7 1300340414.0
40 17 1300340771.0
40 7 1300340826.0
40 17 1300341043.0
40 17 1300341085.0
40 17 1300341144.0
40 17 1300341202.0
40 17 1300341291.0
40 17 1300341353.0
40 7 1300341678.0
40 17 1300341725.0
40 1 1300342271.0
40 1 1300342766.0
40 1 1300343420.0
40 1 1300343514.0
40 1 1300343577.0
40 1 1300343685.0
40 1 1300343721.0
40 1 1300343764.0
40 1 1300344054.0
40 1 1300344070.0
40 1 1300344106.0
40 1 1300344124.0
40 1 1300344262.0
40 1 1300344377.0
40 1 1300344411.0
40 1 1300344579.0
40 1 1300344629.0
40 1 1300344704.0
40 1 1300344907.0
40 1 1300344925.0
40 1 1300345125.0
40 1 1300345211.0
40 1 1300345302.0
40 1 1300345555.0
40 1 1300345566.0
40 1 1300345764.0
40 1 1300345844.0
40 1 1300345935.0
40 1 1300346000.0
40 1 1300346015.0
40 1 1300346038.0
40 1 1300346091.0
40 1 1300346792.0
40 1 1300346818.0
40 1 1300346827.0
40 1 1300346879.0
40 1 1300347034.0
40 1 1300347289.0
40 1 1300347320.0
40 1 1300347575.0
40 1 1300347719.0
40 1 1300347745.0
40 1 1300347768.0
40 1 1300347995.0
40 1 1300348172.0
40 1 1300348261.0
40 1 1300348289.0
40 1 1300348349.0
40 1 1300348374.0
40 1 1300348399.0
40 1 1300348470.0
40 1 1300348505.0
40 1 1300348792.0
40 1 1300348958.0
40 1 1300349014.0
40 1 1300349217.0
40 1 1300349251.0
40 1 1300349269.0
40 1 1300349299.0
40 1 1300349332.0
40 1 1300349359.0
40 1 1300349380.0
40 1 1300349396.0
40 1 1300349419.0
40 1 1300349429.0
40 1 1300349655.0
40 1 1300349794.0
40 1 1300349852.0
40 1 1300349913.0
40 1 1300349990.0
40 1 1300350077.0
40 1 1300350118.0
40 1 1300350185.0
40 1 1300350227.0
40 1 1300350242.0
40 1 1300350264.0
40 1 1300350326.0
40 1 1300350339.0
40 1 1300350430.0
40 1 1300350481.0
40 1 1300350556.0
40 1 1300350668.0
40 1 1300350731.0
40 1 1300350747.0
40 1 1300350767.0
40 1 1300350804.0
40 1 1300350913.0
40 1 1300350948.0
40 1 1300350960.0
40 1 1300351028.0
40 1 1300351040.0
40 1 1300351154.0
40 1 1300351173.0
40 1 1300351184.0
40 1 1300351206.0
40 1 1300351228.0
40 1 1300351242.0
40 1 1300351260.0
40 1 1300351286.0
40 1 1300351307.0
40 1 1300351316.0
40 1 1300351341.0
40 1 1300351399.0
40 1 1300351450.0
40 1 1300351463.0
40 1 1300351594.0
40 1 1300351734.0
40 1 1300351809.0
40 1 1300351878.0
40 1 1300351940.0
40 1 1300351995.0
40 1 1300352110.0
40 1 1300352140.0
40 1 1300352172.0
40 1 1300352206.0
40 1 1300352229.0
40 1 1300352251.0
40 1 1300352308.0
40 1 1300352388.0
40 1 1300352596.0
40 1 1300352637.0
40 1 1300352673.0
40 1 1300352717.0
40 1 1300352799.0
40 1 1300352834.0
40 1 1300352975.0
40 1 1300352989.0
40 1 1300353017.0
40 1 1300353027.0
40 1 1300353100.0
40 1 1300353119.0
40 1 1300353176.0
40 1 1300353427.0
40 1 1300353463.0
40 1 1300353527.0
40 1 1300353666.0
40 1 1300353796.0
40 1 1300354005.0
40 1 1300354033.0
40 1 1300354104.0
40 1 1300354121.0
40 1 1300355957.0
40 1 1300356966.0
40 1 1300356985.0
40 7 1300357340.0
40 7 1300358443.0
40 25 1300369424.0
40 25 1300369802.0
40 25 1300369816.0
40 25 1300369896.0
40 25 1300370279.0
40 25 1300370533.0
40 25 1300370862.0
40 25 1300371633.0
40 25 1300372529.0
40 25 1300373938.0
40 25 1300374173.0
40 21 1300375928.0
40 20 1300376496.0
40 20 1300376648.0
40 21 1300376730.0
40 20 1300376743.0
40 20 1300376772.0
40 0 1300377541.0
40 0 1300377755.0
40 7 1300377903.0
40 7 1300377944.0
40 0 1300378061.0
40 0 1300378077.0
40 30 1300422488.0
40 31 1300423167.0
40 31 1300423247.0
40 31 1300423299.0
40 31 1300423719.0
40 6 1300424245.0
40 6 1300424972.0
40 6 1300425046.0
40 6 1300425160.0
40 6 1300425266.0
40 6 1300425283.0
40 6 1300425326.0
40 6 1300426187.0
40 6 1300426812.0
40 6 1300427397.0
40 6 1300427657.0
40 6 1300427755.0
40 6 1300428484.0
40 6 1300429056.0
40 6 1300429189.0
40 6 1300429282.0
40 24 1300441220.0
40 31 1300451191.0
40 31 1300451704.0
40 31 1300451756.0
40 31 1300451912.0
40 31 1300451923.0
40 31 1300451934.0
40 31 1300451953.0
40 31 1300452285.0
40 31 1300452344.0
40 31 1300452704.0
40 31 1300452715.0
40 31 1300452724.0
40 31 1300452767.0
40 31 1300452773.0
40 31 1300452800.0
40 31 1300452899.0
40 31 1300453145.0
40 31 1300453166.0
40 31 1300456063.0
40 31 1300456074.0
40 31 1300456097.0
40 31 1300456270.0
40 31 1300456398.0
40 31 1300456545.0
40 31 1300460143.0
40 0 1300594573.0
40 0 1300594960.0
40 7 1300595064.0
40 32 1300603463.0
40 32 1300603560.0
40 30 1300612514.0
40 31 1300631441.0
40 31 1300631461.0
40 31 1300631487.0
40 31 1300631495.0
40 31 1300631506.0
40 31 1300631918.0
40 31 1300632131.0
40 31 1300632160.0
40 31 1300632300.0
40 31 1300637210.0
40 31 1300637425.0
40 0 1300638587.0
40 0 1300638957.0
40 0 1300641476.0
40 0 1300643034.0
40 0 1300643095.0
40 0 1300643257.0
40 0 1300643302.0
40 0 1300643321.0
40 0 1300643330.0
40 0 1300643397.0
40 0 1300643410.0
40 0 1300643428.0
40 0 1300643458.0
40 0 1300643499.0
40 11 1300688175.0
40 11 1300688543.0
40 11 1300688593.0
40 11 1300688631.0
40 11 1300688774.0
40 18 1300689230.0
40 18 1300689261.0
40 18 1300689292.0
40 18 1300690593.0
40 18 1300690612.0
40 18 1300690626.0
40 18 1300690648.0
40 18 1300690673.0
40 18 1300690685.0
40 18 1300690710.0
40 18 1300690760.0
40 18 1300690771.0
40 18 1300690826.0
40 18 1300691411.0
40 18 1300691525.0
40 18 1300691541.0
40 18 1300691561.0
40 18 1300691610.0
40 25 1300692659.0
40 25 1300692672.0
40 25 1300692729.0
40 25 1300692803.0
40 25 1300693066.0
40 25 1300693112.0
40 25 1300693129.0
40 25 1300693144.0
40 25 1300693189.0
40 25 1300693200.0
40 25 1300693219.0
40 25 1300693243.0
40 25 1300693254.0
40 25 1300693274.0
40 25 1300693306.0
40 25 1300693328.0
40 25 1300693385.0
40 25 1300693440.0
40 25 1300693504.0
40 25 1300693517.0
40 25 1300693697.0
40 25 1300693754.0
40 25 1300693789.0
40 25 1300693932.0
40 20 1300700266.0
40 28 1300700753.0
40 28 1300700768.0
40 28 1300700805.0
40 28 1300700825.0
40 28 1300700867.0
40 28 1300700886.0
40 28 1300700902.0
40 28 1300700932.0
40 28 1300700952.0
40 28 1300700984.0
40 28 1300701081.0
40 5 1300701140.0
40 20 1300701408.0
40 29 1300701539.0
40 27 1300701539.0
40 20 1300701602.0
40 27 1300702184.0
40 29 1300702242.0
40 29 1300702341.0
40 29 1300702360.0
40 29 1300702435.0
40 29 1300702454.0
40 29 1300702560.0
40 29 1300703315.0
40 30 1300705192.0
40 11 1300759007.0
40 11 1300767553.0
40 11 1300767585.0
40 11 1300767598.0
40 11 1300767613.0
40 11 1300767634.0
40 11 1300767718.0
40 11 1300767826.0
40 11 1300767877.0
40 11 1300767904.0
40 11 1300767912.0
40 11 1300767922.0
40 11 1300767930.0
40 11 1300767951.0
40 11 1300767972.0
40 11 1300768033.0
40 11 1300768049.0
40 11 1300768094.0
40 11 1300768111.0
40 11 1300768132.0
40 11 1300768207.0
40 11 1300768412.0
40 11 1300768444.0
40 11 1300768638.0
40 11 1300768706.0
40 11 1300768931.0
40 11 1300769160.0
40 11 1300769177.0
40 11 1300769185.0
40 11 1300769195.0
40 28 1300771329.0
40 28 1300777289.0
40 28 1300777303.0
40 28 1300777310.0
40 5 1300777434.0
40 28 1300777444.0
40 28 1300777457.0
40 28 1300777491.0
40 28 1300777545.0
40 28 1300777807.0
40 28 1300778389.0
40 28 1300780965.0
40 28 1300780992.0
47 12 1300031826.0
47 8 1300033723.0
47 8 1300033781.0
47 12 1300034238.0
47 12 1300034258.0
47 12 1300034437.0
47 1 1300035081.0
47 1 1300036636.0
47 14 1300039251.0
47 14 1300039346.0
47 14 1300039361.0
47 14 1300039432.0
47 12 1306879995.0
47 12 1306880092.0
47 17 1306881498.0
47 17 1306881893.0
47 17 1306881969.0
47 17 1306882566.0
47 18 1307201018.0
47 18 1307201049.0
47 18 1307201097.0
47 18 1307201189.0
47 18 1307201273.0
49 17 1220794313.0
49 7 1220797594.0
55 5 1276321275.0
55 8 1276324946.0
55 31 1276498440.0
55 25 1276501510.0
63 4 1192137236.0
63 3 1192140069.0
67 11 1152712397.0
67 11 1152712427.0
67 14 1152712523.0
67 13 1152712572.0
67 20 1152712910.0
67 20 1152713061.0
67 20 1152713319.0
67 20 1152725510.0
67 19 1152782050.0
67 19 1152782058.0
67 19 1152782092.0
67 19 1152782421.0
67 19 1152782455.0
67 19 1152782491.0
67 19 1152782498.0
67 19 1152782619.0
67 19 1152782756.0
67 11 1152784886.0
67 11 1152786828.0
67 11 1152786898.0
67 11 1152786963.0
67 11 1152787119.0
67 11 1152787151.0
67 11 1152787172.0
67 11 1152788045.0
67 11 1152788074.0
67 11 1152788102.0
67 11 1152788954.0
67 17 1152790533.0
67 17 1152791120.0
67 8 1152791424.0
67 8 1152791438.0
67 8 1152791475.0
67 8 1152791530.0
67 8 1152791548.0
67 8 1152791637.0
67 17 1152792134.0
67 17 1152792163.0
67 17 1152792181.0
67 7 1152792273.0
67 7 1152792346.0
67 7 1152792415.0
67 17 1152792773.0
67 17 1152792780.0
67 17 1152792817.0
67 17 1152792827.0
67 17 1152793043.0
67 17 1152793106.0
67 17 1152793244.0
67 17 1152793344.0
67 17 1152793381.0
67 17 1152793446.0
67 17 1152793514.0
67 5 1380100847.0
67 5 1380100896.0
67 17 1380102726.0
67 7 1380103010.0
67 7 1380103067.0
67 7 1380103140.0
67 7 1380103186.0
67 7 1380103277.0
67 7 1380103283.0
67 7 1380103333.0
67 7 1380103408.0
67 7 1380103417.0
67 7 1380103452.0
67 7 1380103479.0
67 7 1380103873.0
67 7 1380103925.0
67 7 1380103983.0
67 17 1380104110.0
67 7 1380104129.0
67 17 1380104212.0
67 17 1380104218.0
67 17 1380104225.0
67 17 1380104336.0
67 17 1380104350.0
67 17 1380104399.0
67 17 1380104441.0
67 17 1380104633.0
67 17 1380104901.0
67 17 1380104965.0
67 17 1380105028.0
67 24 1380109617.0
67 24 1380109701.0
67 24 1380109722.0
67 24 1380109730.0
67 24 1380109765.0
67 24 1380109789.0
67 24 1380109838.0
67 24 1380109851.0
67 24 1380109958.0
67 24 1380110064.0
67 24 1380110087.0
67 24 1380110100.0
67 24 1380110150.0
67 24 1380110210.0
67 24 1380110322.0
67 24 1380110334.0
67 24 1380110459.0
67 2 1380111998.0
67 24 1380112008.0
68 10 1198501723.0
68 10 1198501870.0
68 10 1198502101.0
68 10 1198502972.0
68 8 1230394410.0
68 8 1230394518.0
88 7 1277036617.0
88 7 1277036991.0
88 7 1277037046.0
88 17 1277037136.0
88 7 1277037269.0
88 25 1277043458.0
88 14 1277068205.0
88 0 1277069516.0
88 2 1277121438.0
88 3 1277121948.0
90 0 1097549662.0
90 8 1097556224.0
93 10 1253813383.0
93 8 1253821302.0
93 1 1253821832.0
93 7 1253822618.0
94 21 1225974979.0
94 21 1225974983.0
94 17 1225975096.0
94 13 1225975106.0
94 13 1225975109.0
98 0 1222604731.0
98 13 1222604978.0
98 13 1222605028.0
98 13 1222605037.0
98 13 1222606179.0
98 11 1222670567.0
99 4 1302102034.0
99 4 1302102088.0
99 4 1302102112.0
99 4 1302102128.0
99 4 1302102175.0
99 4 1302102239.0
99 4 1302102275.0
99 4 1302102416.0
99 4 1302103408.0
99 4 1302103425.0
99 4 1302103480.0
99 4 1302103835.0
99 4 1302103878.0
99 4 1302104192.0
99 4 1302104852.0
99 4 1302104859.0
99 4 1302104893.0
99 15 1302105816.0
99 15 1302112130.0
99 15 1302112162.0
99 15 1302112226.0
99 15 1302112499.0
99 15 1302112518.0
99 15 1302170736.0
99 15 1302170866.0
99 15 1302170883.0
99 0 1302171404.0
99 0 1302171469.0
99 0 1302171689.0
99 0 1302171699.0
99 0 1302171829.0
99 0 1302171952.0
99 0 1302171971.0
99 13 1302172092.0
99 21 1302172240.0
99 8 1302172475.0
99 8 1302172672.0
99 8 1302173204.0
99 8 1302173227.0
99 8 1302173319.0
99 8 1302173544.0
99 8 1302173687.0
99 1 1302173824.0
99 1 1302174239.0
99 1 1302174253.0
99 1 1302174337.0
99 1 1302174365.0
99 1 1302174378.0
99 1 1302174424.0
99 1 1302174468.0
99 1 1302174607.0
99 1 1302174617.0
99 1 1302174626.0
99 1 1302174634.0
99 8 1302175215.0
99 8 1302175375.0
99 7 1302176238.0
99 7 1302176315.0
99 7 1302176400.0
99 7 1302176776.0
99 7 1302176832.0
99 7 1302176944.0
99 7 1302177226.0
99 7 1302178032.0
99 7 1302178474.0
99 7 1302178503.0
99 7 1302178567.0
99 7 1302178726.0
99 7 1302178768.0
99 7 1302178780.0
99 7 1302178784.0
99 7 1302178832.0
99 7 1302178932.0
99 7 1302179007.0
99 17 1302179127.0
99 7 1302179339.0
99 7 1302179439.0
99 17 1302180269.0
99 7 1302183277.0
99 7 1302183355.0
99 7 1302183399.0
99 7 1302183444.0
99 7 1302183463.0
99 7 1302183495.0
99 7 1302183573.0
99 7 1302183593.0
99 7 1302183644.0
99 7 1302183663.0
99 7 1302183680.0
99 7 1302183725.0
99 7 1302183743.0
99 7 1302183785.0
99 7 1302183810.0
99 7 1302183847.0
99 7 1302183868.0
99 7 1302183913.0
99 7 1302183940.0
99 7 1302183957.0
99 7 1302184040.0
99 7 1302184118.0
99 7 1302184180.0
99 7 1302184248.0
99 7 1302184317.0
99 7 1302184352.0
99 7 1302184374.0
99 7 1302184424.0
99 7 1302184440.0
99 7 1302184561.0
99 7 1302184621.0
99 7 1302184762.0
99 7 1302184808.0
99 7 1302184843.0
99 7 1302184889.0
99 7 1302184937.0
99 7 1302184951.0
99 7 1302185005.0
99 7 1302185098.0
99 7 1302185143.0
99 7 1302185181.0
99 7 1302185268.0
99 7 1302185290.0
99 7 1302185343.0
99 7 1302185380.0
99 7 1302185436.0
99 7 1302185601.0
99 7 1302185607.0
99 7 1302185746.0
99 7 1302185807.0
99 17 1302186093.0
99 17 1302186111.0
99 7 1302186289.0
99 7 1302186364.0
99 7 1302186404.0
99 7 1302186511.0
99 7 1302186559.0
99 7 1302186640.0
99 7 1302186699.0
99 7 1302186728.0
99 7 1302186850.0
99 7 1302186888.0
99 7 1302186929.0
99 7 1302186944.0
99 7 1302186965.0
99 7 1302187070.0
99 7 1302187296.0
99 7 1302187322.0
99 7 1302187352.0
99 7 1302187381.0
99 7 1302187418.0
99 7 1302187599.0
99 7 1302187622.0
99 7 1302187651.0
99 7 1302187755.0
99 7 1302187841.0
99 7 1302187879.0
99 7 1302187924.0
99 7 1302187952.0
99 7 1302188137.0
99 7 1302188168.0
99 7 1302188466.0
99 7 1302188622.0
99 7 1302188751.0
99 17 1302188868.0
99 17 1302189095.0
99 17 1302189146.0
99 17 1302189213.0
99 17 1302189522.0
99 7 1302189625.0
99 7 1302189671.0
99 8 1302190532.0
99 8 1302190866.0
99 8 1302190888.0
99 21 1302192577.0
99 21 1302192677.0
99 15 1302344779.0
99 15 1302344862.0
99 15 1302345101.0
99 15 1302345138.0
99 15 1302345340.0
99 15 1302345468.0
99 15 1302345508.0
99 15 1302345603.0
99 15 1302345643.0
99 25 1302346625.0
99 25 1302346634.0
99 25 1302347127.0
99 25 1302347484.0
99 25 1302347516.0
99 25 1302347592.0
99 25 1302347602.0
99 25 1302347686.0
99 25 1302347733.0
99 25 1302347772.0
99 25 1302347875.0
99 25 1302347912.0
99 25 1302347923.0
99 25 1302348036.0
99 25 1302348103.0
99 25 1302348315.0
99 25 1302348414.0
99 25 1302348506.0
99 25 1302348637.0
99 25 1302348656.0
99 25 1302348726.0
99 25 1302348978.0
99 25 1302349073.0
99 25 1302349088.0
99 25 1302349299.0
99 25 1302349403.0
99 25 1302349449.0
99 25 1302349473.0
99 25 1302349681.0
99 25 1302349699.0
99 18 1302353080.0
99 18 1302353355.0
99 18 1302363305.0
99 18 1302363470.0
99 0 1302364533.0
99 0 1302364545.0
99 0 1302364575.0
99 0 1302364851.0
99 0 1302364960.0
99 15 1302365636.0
99 2 1302439612.0
99 2 1302439991.0
99 2 1302440017.0
99 2 1302440040.0
99 2 1302440097.0
99 2 1302440119.0
99 2 1302440248.0
99 2 1302440329.0
99 2 1302440342.0
99 2 1302440712.0
99 2 1302440756.0
99 2 1302443732.0
99 10 1302515974.0
99 13 1302517256.0
99 13 1302517334.0
99 11 1302517545.0
99 11 1302517609.0
99 13 1302517820.0
99 13 1302517949.0
99 13 1302518004.0
99 10 1302518798.0
99 20 1302519265.0
99 20 1302519319.0
99 20 1302519422.0
99 21 1302519616.0
99 21 1302520434.0
99 4 1302522293.0
99 5 1302523000.0
99 5 1302523352.0
99 5 1302523578.0
99 5 1302523784.0
99 10 1302691244.0
99 10 1302691333.0
99 10 1302691451.0
99 10 1302691489.0
99 15 1302692328.0
99 15 1302697215.0
99 15 1302697233.0
99 15 1302697263.0
99 15 1302697312.0
99 7 1303673643.0
105 29 1382830138.0
105 19 1382830152.0
105 19 1384077781.0
106 0 1390458601.0
106 13 1390458635.0
111 6 1361642448.0
111 24 1361704212.0
111 24 1361704311.0
114 24 1166653539.0
114 24 1166653545.0
114 24 1166653573.0
114 24 1166707963.0
114 24 1166707985.0
114 11 1166708078.0
114 11 1166708092.0
118 9 1272175283.0
118 25 1293322811.0
118 10 1300401709.0
119 13 1340401062.0
119 13 1340401134.0
119 13 1340401294.0
119 1 1340402238.0
119 1 1340446629.0
119 13 1340448409.0
119 6 1340458392.0
119 1 1340463928.0
120 10 1205965014.0
120 10 1205965030.0
120 17 1245680056.0
120 17 1245680209.0
120 17 1245680438.0
120 8 1245681742.0
120 13 1245685824.0
120 13 1245704007.0
120 25 1245751140.0
120 18 1245751995.0
120 18 1245752295.0
120 7 1245768063.0
120 7 1245770515.0
120 7 1245770597.0
120 7 1245770663.0
120 7 1245770859.0
120 17 1245772116.0
120 17 1245772474.0
120 17 1245774675.0
120 7 1245775311.0
120 8 1245775585.0
120 8 1245775692.0
120 8 1245775950.0
120 8 1245776526.0
120 8 1245776627.0
120 8 1245776722.0
120 1 1245776808.0
120 12 1245777277.0
120 12 1245777610.0
120 12 1245778022.0
120 8 1245789815.0
120 13 1245790007.0
120 0 1245796315.0
120 25 1245841330.0
120 31 1245841709.0
120 31 1245842273.0
120 26 1245844105.0
120 26 1245844236.0
120 26 1245844489.0
120 26 1245844667.0
120 19 1245845523.0
120 19 1245846263.0
120 10 1245869974.0
120 13 1245870673.0
120 7 1245882621.0
120 17 1245883107.0
120 17 1245883269.0
120 17 1245883292.0
120 17 1245883633.0
120 20 1245922662.0
120 4 1245923088.0
120 4 1245923151.0
120 4 1245923187.0
120 4 1245926395.0
120 4 1245926445.0
120 4 1245926610.0
120 4 1245926759.0
120 4 1245926815.0
120 15 1245930303.0
120 15 1245930365.0
120 15 1245930856.0
120 15 1245930993.0
120 15 1245931000.0
120 15 1245932007.0
120 15 1245932031.0
120 15 1245932053.0
120 15 1245932137.0
120 15 1245932248.0
120 15 1245932333.0
120 15 1245932372.0
120 15 1245932486.0
120 10 1245932592.0
120 10 1245932710.0
120 10 1245932777.0
120 2 1245941389.0
120 2 1245941781.0
120 2 1245942143.0
120 3 1245942588.0
120 3 1245942603.0
120 24 1245943998.0
120 24 1245944083.0
120 16 1245944188.0
120 24 1245944262.0
120 24 1245944418.0
120 24 1245944426.0
120 15 1245951462.0
120 21 1245951950.0
120 8 1245965655.0
120 8 1245966092.0
122 13 1303487188.0
122 25 1303563343.0
122 7 1303664575.0
122 8 1303666003.0
122 1 1303670053.0
122 1 1303670101.0
122 1 1303670513.0
125 33 1250684042.0
125 33 1250694652.0
125 16 1295176244.0
125 16 1295176451.0
125 16 1295176777.0
125 16 1295176922.0
125 16 1295176990.0
125 16 1295177016.0
125 16 1295177038.0
125 16 1295177095.0
125 7 1300018081.0
125 27 1300106471.0
125 27 1300106656.0
125 30 1308161391.0
125 30 1308161404.0
125 30 1308161418.0
125 30 1308161435.0
125 30 1308161447.0
125 30 1308161447.0
125 30 1308161447.0
125 30 1308161456.0
125 30 1365099407.0
126 19 1273835548.0
126 19 1273835564.0
126 0 1273858206.0
126 8 1273858971.0
126 8 1273859073.0
126 8 1273859506.0
126 8 1273859613.0
126 8 1273859630.0
126 31 1273862345.0
126 31 1273862359.0
126 31 1273862625.0
126 31 1273863552.0
126 31 1273863567.0
126 31 1273863805.0
126 31 1273866044.0
126 31 1273867425.0
126 31 1273867518.0
126 31 1273867536.0
126 31 1273872095.0
126 31 1273872111.0
126 31 1273872121.0
126 31 1273872133.0
126 18 1273874188.0
126 18 1273874224.0
126 11 1273924999.0
126 11 1273925175.0
126 11 1273925193.0
126 11 1273925924.0
126 25 1273929881.0
126 25 1273929887.0
126 27 1274098437.0
126 27 1274098457.0
126 27 1274098502.0
126 27 1274098570.0
126 27 1274098593.0
126 27 1274099029.0
126 5 1274100254.0
126 5 1274100274.0
126 5 1274100681.0
126 5 1274101030.0
128 36 1278332781.0
128 11 1278439502.0
128 20 1278710727.0
134 2 1235306210.0
134 12 1254941050.0
156 31 1282042632.0
156 31 1282042784.0
156 31 1282043019.0
156 0 1282043058.0
156 0 1282043316.0
156 0 1282043337.0
156 8 1282043706.0
156 18 1282044079.0
156 18 1282044356.0
156 18 1282044483.0
156 18 1282044673.0
156 18 1282044833.0
156 31 1282072183.0
156 25 1282074449.0
156 0 1282075091.0
156 13 1282075933.0
156 0 1282131678.0
156 0 1282131950.0
156 13 1282132041.0
156 13 1282132050.0
156 8 1282132526.0
156 8 1282132532.0
156 8 1282132580.0
156 8 1282134827.0
156 8 1282135414.0
156 1 1282135984.0
156 1 1282136394.0
156 1 1282136425.0
156 1 1282136561.0
156 1 1282136859.0
156 1 1282136919.0
156 1 1282137040.0
156 1 1282137506.0
156 1 1282137895.0
156 1 1282137915.0
156 1 1282137955.0
156 1 1282138467.0
156 1 1282139619.0
156 1 1282139653.0
156 1 1282139764.0
156 1 1282140003.0
156 1 1282140031.0
156 8 1282140156.0
156 17 1282141065.0
156 17 1282141067.0
156 7 1282141461.0
156 7 1282141475.0
156 7 1282141520.0
156 17 1282142339.0
156 16 1282147672.0
156 16 1282147737.0
156 16 1282147769.0
156 16 1282147803.0
156 16 1282147805.0
156 24 1282147924.0
156 24 1282147937.0
156 24 1282147996.0
156 24 1282148129.0
156 3 1282148487.0
156 3 1282156538.0
156 3 1282156553.0
156 3 1282156624.0
156 3 1282156697.0
156 3 1282156738.0
156 3 1282156772.0
156 3 1282156898.0
156 3 1282156942.0
156 3 1282156956.0
156 3 1282157022.0
156 3 1282157104.0
156 3 1282157116.0
156 24 1282157780.0
156 31 1282161175.0
156 25 1282162608.0
156 25 1282162625.0
157 19 1383996476.0
157 19 1383996590.0
157 3 1384058091.0
167 2 1333687408.0
167 0 1334390656.0
180 25 1376908526.0
180 32 1377011327.0
180 4 1377103085.0
182 21 1275542699.0
182 7 1275547393.0
182 7 1275550001.0
182 7 1275550450.0
182 7 1275550467.0
182 7 1275550476.0
182 7 1275550651.0
182 7 1275550714.0
182 7 1275550899.0
182 7 1275550978.0
182 7 1275550994.0
182 7 1275551005.0
182 7 1275551039.0
182 7 1275551104.0
182 7 1275551211.0
182 7 1275551233.0
182 7 1275551270.0
182 7 1275551343.0
182 7 1275552940.0
182 7 1275553182.0
182 7 1275553369.0
184 11 1329057652.0
184 24 1329062213.0
184 17 1329064872.0
184 29 1329069300.0
184 29 1329069760.0
197 21 1270813562.0
197 21 1270813595.0
197 27 1270814161.0
197 27 1270814164.0
197 27 1270814230.0
197 27 1270814338.0
197 27 1270814344.0
197 27 1270814590.0
197 27 1270814692.0
197 27 1270814759.0
197 27 1270814782.0
197 8 1270819204.0
197 7 1270819800.0
197 7 1270819803.0
197 7 1270819864.0
197 7 1270819960.0
197 7 1270820000.0
197 7 1270820048.0
197 7 1270820193.0
197 7 1270820375.0
197 7 1270820408.0
197 7 1270820483.0
197 7 1270820511.0
197 7 1270820530.0
197 7 1270820567.0
197 7 1270820650.0
197 7 1270820708.0
197 7 1270820723.0
197 7 1270821002.0
197 17 1270821378.0
197 8 1270822186.0
197 8 1270823491.0
197 13 1270823501.0
197 13 1270823560.0
197 11 1270823772.0
197 11 1270823775.0
197 0 1270823833.0
197 0 1270824533.0
197 24 1270832004.0
197 24 1270832052.0
197 31 1270892547.0
197 31 1270892563.0
197 31 1270892832.0
197 31 1270893165.0
197 24 1270894762.0
197 24 1270894798.0
197 24 1270894837.0
197 16 1270898193.0
197 16 1270898204.0
197 16 1270898216.0
197 16 1270898491.0
197 16 1270898568.0
197 16 1270898576.0
197 16 1270898797.0
197 16 1270898803.0
197 16 1270899141.0
197 16 1270899596.0
197 16 1270899864.0
197 16 1270900311.0
197 2 1270902160.0
197 2 1270902171.0
197 2 1270902212.0
197 2 1270902267.0
197 2 1270902303.0
198 24 1336128226.0
198 2 1336129532.0
198 2 1336130233.0
198 25 1336136266.0
198 17 1336138818.0
198 8 1336140858.0
198 1 1336141936.0
198 1 1336141957.0
198 8 1336143768.0
198 7 1336145121.0
198 5 1336151793.0
198 20 1336152028.0
198 20 1336152104.0
198 4 1336152574.0
198 14 1336216617.0
198 14 1336216650.0
199 23 1345325841.0
199 23 1345325844.0
199 23 1345325976.0
199 23 1345326006.0
199 23 1345327930.0
199 23 1345328060.0
199 23 1345330279.0
199 23 1345330482.0
199 15 1345376555.0
199 15 1345376671.0
199 15 1345376687.0
199 10 1345377944.0
199 10 1345377974.0
199 10 1345378257.0
199 10 1345378286.0
199 10 1345379784.0
199 11 1345384492.0
199 11 1345384504.0
199 11 1345384530.0
199 11 1345384777.0
199 11 1345384841.0
199 11 1345387942.0
199 0 1345388642.0
199 13 1345388736.0
199 13 1345388767.0
199 13 1345388773.0
199 13 1345388801.0
199 13 1345388823.0
199 13 1345388987.0
199 13 1345389260.0
199 13 1345389285.0
199 13 1345393413.0
199 13 1345393420.0
199 25 1345395027.0
199 25 1345395052.0
199 25 1345395207.0
199 25 1345396187.0
199 25 1345396651.0
199 24 1345397549.0
199 24 1345397558.0
199 24 1345397567.0
199 24 1345397680.0
199 24 1345397690.0
199 24 1345397728.0
199 24 1345397767.0
199 24 1345397807.0
199 24 1345397839.0
199 24 1345397848.0
199 2 1345398023.0
199 2 1345398121.0
199 2 1345398140.0
199 2 1345398201.0
199 4 1345459315.0
199 4 1345459373.0
199 4 1345459459.0
199 20 1345459521.0
199 20 1345459532.0
199 20 1345459631.0
199 20 1345459752.0
199 27 1345462139.0
199 27 1345462220.0
199 29 1345463384.0
199 29 1345463510.0
199 29 1345463523.0
199 27 1345464506.0
199 27 1345464519.0
199 12 1345468045.0
199 12 1345468095.0
199 12 1345468109.0
199 1 1345472221.0
199 1 1345473263.0
199 17 1345474778.0
199 17 1345477609.0
199 17 1345477703.0
199 17 1345477737.0
199 17 1345477776.0
199 17 1345477783.0
199 7 1345477933.0
199 7 1345478882.0
199 20 1345499621.0
199 20 1345499638.0
199 20 1345499828.0
199 20 1345503380.0
199 20 1345503429.0
207 11 1313667084.0
207 27 1314186767.0
211 17 1175523828.0
211 17 1175523878.0
211 17 1175523907.0
211 17 1175523931.0
211 17 1175524572.0
211 7 1175524745.0
212 3 1298286430.0
212 3 1298286487.0
212 28 1298385505.0
212 27 1298389727.0
212 3 1298460371.0
212 3 1298460437.0
212 3 1298461008.0
212 3 1298461286.0
212 3 1298461488.0
212 3 1298461557.0
214 11 1371225549.0
214 8 1371225679.0
224 7 1226226444.0
224 0 1235308201.0
224 0 1235308443.0
224 2 1389359371.0
225 13 1368920188.0
225 11 1368921163.0
228 0 1351469544.0
228 29 1381853143.0
228 29 1381853258.0
228 27 1381853413.0
228 27 1381853516.0
239 25 1260191800.0
239 25 1260192316.0
239 11 1260193996.0
239 25 1260195397.0
239 21 1260202277.0
241 4 1241630112.0
241 28 1241630636.0
241 27 1241630643.0
241 5 1241630829.0
241 21 1241631667.0
241 17 1241690929.0
241 17 1241691042.0
241 7 1241691493.0
241 7 1241691579.0
241 7 1241691672.0
241 7 1241692381.0
241 17 1241692622.0
241 17 1241692690.0
241 7 1241693095.0
241 8 1241694804.0
241 8 1241695170.0
241 7 1241696303.0
241 7 1241696505.0
241 17 1241697529.0
241 11 1241698440.0
241 13 1241698742.0
241 0 1241698994.0
241 13 1241699087.0
241 4 1241702264.0
241 4 1241703154.0
241 31 1241708064.0
241 31 1241708083.0
241 31 1241708179.0
241 25 1241708749.0
241 25 1241709047.0
241 25 1241709072.0
241 25 1241709110.0
241 25 1241709293.0
241 25 1241709601.0
241 25 1241710013.0
241 25 1241710047.0
241 25 1241710188.0
241 25 1241710258.0
241 30 1241783325.0
245 7 1292174876.0
245 11 1292236067.0
245 7 1292243646.0
245 17 1292514122.0
246 27 1154638005.0
246 27 1154638218.0
246 0 1154641936.0
246 4 1154724873.0
250 21 1384689014.0
250 11 1384859859.0
250 1 1384859969.0
250 8 1384860015.0
250 8 1384863765.0
255 29 1396797804.0
255 1 1396797903.0
255 24 1396884741.0
255 11 1396884995.0
255 11 1396885214.0
255 25 1396885500.0
255 24 1396917434.0
255 25 1396917776.0
255 17 1396918045.0
255 1 1396943980.0
255 1 1396944071.0
255 1 1396944279.0
255 11 1397838212.0
260 24 1354098853.0
260 24 1354099246.0
260 2 1354100241.0
260 9 1354100815.0
260 24 1354101443.0
260 19 1354183353.0
260 19 1354183446.0
260 19 1354183888.0
260 22 1354184388.0
260 22 1354184446.0
260 22 1354184654.0
260 22 1354184751.0
260 22 1354185000.0
260 22 1354185356.0
260 22 1354185356.0
260 22 1354185512.0
260 22 1354185528.0
260 22 1354186023.0
260 22 1354186048.0
260 4 1354191150.0
260 8 1368142739.0
265 7 1231417715.0
265 7 1231418090.0
265 7 1231418195.0
265 34 1231579846.0
265 3 1231584404.0
265 3 1231584661.0
265 2 1231587820.0
265 2 1231588256.0
265 3 1231605364.0
269 0 1366308190.0
269 0 1366308203.0
269 0 1366308456.0
269 0 1366308462.0
269 0 1366308467.0
269 0 1366473793.0
269 0 1366473798.0
269 0 1366550199.0
269 0 1366550212.0
269 0 1366550241.0
269 0 1366550254.0
269 0 1366550280.0
269 0 1366550345.0
269 20 1366626281.0
269 20 1366626297.0
269 20 1366634690.0
269 20 1366634698.0
270 19 1256502916.0
270 19 1264866732.0
270 19 1264867344.0
270 37 1276781558.0
270 16 1304250864.0
270 16 1304251007.0
270 24 1304251130.0
270 16 1304251186.0
270 5 1349611387.0
270 19 1351613111.0
270 19 1353767944.0
270 13 1355302844.0
270 19 1355334975.0
270 4 1355918295.0
270 4 1355918396.0
270 4 1356791371.0
270 9 1366482992.0
270 9 1366483153.0
270 9 1366483175.0
273 3 1344452450.0
273 3 1344452459.0
273 3 1344452652.0
273 10 1344510692.0
273 25 1344512237.0
273 13 1344514696.0
273 13 1344514768.0
273 8 1344515848.0
273 8 1344515863.0
273 1 1344515882.0
274 4 1215071559.0
274 18 1215081208.0
274 18 1215081515.0
274 18 1215086373.0
274 4 1299318507.0
274 4 1299319106.0
274 18 1299330453.0
274 18 1299330811.0
274 27 1299412884.0
286 11 1161174844.0
286 11 1161174854.0
286 2 1161174867.0
286 2 1161174880.0
286 2 1161174890.0
286 2 1161174898.0
286 24 1161174904.0
291 33 1215552525.0
291 23 1257236803.0
291 20 1257360376.0
291 5 1270663855.0
291 30 1276797407.0
291 15 1316198151.0
293 25 1267283560.0
293 14 1270296923.0
293 14 1270296951.0
293 14 1270296965.0
293 14 1270297052.0
293 14 1270297095.0
293 14 1270297304.0
293 14 1270297649.0
293 14 1270297800.0
293 14 1270298124.0
293 19 1273327270.0
293 19 1273327342.0
293 19 1273327487.0
293 1 1280076950.0
293 7 1298815456.0
293 23 1303754096.0
293 23 1303754126.0
293 23 1303754252.0
293 23 1303754306.0
293 23 1303755754.0
293 0 1304181535.0
293 0 1304182257.0
293 0 1304182262.0
293 0 1304182270.0
293 0 1304182432.0
293 0 1304182432.0
293 0 1304182433.0
293 0 1304182433.0
293 25 1304183478.0
293 25 1304184052.0
293 31 1304185799.0
297 4 1334577258.0
297 4 1334578469.0
297 20 1334578967.0
297 14 1334585611.0
298 25 1356984036.0
298 31 1356984198.0
311 0 1222111777.0
311 0 1222160190.0
311 0 1222160222.0
311 25 1222167721.0
311 0 1222173170.0
311 0 1222173281.0
311 0 1222173301.0
311 25 1222419282.0
311 25 1222419316.0
311 7 1222474562.0
311 25 1222564264.0
316 8 1211189670.0
316 8 1211189685.0
316 8 1211189974.0
316 8 1211190158.0
316 8 1211190218.0
316 8 1211190303.0
316 8 1211190318.0
316 8 1211190505.0
316 8 1211190517.0
316 8 1211190598.0
316 8 1211190609.0
316 8 1211190756.0
316 8 1211190810.0
316 8 1211190822.0
316 8 1211190844.0
316 8 1211190872.0
316 8 1211190970.0
316 7 1211191448.0
316 7 1211194100.0
316 17 1211194357.0
316 17 1211194364.0
316 17 1211194796.0
316 8 1211195834.0
316 8 1211195839.0
316 13 1211196085.0
316 13 1211196209.0
316 13 1211196218.0
316 13 1211196292.0
316 13 1211196304.0
316 4 1211265356.0
316 4 1211265541.0
316 4 1211266007.0
316 25 1211275422.0
316 25 1211275432.0
316 25 1211275448.0
316 25 1211275714.0
316 25 1211275724.0
316 25 1211276099.0
316 25 1211276122.0
316 25 1211276359.0
316 25 1211276372.0
316 25 1211276480.0
316 25 1211276916.0
316 25 1211276930.0
316 25 1211277051.0
316 25 1211277132.0
316 25 1211277158.0
329 10 1369079014.0
329 10 1369079014.0
329 19 1369175328.0
329 19 1369175328.0
329 19 1369224435.0
329 19 1369224435.0
329 19 1369224589.0
329 19 1369224589.0
329 19 1369224771.0
329 19 1369224771.0
329 19 1369224779.0
329 19 1369224779.0
329 19 1369225630.0
329 19 1369225630.0
329 19 1369225763.0
329 19 1369225763.0
329 19 1369225938.0
329 19 1369225938.0
329 19 1369226368.0
329 19 1369226368.0
329 19 1369226377.0
329 19 1369226377.0
329 19 1369226491.0
329 19 1369226491.0
329 19 1369226625.0
329 19 1369226625.0
329 19 1369226632.0
329 19 1369226632.0
329 17 1369231016.0
329 17 1369231016.0
329 17 1369231025.0
329 17 1369231025.0
329 20 1369239738.0
329 20 1369239738.0
329 20 1369240324.0
329 20 1369240324.0
329 20 1369240324.0
329 20 1369240813.0
329 20 1369240813.0
329 20 1369241744.0
329 20 1369241744.0
329 20 1369241842.0
329 20 1369241842.0
331 33 1252414499.0
331 4 1254833990.0
331 15 1255635254.0
331 33 1256634556.0
331 33 1256634592.0
331 33 1256634613.0
331 33 1256634626.0
331 33 1256634717.0
331 33 1256634787.0
331 33 1290504382.0
340 23 1325242769.0
340 26 1325270992.0
340 19 1327933771.0
340 19 1327933773.0
347 24 1202995267.0
347 2 1202995907.0
352 0 1361729009.0
352 1 1361731999.0
365 25 1377726315.0
365 8 1377812832.0
365 8 1377813485.0
365 1 1377815231.0
365 0 1377898550.0
370 0 1337428842.0
370 8 1337516696.0
370 8 1337516696.0
375 25 1346928951.0
375 1 1346947727.0
375 1 1346950385.0
375 1 1346950499.0
375 1 1346950769.0
375 1 1346950818.0
375 1 1346951037.0
375 1 1346951257.0
375 8 1347025502.0
375 8 1347025638.0
375 8 1347026312.0
375 7 1347026467.0
375 7 1347026665.0
375 8 1347032071.0
375 8 1347032162.0
375 8 1347032710.0
376 7 1287586678.0
376 17 1287586719.0
376 7 1287592909.0
376 7 1287597910.0
376 13 1287651949.0
376 10 1287654371.0
376 10 1287654981.0
376 4 1287661595.0
376 20 1287663713.0
376 24 1287741479.0
376 16 1287741853.0
376 3 1287751939.0
376 17 1287773792.0
376 7 1287828534.0
376 8 1287833889.0
376 8 1287834444.0
376 1 1287835019.0
376 1 1287835164.0
376 1 1287835437.0
376 1 1287835454.0
376 13 1287837495.0
376 25 1287840922.0
376 25 1287841526.0
376 6 1287844679.0
376 6 1287844759.0
376 0 1287857450.0
376 10 1287946246.0
376 7 1288000405.0
376 7 1288000760.0
376 17 1288001465.0
376 7 1288002895.0
384 3 1345644037.0
384 16 1345648512.0
384 22 1345655748.0
384 22 1345655779.0
384 22 1345655810.0
384 22 1345655838.0
384 22 1345655865.0
384 22 1345655914.0
384 22 1345655942.0
384 22 1345655966.0
384 22 1345655985.0
384 22 1345656049.0
384 22 1345656069.0
384 22 1345656091.0
384 22 1345656108.0
384 22 1345656126.0
384 22 1345656168.0
384 22 1345656184.0
384 22 1345656213.0
384 22 1345656242.0
384 22 1345656268.0
384 22 1345656286.0
384 22 1345656314.0
384 22 1345656355.0
384 22 1345656398.0
384 22 1345656409.0
384 22 1345656436.0
384 22 1345656483.0
384 22 1345656509.0
384 22 1345656525.0
384 22 1345656557.0
384 22 1345656657.0
384 22 1345656674.0
384 22 1345656698.0
384 22 1345656757.0
384 22 1345656875.0
384 22 1345656886.0
384 22 1345656909.0
385 29 1277109048.0
385 29 1277109073.0
385 29 1277110486.0
385 29 1277110628.0
385 29 1277110821.0
385 29 1277110889.0
385 29 1277110902.0
385 29 1277110915.0
385 29 1277111298.0
385 7 1277123797.0
385 7 1277123847.0
385 7 1277123983.0
385 7 1277123995.0
385 7 1277124002.0
385 7 1277124009.0
385 7 1277124017.0
385 7 1277124050.0
385 7 1277124060.0
385 7 1277124065.0
385 7 1277124073.0
385 7 1277124116.0
385 7 1277124184.0
385 7 1277124197.0
385 7 1277124201.0
385 7 1277124564.0
385 7 1277124569.0
385 7 1277124887.0
385 7 1277124898.0
385 7 1277124932.0
385 7 1277125011.0
385 5 1277135480.0
385 5 1277135635.0
385 5 1277135639.0
385 5 1277136019.0
385 5 1277136027.0
385 7 1277200008.0
385 5 1277284476.0
385 5 1277284605.0
385 5 1277284605.0
385 5 1277284742.0
385 5 1277285111.0
385 5 1277285126.0
385 5 1277285196.0
385 5 1277285422.0
385 5 1277289038.0
385 5 1277289041.0
385 18 1277292518.0
385 18 1277293008.0
385 18 1277293013.0
385 18 1277293019.0
385 18 1277293027.0
385 18 1277293050.0
385 18 1277293058.0
385 18 1277293076.0
385 18 1277293086.0
385 18 1277293096.0
385 18 1277293100.0
385 18 1277293105.0
385 18 1277293112.0
385 18 1277293204.0
385 18 1277293231.0
390 25 1281444573.0
390 25 1281444593.0
390 25 1281444611.0
390 25 1281444636.0
390 25 1281444741.0
390 25 1281444819.0
390 25 1281444837.0
390 25 1281444891.0
390 25 1281444983.0
390 25 1281445001.0
390 25 1281445443.0
390 25 1281445459.0
390 31 1281446050.0
390 31 1281446059.0
390 24 1281452667.0
390 24 1281454815.0
390 16 1281454964.0
390 30 1281456889.0
390 30 1281458633.0
390 11 1281459914.0
390 11 1281459919.0
390 11 1281460063.0
390 11 1281460808.0
390 11 1281460814.0
390 10 1281461266.0
390 15 1281463176.0
390 15 1281465411.0
390 10 1281465635.0
390 10 1281470585.0
390 10 1281470597.0
390 10 1281470700.0
390 10 1281470933.0
390 10 1281470953.0
390 10 1281470998.0
390 10 1281471020.0
390 10 1281471031.0
390 10 1281471075.0
390 8 1281619945.0
390 8 1281619957.0
390 8 1281620101.0
390 8 1281620111.0
390 8 1281620402.0
390 8 1281620562.0
390 8 1281621301.0
390 8 1281621373.0
390 8 1281621905.0
390 8 1281621915.0
390 7 1281622928.0
390 7 1281622941.0
390 7 1281623426.0
390 17 1281623447.0
390 17 1281624765.0
390 17 1281624781.0
390 7 1281624865.0
390 7 1281624885.0
390 7 1281625657.0
390 7 1281625675.0
390 7 1281625715.0
390 7 1281625764.0
390 7 1281625785.0
390 7 1281625819.0
390 7 1281625931.0
390 7 1281626029.0
390 7 1281626139.0
390 7 1281626222.0
390 7 1281626244.0
390 7 1281626453.0
390 7 1281626465.0
390 7 1281626501.0
390 7 1281626540.0
390 7 1281626576.0
390 7 1281626625.0
390 7 1281626696.0
390 7 1281626785.0
390 7 1281626799.0
390 7 1281626895.0
390 0 1281633051.0
390 0 1281633141.0
390 19 1281638570.0
390 19 1281638575.0
390 19 1281639258.0
390 19 1281639689.0
390 19 1281639695.0
390 25 1281640726.0
390 0 1281641014.0
390 25 1283642431.0
391 33 1392551221.0
391 33 1392552550.0
391 1 1392566351.0
391 1 1392569223.0
391 15 1392643330.0
391 24 1392724618.0
391 24 1392728017.0
395 17 1209319973.0
395 13 1209321690.0
395 24 1212252191.0
395 24 1212256618.0
395 16 1212317726.0
395 16 1212318162.0
395 24 1212318166.0
395 24 1212318173.0
395 24 1212318509.0
395 24 1212320982.0
395 24 1212330810.0
395 16 1212330872.0
395 9 1242558935.0
398 19 1380190562.0
398 19 1380190602.0
398 29 1380191882.0
398 29 1380191888.0
398 29 1380191924.0
398 29 1380191928.0
398 29 1380191938.0
398 29 1380191944.0
398 27 1380192050.0
398 27 1380192082.0
398 27 1380192084.0
398 27 1380192102.0
398 27 1380192146.0
398 27 1380192184.0
398 27 1380192442.0
398 27 1380192604.0
398 27 1380192614.0
398 27 1380192662.0
398 29 1380198658.0
398 29 1380198666.0
398 29 1380198692.0
398 29 1380198706.0
398 29 1380202776.0
398 29 1380202982.0
398 29 1380203016.0
398 29 1380203096.0
398 29 1380203256.0
398 13 1380249596.0
398 21 1380249846.0
398 20 1380249958.0
398 14 1380251800.0
398 14 1380251808.0
398 17 1380253442.0
398 7 1380253850.0
398 17 1380253942.0
398 17 1380253948.0
398 17 1380253956.0
398 7 1380254392.0
398 7 1380254482.0
398 7 1380254570.0
398 7 1380254622.0
398 7 1380254694.0
398 7 1380254708.0
398 7 1380254766.0
398 7 1380254786.0
398 7 1380254826.0
398 7 1380254902.0
398 7 1380254914.0
398 7 1380255022.0
398 7 1380255052.0
398 17 1380255202.0
398 17 1380255360.0
398 17 1380255648.0
398 17 1380255656.0
398 17 1380255704.0
398 17 1380255804.0
398 17 1380256072.0
398 7 1380256152.0
398 7 1380256310.0
398 16 1380260244.0
398 24 1380260682.0
398 24 1380260894.0
398 24 1380260908.0
398 24 1380260934.0
398 24 1380260946.0
398 24 1380260966.0
398 24 1380260988.0
398 24 1380261008.0
398 24 1380261012.0
398 24 1380261026.0
398 24 1380261146.0
398 24 1380261160.0
398 24 1380261242.0
401 2 1224858395.0
401 16 1224859648.0
401 3 1224860326.0
401 10 1224864017.0
401 25 1224955040.0
401 8 1224959949.0
401 3 1225036625.0
401 3 1225043079.0
401 3 1225043263.0
401 4 1225115299.0
401 6 1225116592.0
403 6 1352228595.0
403 3 1352235988.0
403 30 1352305566.0
403 29 1352372206.0
403 21 1352374027.0
413 4 1221009389.0
413 4 1221065495.0
413 25 1221069893.0
413 25 1221070251.0
413 25 1221070349.0
413 11 1221074712.0
413 11 1221074761.0
413 21 1222199547.0
413 33 1222623207.0
413 33 1222626357.0
413 4 1222628011.0
416 0 1120990654.0
416 0 1120991044.0
416 0 1120991834.0
416 27 1120992871.0
416 27 1120993143.0
416 25 1121020436.0
416 27 1121097680.0
416 18 1121097775.0
416 30 1121174843.0
416 30 1121175108.0
416 27 1121188544.0
416 27 1121188559.0
416 0 1121255695.0
416 0 1121255848.0
416 0 1121255873.0
416 0 1121256151.0
416 0 1121256180.0
416 0 1121256235.0
416 0 1121256422.0
416 13 1121256492.0
416 13 1121256707.0
416 17 1121257226.0
416 17 1121257603.0
416 7 1121258162.0
416 7 1121258184.0
416 7 1121258221.0
416 7 1121258246.0
416 7 1121258301.0
416 7 1121258426.0
416 7 1121258434.0
416 7 1121258529.0
416 7 1121260179.0
416 7 1121262250.0
416 14 1121550797.0
416 14 1121551282.0
425 3 1088684112.0
425 18 1088684114.0
425 18 1088684254.0
425 10 1088684262.0
425 18 1088684311.0
425 18 1228557328.0
425 18 1228557527.0
425 18 1228557560.0
425 19 1228558092.0
425 19 1228558113.0
425 18 1228665345.0
425 18 1228744366.0
425 18 1228744404.0
425 18 1228744495.0
425 18 1228744597.0
425 18 1228744959.0
425 18 1228837729.0
425 11 1248290265.0
425 11 1248290359.0
425 11 1248290504.0
425 11 1248290534.0
425 11 1248290605.0
425 11 1248290668.0
425 11 1248347396.0
425 11 1248347656.0
425 11 1248347669.0
425 11 1248347827.0
425 11 1248347972.0
425 11 1248348130.0
425 11 1248348291.0
425 11 1248348323.0
425 11 1248348438.0
425 11 1248349164.0
425 11 1248349183.0
425 11 1248349191.0
425 24 1248355767.0
425 24 1248356138.0
425 19 1248424643.0
425 19 1248425507.0
425 19 1248426568.0
425 19 1248426804.0
425 19 1248426872.0
425 19 1248427045.0
425 19 1248427097.0
425 19 1248428868.0
425 19 1248428918.0
425 19 1248428966.0
425 19 1248430184.0
425 19 1248430515.0
425 19 1248431652.0
425 19 1248431806.0
425 19 1248431844.0
425 19 1248432033.0
425 18 1248462624.0
425 18 1248533821.0
425 5 1313407175.0
425 5 1313407264.0
425 5 1313407322.0
425 5 1313407416.0
430 22 1185155677.0
430 28 1185437009.0
432 13 1343989762.0
432 0 1343990345.0
432 0 1343990387.0
432 14 1343990728.0
432 14 1343991075.0
432 14 1343991206.0
432 11 1343991868.0
432 11 1343992144.0
432 11 1343992998.0
432 11 1343993154.0
432 11 1343993208.0
432 11 1343993252.0
432 11 1343993346.0
432 11 1343993383.0
432 11 1343993439.0
432 14 1343993675.0
432 14 1343993859.0
432 14 1343994006.0
432 0 1343994437.0
432 0 1343994437.0
432 0 1343994512.0
432 0 1343994573.0
432 0 1343994835.0
434 10 1186315001.0
434 19 1366229687.0
434 30 1382623650.0
434 30 1382624914.0
442 4 1354375033.0
442 4 1354375328.0
442 19 1354448790.0
442 19 1354448984.0
443 19 1346661342.0
443 19 1346662184.0
443 7 1346664258.0
443 7 1346666579.0
443 8 1346668141.0
443 0 1346676374.0
443 19 1346683346.0
443 13 1346703342.0
443 13 1346703814.0
443 16 1346756677.0
443 6 1346760553.0
443 31 1346762436.0
443 23 1346765722.0
443 4 1346767134.0
443 4 1346767190.0
443 4 1346769346.0
443 4 1346770069.0
443 4 1346771964.0
443 4 1346772013.0
443 10 1346782681.0
443 10 1346784229.0
443 10 1346784343.0
443 0 1346789551.0
443 19 1347186016.0
443 10 1347189305.0
451 32 1228738596.0
451 31 1229773844.0
451 31 1229774801.0
451 32 1235397785.0
451 8 1236003749.0
451 8 1236004025.0
451 3 1241887014.0
451 2 1241889467.0
451 8 1242491812.0
452 3 1379866047.0
452 6 1379870779.0
480 8 1338051441.0
480 8 1338051565.0
480 8 1338051579.0
480 8 1338051648.0
480 8 1338051707.0
480 8 1338053399.0
480 8 1338053415.0
480 8 1338053473.0
480 8 1338053485.0
480 8 1338053512.0
480 8 1338053735.0
480 8 1338053896.0
480 21 1338146117.0
480 21 1338146127.0
480 21 1338147302.0
480 20 1338147390.0
480 20 1338147558.0
480 20 1338147593.0
480 20 1338147629.0
480 20 1338147638.0
480 20 1338147745.0
480 20 1338148124.0
480 5 1338148552.0
480 5 1338148595.0
480 5 1338148762.0
480 5 1338148847.0
480 7 1338209910.0
480 7 1338210493.0
480 7 1338210678.0
480 7 1338210750.0
480 7 1338210971.0
480 7 1338211045.0
480 7 1338211094.0
480 7 1338211132.0
480 7 1338211149.0
480 7 1338211166.0
480 7 1338211230.0
480 7 1338211270.0
480 7 1338211283.0
480 7 1338211313.0
480 7 1338211412.0
480 7 1338211424.0
480 7 1338211464.0
480 7 1338211544.0
480 7 1338211914.0
480 7 1338211954.0
480 7 1338212047.0
480 7 1338212205.0
480 7 1338212246.0
480 7 1338212608.0
480 7 1338212624.0
488 31 1242670012.0
488 31 1242670230.0
488 31 1242670355.0
488 31 1242670368.0
488 31 1242670425.0
488 31 1242671411.0
488 0 1242672466.0
488 0 1242672536.0
488 13 1242672780.0
488 13 1242672797.0
488 13 1242672825.0
488 13 1242672927.0
488 13 1242673137.0
488 8 1242673288.0
488 8 1242673691.0
488 8 1242673752.0
488 8 1242673783.0
488 8 1242673793.0
488 8 1242673814.0
488 8 1242673827.0
488 8 1242673861.0
488 8 1242673888.0
488 8 1242673930.0
488 17 1242674205.0
488 17 1242674263.0
488 7 1242674470.0
488 17 1242674509.0
488 17 1242674512.0
488 17 1242674536.0
488 17 1242674558.0
488 17 1242674648.0
488 17 1242674719.0
488 4 1242743681.0
488 4 1242743692.0
488 4 1242744552.0
488 4 1242744727.0
488 4 1242744833.0
488 4 1242745082.0
488 4 1242745094.0
491 17 1283445731.0
491 7 1283446203.0
491 7 1283446812.0
491 7 1283446866.0
491 7 1283448032.0
501 17 1183143708.0
501 25 1183158877.0
501 17 1183206985.0
501 17 1183207787.0
505 8 1243074237.0
505 1 1243075432.0
505 7 1243077404.0
505 7 1243077431.0
505 11 1243085412.0
505 11 1243087378.0
505 11 1243160150.0
505 11 1243160226.0
505 11 1243160861.0
505 6 1243166182.0
505 24 1243173161.0
505 22 1243250842.0
505 22 1243251861.0
505 22 1243255138.0
514 27 1205662981.0
514 11 1205666134.0
518 28 1298188714.0
518 26 1298215365.0
518 26 1298216762.0
518 26 1298361588.0
518 26 1298363215.0
520 24 1336060110.0
520 16 1336060199.0
520 3 1336060292.0
520 24 1336060786.0
520 24 1336060892.0
520 7 1336061100.0
520 7 1336062648.0
520 7 1336062756.0
520 17 1336062866.0
520 8 1336062973.0
522 8 1158401746.0
522 8 1158402131.0
522 17 1158415696.0
522 17 1158415771.0
522 17 1158415927.0
528 24 1319565644.0
528 24 1319569766.0
528 16 1319570307.0
528 2 1319570558.0
528 2 1319570825.0
528 2 1319571266.0
528 16 1319571632.0
528 11 1319626756.0
528 17 1319628779.0
528 17 1319632371.0
528 4 1319639407.0
528 4 1319640788.0
528 0 1319661403.0
528 11 1319664330.0
528 11 1319664584.0
528 25 1319712297.0
528 18 1319713568.0
528 11 1319714910.0
528 4 1319723130.0
528 20 1319802624.0
528 27 1319802827.0
528 20 1319802923.0
528 29 1319804286.0
528 29 1319804304.0
528 16 1319828780.0
528 1 1319832002.0
528 11 1319833220.0
528 13 1319833932.0
528 2 1319842030.0
528 8 1319884745.0
540 0 1312053647.0
540 18 1312054097.0
0 0 1370043538.0
1 7 1235830697.0
2 10 1247756847.0
3 10 1377702573.0
4 16 1310126312.0
5 17 1180862027.0
6 8 1284300297.0
7 20 1124486219.0
8 10 1336168107.0
10 14 1373635788.0
11 8 1151712000.0
14 13 1256723181.0
18 15 1132563119.0
19 8 1385343385.0
20 17 1232884505.0
21 25 1361376059.0
23 31 1334262072.0
25 26 1346317146.0
26 21 1303424452.0
27 0 1332933172.0
28 7 1278684320.0
29 11 1297444102.0
30 10 1270203096.0
31 24 1298297705.0
33 19 1304845583.0
35 20 1282067050.0
36 27 586396818.0
37 0 1276102166.0
38 25 1248088365.0
41 12 1225470658.0
42 23 1343568034.0
43 15 1192259036.0
44 31 1263347680.0
45 0 1285444195.0
46 1 1303804810.0
48 5 1244843049.0
50 10 1273165621.0
51 20 1290256383.0
52 10 1237459854.0
53 4 1252769215.0
54 25 1280864345.0
56 4 1285240950.0
57 25 1265881790.0
58 24 1191770311.0
59 15 1271732612.0
60 24 1220798020.0
61 7 1344963648.0
62 13 1207132518.0
64 10 1217567119.0
65 34 1392303113.0
66 4 1324974652.0
69 1 1338803027.0
70 21 1350303161.0
71 0 1072915201.0
72 7 1229785236.0
73 25 1268672822.0
74 13 1316285161.0
75 25 1312437934.0
76 7 1296057287.0
77 5 1218210714.0
78 10 1174057850.0
79 24 1203329288.0
80 15 1167479018.0
81 27 1311772549.0
82 34 1213531022.0
83 11 1345894941.0
84 0 1360933876.0
85 19 1380243324.0
86 22 1143908281.0
87 8 1197208676.0
89 21 1246375471.0
91 17 1306271191.0
92 25 1334421837.0
95 20 1242121703.0
96 19 1372413383.0
97 15 1346955254.0
100 31 1285415008.0
101 13 1264178780.0
102 10 1289130133.0
103 19 1333516019.0
104 13 1067216732.0
107 19 1273510605.0
108 11 1364305860.0
109 10 1290943205.0
110 24 1765611.0
112 30 1334237795.0
113 11 1224963737.0
115 17 618624003.0
116 16 1269172767.0
117 25 1263050990.0
121 0 1388535482.0
123 19 1127578405.0
124 16 1219687309.0
127 11 1218882279.0
129 1 1239379504.0
130 30 1225904584.0
131 35 1213875544.0
132 5 1282546251.0
133 29 1207057720.0
135 1 1317226105.0
136 29 1371998129.0
137 19 1252831572.0
138 8 1351810848.0
139 4 1277162441.0
140 10 1194777251.0
141 0 1373220716.0
142 4 1272987557.0
143 13 1218580650.0
144 8 1220287894.0
145 1 1148734592.0
146 7 1329702633.0
147 31 1349422327.0
148 25 1344859168.0
149 19 1351425709.0
150 14 1179084660.0
151 8 1194006259.0
152 0 1337903627.0
153 32 1202343785.0
154 16 1258240374.0
155 8 1261495584.0
158 10 1388004358.0
159 11 1320174107.0
160 24 1285669370.0
161 25 1346499019.0
162 22 1252020116.0
163 8 1234889174.0
164 10 1046476800.0
165 10 1275743230.0
166 10 1376508934.0
168 20 1380299090.0
169 25 1367575769.0
170 29 1315345845.0
171 35 1224422323.0
172 25 1367495022.0
173 11 1249132059.0
174 30 1287757753.0
175 7 1337250491.0
176 9 1313578218.0
177 28 1218898781.0
178 31 1360404769.0
179 8 1300196473.0
181 12 1221044774.0
183 25 1232926137.0
185 0 1311551265.0
186 8 1192280308.0
187 24 1287202768.0
188 13 1356815777.0
189 11 1226776996.0
190 23 1230431360.0
191 25 1126436624.0
192 31 1395384603.0
193 25 1372799065.0
194 24 1368787015.0
195 26 1321638685.0
196 17 1333128392.0
200 6 1264351028.0
201 18 1392296088.0
202 26 1339022311.0
203 7 1175341863.0
204 2 753421209.0
205 13 1347741127.0
206 15 1346238447.0
208 1 1168023445.0
209 8 1269448429.0
210 10 1363551165.0
213 6 1163548800.0
215 15 1347813685.0
216 13 1345262104.0
217 31 1187778606.0
218 16 1156539711.0
219 19 1298375542.0
220 0 1264947830.0
221 7 1191509808.0
222 11 1251798568.0
223 31 1298639185.0
226 0 1177599799.0
227 6 1364986170.0
229 25 1308427297.0
230 25 1216298025.0
231 26 1267214221.0
232 24 1303485822.0
233 24 1308908934.0
234 32 1150534664.0
235 27 1127657627.0
236 31 1344252628.0
237 27 1168444899.0
238 20 1313261098.0
240 25 1371142566.0
242 32 1344335146.0
243 13 1380397153.0
244 31 1375038333.0
247 11 1187192244.0
248 13 1164101652.0
249 0 1181318262.0
251 0 1383091984.0
252 23 1261908609.0
253 31 1303463648.0
254 13 1242371186.0
256 7 1347020757.0
257 4 1338038705.0
258 19 1086048000.0
259 0 1219913877.0
261 24 1132928715.0
262 3 1319468067.0
263 1 1350383233.0
264 4 1333093307.0
266 20 1168098635.0
267 29 1221088035.0
268 11 1268745780.0
271 11 1091274245.0
272 15 1268656097.0
275 23 1330460386.0
276 23 1378222656.0
277 11 1288107114.0
278 0 1375345774.0
279 27 1215811547.0
280 17 1218197184.0
281 10 1148722088.0
282 25 1308338453.0
283 7 1344687321.0
284 32 1135798371.0
285 8 1318692047.0
287 0 1151782923.0
288 7 1209545779.0
289 11 1344603851.0
290 1 1303125201.0
292 33 1336938675.0
294 5 1245661445.0
295 29 1306495837.0
296 21 1126208755.0
299 6 1316361034.0
300 17 1162491359.0
301 19 1159803092.0
302 8 1357678367.0
303 30 1326287400.0
304 24 1300619364.0
305 10 1177984932.0
306 11 1317646292.0
307 11 1051747200.0
308 8 1286734616.0
309 11 1278541967.0
310 25 1288636257.0
312 32 1314456574.0
313 17 1268579825.0
314 8 1368567238.0
315 13 1231685899.0
317 11 1303511666.0
318 19 1247915010.0
319 29 1271512995.0
320 13 1307985813.0
321 21 1190808258.0
322 11 1339726196.0
323 16 1253359306.0
324 7 1207474774.0
325 11 1282997607.0
326 10 1346492031.0
327 7 1384713742.0
328 19 1376214813.0
330 10 1299865905.0
332 7 1223185283.0
333 13 1316642697.0
334 31 1376927395.0
335 19 1375542547.0
336 17 1315313571.0
337 20 1329478319.0
338 4 1340381939.0
339 24 1302273007.0
341 6 1386419049.0
342 0 1185285312.0
343 22 1170583365.0
344 0 1336682033.0
345 5 1250944956.0
346 25 1343564141.0
348 0 1230230392.0
349 8 1248537104.0
350 30 1193326021.0
351 14 1321084950.0
353 16 1397307778.0
354 18 1184444329.0
355 7 1354535790.0
356 3 1322763126.0
357 25 1176573634.0
358 4 1293442329.0
359 25 1314984785.0
360 24 1144832960.0
361 7 1017273608.0
362 25 1379218086.0
363 13 1309968782.0
364 17 1310120405.0
366 21 1240155158.0
367 11 1258624372.0
368 16 1346267137.0
369 17 1167500819.0
371 0 1284054860.0
372 32 1337736806.0
373 7 1266584880.0
374 11 1315647917.0
377 14 1360339992.0
378 26 1390309281.0
379 19 1379564218.0
380 34 1274531800.0
381 25 1281721361.0
382 7 1376337537.0
383 4 1279066729.0
386 14 1060352057.0
387 4 1367053729.0
388 5 1341317998.0
389 1 1305999822.0
392 15 1260184693.0
393 21 1171719335.0
394 31 1214298456.0
396 31 1251832012.0
397 18 1208991485.0
399 23 1155484689.0
400 25 1180692718.0
402 1 1219947512.0
404 20 1333703510.0
405 19 1375820025.0
406 24 1209898257.0
407 10 1270152541.0
408 0 1133957560.0
409 1 1297958267.0
410 13 1339219223.0
411 19 1371398136.0
412 1 1366453694.0
414 8 1371652579.0
415 23 1277030700.0
417 25 1347228511.0
418 11 1333833045.0
419 27 1112700692.0
420 15 1222777496.0
421 0 1194809558.0
422 30 1304513619.0
423 21 1239236260.0
424 24 1213539304.0
426 25 1367758330.0
427 27 1374162393.0
428 4 1262304000.0
429 17 1204441502.0
431 31 1187441828.0
433 31 1198972860.0
435 1 1191237714.0
436 7 1235215164.0
437 27 1339270805.0
438 29 1283636037.0
439 6 1224852498.0
440 13 1313257990.0
441 11 1283783169.0
444 2 1197236428.0
445 5 1373900574.0
446 27 1187741824.0
447 13 1214691697.0
448 33 1350676219.0
449 8 1344364555.0
450 32 1368552185.0
453 4 1216921277.0
454 24 1198175795.0
455 26 1344622177.0
456 19 1167609600.0
457 19 1361790008.0
458 13 1326229209.0
459 28 1205839386.0
460 25 1313705054.0
461 29 1363446722.0
462 10 1214056347.0
463 1 1352075827.0
464 19 1382463798.0
465 18 1339062287.0
466 26 1304339866.0
467 16 1224720140.0
468 6 1164292583.0
469 24 1114956925.0
470 13 1249744034.0
471 11 1369151554.0
472 8 1220227200.0
473 25 1296317395.0
474 19 1072915201.0
475 4 1279127611.0
476 32 1276419058.0
477 25 1379278737.0
478 24 1227966031.0
479 25 1087369889.0
481 26 1381533461.0
482 32 1339610044.0
483 10 1261664932.0
484 1 1148116314.0
485 29 1350732331.0
486 23 1367504721.0
487 23 1370520028.0
489 7 1247583041.0
490 27 1156169776.0
492 33 1217955071.0
493 0 1345562263.0
494 0 1142510328.0
495 29 1303313030.0
496 24 1222776612.0
497 31 1260397481.0
498 7 1228046020.0
499 0 1347107095.0
500 15 978310861.0
502 10 1301506761.0
503 11 1227002915.0
504 25 1165098422.0
506 10 1249303405.0
507 16 1189863022.0
508 1 1125520629.0
509 7 1151642430.0
510 24 1381251596.0
511 30 1167141107.0
512 13 1237951294.0
513 10 1184441001.0
515 7 1368855786.0
516 14 1219505732.0
517 10 1341934463.0
519 24 1199018174.0
521 8 1398185040.0
523 2 1243789287.0
524 17 1347160396.0
525 27 1250510799.0
526 14 1370803163.0
527 25 1283463788.0
529 25 1352399425.0
530 4 1221757422.0
531 24 1185325204.0
532 25 1246883249.0
533 25 1379347979.0
534 8 1183889982.0
535 7 1211960882.0
536 8 1301544768.0
537 11 1299322293.0
538 29 1242689129.0
539 25 1018645056.0
541 25 1195945756.0
542 16 1372005969.0
543 10 1244725438.0
544 30 1201968284.0
545 10 1379954159.0
546 27 1158772850.0
