3 10 1291218894.0
3 10 1291219118.0
3 10 1291219249.0
3 10 1291219469.0
3 10 1291219517.0
3 10 1291219603.0
3 10 1291219884.0
3 10 1291220210.0
3 10 1291220258.0
3 5 1291221892.0
3 5 1291221967.0
3 5 1291222009.0
3 5 1291222081.0
3 5 1291222156.0
3 5 1291222250.0
3 5 1291222298.0
3 5 1291222467.0
3 5 1291222515.0
4 3 1300371083.0
4 3 1300371196.0
4 3 1300371347.0
4 3 1300374052.0
4 7 1300380101.0
4 7 1300380103.0
4 2 1300381167.0
4 2 1300381183.0
4 2 1300381184.0
4 2 1300383231.0
4 2 1300383543.0
16 9 1099267200.0
16 5 1099267200.0
16 9 1099267200.0
16 2 1099267200.0
16 9 1099267200.0
16 5 1099267200.0
16 5 1099267200.0
24 6 1308228530.0
24 6 1308228655.0
24 6 1308228756.0
24 6 1308234427.0
24 6 1308234945.0
24 6 1308235317.0
24 6 1308235645.0
24 8 1308325470.0
24 3 1308392322.0
24 3 1308392819.0
24 3 1308393078.0
24 3 1308393327.0
24 3 1308393729.0
24 3 1308394359.0
24 3 1308394433.0
24 3 1308394550.0
24 3 1308394613.0
24 3 1308397162.0
24 3 1308397162.0
24 3 1308397262.0
24 3 1308397641.0
24 3 1308398267.0
25 5 1341013622.0
25 5 1341013945.0
25 5 1341014252.0
25 2 1341016807.0
25 2 1341017348.0
25 2 1341017536.0
25 2 1341017598.0
25 2 1341017697.0
25 2 1341018166.0
25 3 1341047144.0
25 3 1341047279.0
27 8 1292714039.0
27 8 1292714075.0
27 5 1292778177.0
27 5 1292778267.0
27 5 1292778490.0
36 3 1340551175.0
36 0 1340559918.0
36 1 1340560920.0
36 1 1340561177.0
36 1 1340561323.0
36 1 1340561991.0
47 2 1330248021.0
47 2 1330248333.0
47 17 1330258623.0
49 10 1188717928.0
49 10 1188718397.0
49 5 1188720072.0
49 1 1188731013.0
49 0 1188731045.0
49 0 1188731534.0
49 1 1188731609.0
49 1 1188731786.0
49 1 1188731802.0
49 1 1188732226.0
49 0 1188732431.0
49 9 1188735234.0
52 2 1393445311.0
52 2 1393455802.0
52 2 1393458535.0
52 7 1393462553.0
53 1 1318592653.0
53 1 1318592865.0
53 1 1318593716.0
53 5 1318607641.0
53 5 1318607991.0
53 1 1318608209.0
53 1 1318608225.0
54 12 1322270715.0
54 8 1322276769.0
54 8 1322277078.0
54 8 1322277086.0
54 8 1322277138.0
54 8 1322277207.0
54 8 1322277343.0
54 8 1322277397.0
54 8 1322277446.0
54 8 1322277460.0
54 8 1322277481.0
54 8 1322277537.0
54 8 1322277543.0
54 8 1322277558.0
54 8 1322277570.0
54 8 1322277729.0
54 8 1322277804.0
54 8 1322277824.0
54 8 1322277872.0
54 8 1322277904.0
54 8 1322278216.0
54 4 1322284010.0
54 4 1322284229.0
54 4 1322284311.0
54 4 1322284324.0
54 4 1322284379.0
54 3 1322355407.0
54 3 1322355534.0
54 3 1322355576.0
54 3 1322355589.0
54 3 1322355656.0
54 3 1322355734.0
54 3 1322355769.0
54 3 1322355778.0
54 3 1322355999.0
54 3 1322356101.0
54 3 1322356178.0
54 3 1322357405.0
54 14 1322444048.0
54 14 1322444090.0
54 14 1322444285.0
54 14 1322444378.0
54 14 1322444885.0
54 11 1322449323.0
54 11 1322450135.0
54 11 1322450283.0
54 11 1322450471.0
54 13 1322456814.0
54 13 1322456883.0
54 13 1322456917.0
54 13 1322456958.0
54 13 1322457289.0
54 13 1322457382.0
54 13 1322457444.0
54 13 1322457822.0
54 13 1322458323.0
54 13 1322460218.0
54 15 1322462114.0
54 15 1322462337.0
54 15 1322462564.0
54 15 1322462576.0
54 15 1322462945.0
54 0 1322611362.0
54 0 1322611533.0
54 0 1322611857.0
54 1 1322611924.0
54 1 1322611937.0
54 1 1322611996.0
54 1 1322612020.0
54 1 1322612301.0
54 1 1322612502.0
54 1 1322612512.0
54 1 1322613241.0
54 1 1322613254.0
54 1 1322613257.0
54 1 1322613260.0
54 1 1322613266.0
54 2 1322632200.0
54 2 1322635063.0
60 2 1330409800.0
60 2 1330409864.0
60 7 1330412688.0
60 7 1330413147.0
60 7 1330413614.0
60 7 1330413674.0
60 7 1330414146.0
60 7 1330414703.0
64 2 1365891168.0
64 3 1365928390.0
65 6 1394292529.0
65 5 1394295310.0
65 5 1394295511.0
65 5 1394406692.0
68 6 1140729179.0
68 17 1148486277.0
68 13 1296040086.0
68 13 1296040187.0
68 13 1296041066.0
68 13 1296042198.0
68 15 1296044236.0
68 15 1296044286.0
68 15 1296044354.0
68 15 1296044678.0
68 5 1301800000.0
68 16 1315514520.0
68 16 1315515243.0
68 16 1315516672.0
68 16 1315517259.0
68 14 1322863217.0
68 14 1322863686.0
74 10 1190032925.0
74 10 1190033045.0
74 10 1190033055.0
74 10 1190033108.0
74 10 1190034084.0
74 13 1190044980.0
74 13 1190045342.0
74 13 1190045739.0
74 13 1190045831.0
74 5 1190049770.0
74 5 1190050089.0
74 5 1190050136.0
74 5 1190050333.0
74 5 1190050399.0
74 6 1190051087.0
80 9 1189008705.0
80 9 1189009137.0
80 9 1189009203.0
80 5 1189012995.0
80 9 1243549082.0
82 10 1332761914.0
82 10 1332762136.0
82 10 1332762188.0
82 10 1332762380.0
82 10 1332762822.0
82 10 1332762858.0
82 10 1332763008.0
82 10 1332763094.0
82 10 1332763140.0
82 10 1332763430.0
82 10 1332763816.0
82 10 1332763886.0
82 10 1332763916.0
82 4 1332767400.0
82 4 1332771154.0
82 4 1332771272.0
82 0 1332781716.0
82 0 1332782304.0
82 0 1332782380.0
82 1 1332782530.0
82 1 1332782582.0
82 1 1332782606.0
82 1 1332782634.0
82 1 1332782852.0
82 1 1332782878.0
82 1 1332782948.0
82 1 1332783032.0
82 5 1332788166.0
82 5 1332788192.0
82 5 1332788352.0
82 4 1332943675.0
82 4 1332943675.0
82 0 1332943681.0
82 0 1332943682.0
82 5 1332943682.0
82 0 1332943684.0
82 1 1332945697.0
82 0 1332945699.0
83 16 1238495594.0
83 16 1238495618.0
83 16 1238495644.0
83 16 1238495677.0
83 16 1238495819.0
83 16 1238495840.0
83 16 1238495880.0
83 16 1238496104.0
83 16 1238496185.0
83 16 1238496276.0
83 16 1238496292.0
83 16 1238496437.0
83 16 1238496467.0
83 16 1238496705.0
83 16 1238497137.0
83 16 1238497259.0
83 16 1238497265.0
83 16 1238497372.0
83 16 1238497417.0
83 16 1238497505.0
83 16 1238498586.0
83 16 1238498652.0
83 16 1238498676.0
83 16 1238498838.0
83 16 1238498864.0
83 16 1238498922.0
83 16 1238498942.0
83 16 1238499063.0
83 16 1238499130.0
83 16 1238499244.0
83 16 1238499517.0
83 16 1238499523.0
83 16 1238499972.0
83 16 1238499990.0
83 16 1238500023.0
83 16 1238500032.0
83 16 1238500074.0
83 16 1238500084.0
83 16 1238500102.0
83 16 1238500229.0
83 16 1238500287.0
83 16 1238500424.0
83 16 1238500577.0
83 16 1238500592.0
83 16 1238500743.0
83 16 1238500756.0
83 16 1238500760.0
83 16 1238500848.0
83 16 1238500975.0
83 16 1238501197.0
83 16 1238501237.0
83 16 1238501273.0
83 16 1238501312.0
83 16 1238501362.0
83 16 1238501373.0
83 16 1238501449.0
83 16 1238501628.0
83 16 1238501971.0
83 16 1238502021.0
83 16 1238502147.0
83 16 1238502322.0
83 16 1238502341.0
83 16 1238502428.0
83 16 1238504685.0
83 16 1238505309.0
83 12 1346844032.0
83 12 1346844049.0
83 12 1346844055.0
83 12 1346844074.0
83 12 1346844106.0
83 12 1346844137.0
83 12 1346844424.0
83 12 1346844717.0
83 12 1346844912.0
92 3 934898400.0
92 2 934898401.0
110 12 1303466833.0
110 8 1303472894.0
110 2 1303548038.0
110 12 1303573174.0
110 14 1303631965.0
110 12 1303651536.0
110 0 1304843594.0
110 0 1304844000.0
110 10 1304854700.0
113 7 1237295105.0
113 2 1307301050.0
113 2 1307301454.0
113 2 1307302354.0
113 2 1307302481.0
113 2 1307302491.0
113 2 1307303533.0
0 0 1365350352.0
0 1 1365350896.0
1 2 1255979992.0
1 2 1256039975.0
2 10 1319798732.0
2 5 1319820141.0
5 2 1388143839.0
5 2 1388143875.0
6 3 1098970702.0
6 3 1098971074.0
7 5 1158407279.0
7 5 1158407343.0
8 2 1330163400.0
8 7 1330167848.0
9 3 1392302112.0
9 3 1392304633.0
10 2 1189947685.0
10 2 1189948242.0
11 5 1226192042.0
11 13 1226199245.0
12 3 1258272953.0
12 3 1258273093.0
13 9 1198952456.0
13 0 1215731116.0
14 2 1209622034.0
14 4 1209632220.0
15 3 1317819266.0
15 3 1317819559.0
17 5 1269195461.0
17 5 1269195490.0
18 11 1233398415.0
18 11 1233399332.0
19 3 1271416493.0
19 3 1271416595.0
20 10 1303999166.0
20 10 1303999319.0
21 2 1352543127.0
21 2 1352543297.0
22 5 1377266829.0
22 9 1377270413.0
23 8 1292466334.0
23 5 1292472310.0
26 11 1233367487.0
26 11 1233367552.0
28 7 1339439952.0
28 7 1339440298.0
29 15 1243274314.0
29 15 1243274457.0
30 3 1236689448.0
30 3 1236689531.0
31 16 1173016840.0
31 2 1249511939.0
32 8 1302353214.0
32 8 1302353970.0
33 13 1313309062.0
33 13 1313309161.0
34 5 1299256160.0
34 9 1299259258.0
35 1 1299917608.0
35 1 1299917643.0
37 3 1321970487.0
37 3 1321970690.0
38 8 1189247913.0
38 8 1189248057.0
39 5 1212997310.0
39 0 1213141553.0
40 8 1209797400.0
40 11 1219699415.0
41 3 1291538744.0
41 3 1291546129.0
42 6 1202661131.0
42 12 1211030287.0
43 9 1246124996.0
43 2 1246290986.0
44 3 1268841950.0
44 8 1269106052.0
45 16 1291638577.0
45 16 1291638977.0
46 3 1189343865.0
46 3 1189344028.0
48 8 1149922063.0
48 1 1150614674.0
50 4 1289981348.0
50 4 1289981495.0
51 5 1331370911.0
51 5 1331371032.0
55 7 1355818294.0
55 7 1355818323.0
56 13 1227590623.0
56 13 1227590701.0
57 5 1271142194.0
57 0 1271150052.0
58 1 1171510038.0
58 1 1171510608.0
59 2 951007383.0
59 2 951042731.0
61 7 1224177261.0
61 7 1224177314.0
62 8 1184319850.0
62 8 1184319984.0
63 4 1290853836.0
63 4 1290854394.0
66 0 1294730998.0
66 19 1294814215.0
67 7 1291642623.0
67 7 1291642653.0
69 12 1238695613.0
69 8 1271862851.0
70 12 1140368247.0
70 2 1140944024.0
71 3 1220946389.0
71 3 1220946933.0
72 2 1154588533.0
72 2 1154588965.0
73 1 1301813557.0
73 12 1301823727.0
75 5 1227433125.0
75 5 1227469016.0
76 13 1383044639.0
76 13 1383045041.0
77 5 1364976616.0
77 9 1365041303.0
78 15 1144659877.0
78 15 1144660058.0
79 2 1363693611.0
79 10 1363703654.0
81 3 1255070999.0
81 3 1255072044.0
84 3 1251273331.0
84 5 1251369335.0
85 2 1260199976.0
85 2 1260200045.0
86 19 1130319490.0
86 3 1130332655.0
87 2 1357731280.0
87 2 1357732251.0
88 0 1225189049.0
88 1 1225189422.0
89 5 1172707200.0
89 20 1172707200.0
90 3 1357456027.0
90 3 1357456225.0
91 14 1331481381.0
91 7 1363192127.0
93 0 1242785584.0
93 0 1242785675.0
94 5 1140890149.0
94 5 1140890759.0
95 9 1311961744.0
95 0 1312135678.0
96 15 1315066233.0
96 15 1315066368.0
97 4 1361702303.0
97 4 1361702503.0
98 3 977788889.0
98 3 977788894.0
99 7 1311622079.0
99 2 1311624793.0
100 3 1184243595.0
100 3 1184243642.0
101 3 1195122004.0
101 3 1195122033.0
102 5 1357875830.0
102 2 1357955180.0
103 16 1354879497.0
103 16 1354899051.0
104 3 1355572070.0
104 3 1355575895.0
105 3 1145037060.0
105 9 1145205600.0
106 1 1218199635.0
106 1 1218200142.0
107 0 1240065177.0
107 4 1240128478.0
108 3 1391944969.0
108 3 1391945588.0
109 10 1187873622.0
109 10 1187873622.0
111 4 1200100936.0
111 4 1200101200.0
112 13 1135660006.0
112 13 1135660011.0
114 13 1373016248.0
114 13 1373016391.0
115 2 1117247432.0
115 3 1117253721.0
116 10 1348125406.0
116 10 1348126203.0
117 7 1125154203.0
117 0 1138276697.0
118 3 1231068638.0
118 3 1231068653.0
