0 0 1365350352.0
0 1 1365350896.0
1 2 1255979992.0
1 2 1256039975.0
1 2 1256041854.0
1 2 1256047430.0
1 2 1256047532.0
1 2 1256047950.0
1 2 1256048219.0
1 2 1256048575.0
1 2 1256048632.0
1 2 1256049392.0
1 2 1256049757.0
1 3 1256052682.0
1 3 1256053602.0
1 3 1256054534.0
1 3 1256055566.0
1 3 1256057330.0
1 3 1256058474.0
1 4 1257510377.0
1 4 1286726060.0
1 4 1286726149.0
1 4 1286743937.0
1 5 1286802327.0
1 5 1286802408.0
1 5 1286802447.0
1 6 1286806151.0
1 6 1286806198.0
1 0 1286810103.0
1 0 1286810699.0
1 0 1286810760.0
1 1 1286811647.0
1 1 1286811897.0
1 1 1286811951.0
1 1 1286812011.0
1 0 1286812460.0
1 7 1286817034.0
1 4 1290166173.0
1 8 1319109595.0
1 8 1319109960.0
1 4 1319196992.0
1 9 1319206791.0
1 4 1351933356.0
1 4 1351933596.0
1 4 1351933616.0
1 2 1351939896.0
1 2 1351940768.0
1 2 1351940781.0
1 2 1351940885.0
1 2 1351940905.0
1 2 1351941015.0
1 4 1351969556.0
1 10 1353755718.0
1 10 1353755745.0
1 4 1353783024.0
1 4 1353783037.0
1 4 1353783602.0
1 4 1353783809.0
1 7 1354807694.0
1 7 1354809100.0
1 7 1354809156.0
1 7 1386259602.0
1 7 1386259672.0
1 7 1386259711.0
1 7 1386259719.0
1 7 1386259726.0
1 4 1386277104.0
1 4 1386277112.0
2 10 1319798732.0
2 5 1319820141.0
2 5 1319820297.0
2 5 1319820415.0
4 3 1300371083.0
4 3 1300371196.0
4 3 1300371347.0
4 3 1300374052.0
4 7 1300380101.0
4 7 1300380103.0
4 2 1300381167.0
4 2 1300381183.0
4 2 1300381184.0
4 2 1300383231.0
4 2 1300383543.0
5 2 1388143839.0
5 2 1388143875.0
5 1 1388150529.0
5 1 1388150873.0
5 1 1388151794.0
5 0 1388152401.0
7 5 1158407279.0
7 5 1158407343.0
7 5 1158407348.0
7 5 1158407355.0
7 11 1158679895.0
7 9 1158955246.0
8 2 1330163400.0
8 7 1330167848.0
9 3 1392302112.0
9 3 1392304633.0
9 2 1392305137.0
9 2 1392306325.0
9 2 1392306336.0
9 2 1392306424.0
9 2 1392306452.0
9 2 1392306740.0
10 2 1189947685.0
10 2 1189948242.0
10 2 1189948315.0
10 2 1189948343.0
10 2 1189948370.0
10 2 1189948471.0
10 2 1189948501.0
10 2 1189948557.0
10 2 1189948975.0
10 2 1189949018.0
10 2 1189949133.0
10 2 1189949153.0
10 2 1189949213.0
10 2 1189949229.0
10 2 1189949249.0
10 2 1189949279.0
10 2 1189949288.0
10 2 1189949334.0
10 2 1189949392.0
10 2 1189949410.0
10 2 1189949689.0
10 2 1189953278.0
10 2 1189953526.0
10 2 1189953616.0
10 2 1189953649.0
10 2 1189954615.0
10 2 1189954645.0
10 2 1189954776.0
10 2 1189954859.0
10 2 1189954879.0
10 2 1189954898.0
10 2 1189954912.0
10 2 1189955021.0
10 2 1189955066.0
10 2 1189955080.0
10 2 1189955415.0
10 2 1189955428.0
10 2 1189955531.0
10 2 1189955553.0
10 2 1189955719.0
10 2 1189955919.0
10 2 1189956465.0
10 2 1189956487.0
10 2 1189956507.0
10 2 1189956575.0
10 2 1189957569.0
10 2 1189957586.0
10 2 1189957594.0
10 2 1190051139.0
10 0 1197804514.0
10 0 1197805264.0
10 0 1197805406.0
10 0 1197805435.0
10 0 1197805495.0
10 1 1197805601.0
10 1 1197805671.0
10 1 1197806066.0
10 1 1197806126.0
10 1 1197806197.0
10 1 1197806323.0
10 1 1197806510.0
10 1 1197806572.0
10 1 1197806638.0
10 1 1197806656.0
10 1 1197806778.0
10 1 1197806803.0
10 1 1197806971.0
10 1 1197807007.0
10 1 1197807363.0
10 0 1197807824.0
10 0 1197808142.0
10 0 1197808217.0
10 0 1197808328.0
10 0 1197808617.0
10 1 1197809074.0
10 0 1197809186.0
10 0 1197809254.0
10 0 1197809813.0
10 0 1197809825.0
10 0 1197810251.0
10 1 1197810433.0
10 0 1197810752.0
10 0 1197811190.0
10 0 1197811273.0
10 0 1197811277.0
10 12 1204456748.0
10 12 1204456772.0
10 12 1204457129.0
10 12 1204458857.0
10 12 1204458923.0
10 12 1204459137.0
10 12 1204459839.0
10 12 1204461326.0
10 12 1204461517.0
10 12 1204462529.0
10 12 1204462558.0
10 12 1204462578.0
10 12 1204462594.0
10 12 1204462658.0
11 5 1226192042.0
11 13 1226199245.0
12 3 1258272953.0
12 3 1258273093.0
12 3 1258273518.0
12 3 1258273582.0
12 3 1258273598.0
12 3 1258273677.0
12 3 1258273790.0
12 3 1258273930.0
12 3 1258275323.0
12 3 1258277192.0
12 2 1258278830.0
12 2 1258279007.0
12 2 1258283392.0
12 2 1258283449.0
12 2 1258283480.0
12 2 1258284731.0
13 9 1198952456.0
13 0 1215731116.0
13 1 1215733448.0
13 1 1215734759.0
13 1 1215734962.0
13 1 1215735786.0
13 0 1215737373.0
13 1 1215738105.0
13 2 1357006658.0
13 2 1357009895.0
13 2 1357010033.0
13 2 1357010440.0
13 2 1357011086.0
13 2 1357013394.0
13 3 1357180455.0
14 2 1209622034.0
14 4 1209632220.0
14 4 1209635964.0
14 4 1209713138.0
15 3 1317819266.0
15 3 1317819559.0
15 3 1317819745.0
15 3 1317819822.0
15 3 1317820019.0
15 13 1317903972.0
15 13 1317904009.0
16 9 1099267200.0
16 5 1099267200.0
16 9 1099267200.0
16 2 1099267200.0
16 9 1099267200.0
16 5 1099267200.0
16 5 1099267200.0
17 5 1269195461.0
17 5 1269195490.0
17 5 1269195519.0
17 5 1269195538.0
17 5 1269195560.0
17 5 1269195569.0
17 5 1269195592.0
17 5 1269195600.0
17 5 1269195613.0
17 5 1269195625.0
17 5 1269195636.0
17 5 1269195644.0
17 5 1269195672.0
17 5 1269195686.0
17 5 1269195699.0
17 5 1269195711.0
17 5 1269195719.0
17 5 1269195725.0
17 5 1269195736.0
17 5 1269195745.0
17 5 1269195762.0
17 5 1269195792.0
17 5 1269195798.0
17 5 1269195809.0
17 5 1269195818.0
17 5 1269195827.0
17 5 1269195872.0
17 5 1269195884.0
17 5 1269195901.0
17 5 1269195910.0
17 5 1269195917.0
17 5 1269195936.0
17 5 1269195960.0
17 5 1269195967.0
17 5 1269195977.0
17 5 1269196025.0
17 5 1269196030.0
17 5 1269196047.0
17 5 1269196055.0
17 5 1269196065.0
17 5 1269196072.0
17 5 1269196079.0
17 5 1269196084.0
17 5 1269196097.0
17 5 1269196109.0
17 5 1269196116.0
17 5 1269196127.0
17 5 1269196153.0
17 5 1269196163.0
17 5 1269196178.0
17 5 1269196195.0
17 5 1269196208.0
17 5 1269196219.0
17 5 1269196251.0
17 5 1269196264.0
17 5 1269196270.0
17 5 1269196276.0
17 5 1269196282.0
17 5 1269196296.0
17 5 1269196325.0
17 5 1269196332.0
17 5 1269196344.0
17 5 1269196350.0
17 5 1269196366.0
17 5 1269196457.0
17 5 1269196467.0
17 5 1269196472.0
17 5 1269196547.0
17 5 1269197068.0
17 5 1269197075.0
17 5 1269197097.0
17 5 1269197191.0
17 5 1269197201.0
17 5 1269197208.0
17 5 1269197243.0
17 5 1269197247.0
17 5 1269197294.0
17 5 1269197301.0
17 5 1269197317.0
17 5 1269197356.0
17 5 1269197371.0
17 5 1269197378.0
17 5 1269197389.0
17 5 1269197395.0
17 5 1269197411.0
17 5 1269197536.0
17 5 1269197551.0
17 5 1269197619.0
17 5 1269199342.0
17 12 1278449140.0
17 12 1278450533.0
17 12 1278450833.0
17 12 1278450927.0
17 12 1278450988.0
17 12 1278451103.0
17 12 1278451114.0
17 12 1278451192.0
17 12 1278451203.0
17 12 1278451278.0
17 12 1278452093.0
17 1 1279969573.0
17 1 1279969583.0
17 1 1279969593.0
17 1 1279969600.0
17 1 1279969611.0
17 1 1279969650.0
17 1 1279969656.0
17 1 1279969665.0
17 1 1279969722.0
17 1 1279969745.0
17 1 1279969750.0
17 1 1279969762.0
17 1 1279969769.0
17 1 1279969785.0
17 1 1279969791.0
17 1 1279969799.0
17 1 1279969807.0
17 1 1279969814.0
17 1 1279969836.0
17 1 1279969843.0
17 1 1279969857.0
17 1 1279969871.0
17 1 1279969893.0
17 1 1279969901.0
17 1 1279969914.0
17 1 1279969923.0
17 1 1279969936.0
17 1 1279969973.0
17 1 1279969986.0
17 1 1279970013.0
17 1 1279970019.0
17 1 1279970033.0
17 1 1279970048.0
17 1 1279970059.0
17 1 1279970073.0
17 1 1279970090.0
17 0 1279970180.0
17 1 1279970220.0
17 1 1279970242.0
17 1 1279970259.0
17 1 1279970272.0
17 1 1279970284.0
17 1 1279970290.0
17 0 1279970299.0
17 0 1279970329.0
17 0 1279970336.0
17 1 1279970401.0
17 1 1279970434.0
17 1 1279970440.0
17 1 1279970450.0
17 1 1279970456.0
17 1 1279970460.0
17 1 1279970467.0
17 1 1279970599.0
17 1 1279970609.0
17 1 1279970615.0
17 1 1279970625.0
17 1 1279970637.0
17 1 1279970647.0
17 1 1279970653.0
17 0 1279970663.0
17 0 1279970670.0
17 0 1279970687.0
17 0 1279970695.0
17 0 1279970706.0
17 0 1279970717.0
17 0 1279970729.0
17 0 1279970738.0
17 0 1279970748.0
17 0 1279970772.0
17 0 1279970778.0
17 0 1279970794.0
17 0 1279970827.0
17 0 1279970834.0
17 0 1279970853.0
17 0 1279970861.0
17 0 1279970871.0
17 0 1279970889.0
17 0 1279970939.0
17 0 1279970973.0
17 0 1279971000.0
17 0 1279971006.0
17 0 1279971023.0
17 0 1279971037.0
17 0 1279971049.0
17 1 1279971057.0
17 1 1279971063.0
17 1 1279971068.0
17 1 1279971076.0
17 1 1279971084.0
17 1 1279971091.0
17 1 1279971101.0
17 1 1279971110.0
17 1 1279971129.0
17 1 1279971141.0
17 1 1279971151.0
17 1 1279971179.0
17 1 1279971187.0
17 1 1279971193.0
17 1 1279971202.0
17 1 1279971213.0
17 1 1279971233.0
17 1 1279971243.0
17 1 1279971254.0
17 1 1279971259.0
17 1 1279971270.0
17 1 1279971276.0
17 1 1279971290.0
17 2 1279986647.0
17 2 1279986819.0
17 2 1279987000.0
17 2 1279987008.0
17 2 1279987021.0
17 12 1280073726.0
17 12 1280074073.0
17 5 1288376409.0
17 5 1288376415.0
17 5 1288376449.0
17 5 1288376458.0
17 5 1288376502.0
17 5 1288376516.0
17 5 1288376528.0
17 5 1288376534.0
17 5 1288376551.0
17 5 1288376568.0
17 5 1288376573.0
17 5 1288376621.0
17 5 1288376629.0
17 5 1288376635.0
17 5 1288376681.0
17 5 1288376693.0
17 5 1288376701.0
17 5 1288376713.0
17 5 1288376744.0
17 5 1288376762.0
17 5 1288376771.0
17 5 1288376791.0
17 5 1288376796.0
17 5 1288376850.0
17 5 1288376866.0
17 5 1288376884.0
17 5 1288376909.0
17 5 1288376948.0
17 5 1288376956.0
17 5 1288376975.0
17 5 1288376989.0
17 5 1288377003.0
17 5 1288377009.0
17 5 1288377020.0
17 5 1288377034.0
17 5 1288377042.0
17 5 1288377057.0
17 5 1288377091.0
17 5 1288377100.0
17 5 1288377120.0
17 5 1288377132.0
17 5 1288377275.0
17 5 1288377284.0
17 5 1288377293.0
17 5 1288377304.0
17 5 1288377412.0
17 5 1288377420.0
17 5 1288377429.0
17 5 1288377435.0
17 5 1288377445.0
17 5 1288377462.0
17 7 1288548235.0
17 7 1288548269.0
17 7 1288548279.0
17 7 1288548289.0
17 7 1288548298.0
17 7 1288548305.0
17 7 1288548310.0
17 7 1288548316.0
17 7 1288548524.0
17 7 1288548531.0
17 7 1288548649.0
17 7 1288548705.0
17 7 1288548764.0
17 7 1288548796.0
17 7 1288548835.0
17 7 1288548847.0
17 7 1288548856.0
17 7 1288549165.0
17 7 1288549694.0
17 7 1288549893.0
17 14 1322857733.0
17 14 1322858145.0
17 14 1322862043.0
18 11 1233398415.0
18 11 1233399332.0
18 11 1233399497.0
18 11 1233401592.0
18 11 1233401613.0
18 11 1233410387.0
18 5 1234984143.0
18 5 1234987500.0
19 3 1271416493.0
19 3 1271416595.0
19 2 1271588080.0
19 2 1271588954.0
19 2 1271589149.0
20 10 1303999166.0
20 10 1303999319.0
20 10 1303999459.0
20 2 1304006721.0
20 2 1304006730.0
20 2 1304006797.0
20 2 1304006879.0
20 2 1304006891.0
20 2 1304007598.0
20 2 1304007628.0
20 2 1304007755.0
20 2 1304007880.0
20 2 1304008405.0
20 3 1304010046.0
20 3 1304010058.0
20 3 1304010065.0
20 3 1304010306.0
20 3 1304010320.0
20 3 1304010328.0
20 3 1304010339.0
20 3 1304010441.0
20 3 1304010452.0
20 3 1304010554.0
20 3 1304010561.0
20 3 1304010569.0
20 3 1304010606.0
20 3 1304010715.0
20 3 1304010721.0
20 3 1304010730.0
20 3 1304010764.0
20 3 1304010776.0
20 3 1304010845.0
20 3 1304011381.0
20 3 1304012536.0
21 2 1352543127.0
21 2 1352543297.0
21 2 1352543352.0
21 2 1352543367.0
21 2 1352543398.0
21 2 1352543418.0
21 2 1352543433.0
21 2 1352543546.0
21 2 1352543656.0
21 2 1352543667.0
21 2 1352543726.0
21 2 1352543758.0
21 2 1352543769.0
21 2 1352543814.0
21 2 1352543852.0
21 2 1352543866.0
21 2 1352543889.0
21 2 1352543905.0
21 2 1352543941.0
21 2 1352543948.0
21 2 1352543967.0
21 2 1352544035.0
21 2 1352544120.0
21 7 1352545068.0
21 7 1352545186.0
21 7 1352545190.0
21 7 1352545256.0
21 7 1352545261.0
21 7 1352545313.0
21 7 1352545327.0
21 7 1352545396.0
21 7 1352545400.0
21 7 1352545428.0
21 7 1352545438.0
21 7 1352545476.0
21 7 1352545594.0
21 7 1352545645.0
21 7 1352545747.0
21 7 1352545810.0
21 7 1352545820.0
21 7 1352546251.0
21 7 1352546615.0
21 7 1352546623.0
21 3 1352556344.0
21 3 1352556353.0
21 3 1352556442.0
21 3 1352556473.0
21 3 1352556513.0
21 3 1352556533.0
21 3 1352556597.0
21 3 1352556852.0
21 3 1352557036.0
21 3 1352557075.0
21 3 1352557107.0
21 3 1352557377.0
21 3 1352557611.0
21 3 1352557619.0
21 3 1352557670.0
21 3 1352557837.0
21 3 1352557852.0
21 3 1352557878.0
21 3 1352557888.0
21 3 1352557977.0
21 3 1352559116.0
21 3 1352559135.0
21 3 1352559199.0
21 3 1352559209.0
21 3 1352559222.0
21 3 1352559224.0
21 3 1352559233.0
21 3 1352559243.0
21 3 1352559285.0
21 3 1352559703.0
21 3 1352559718.0
21 3 1352559764.0
21 3 1352560073.0
21 3 1352560112.0
21 3 1352560125.0
21 3 1352560148.0
21 3 1352560285.0
21 3 1352560402.0
21 3 1352560430.0
21 3 1352560437.0
21 3 1352560476.0
21 3 1352560541.0
21 3 1352560572.0
21 3 1352560592.0
21 3 1352560607.0
21 3 1352560705.0
21 3 1352561551.0
21 3 1352561637.0
21 3 1352562227.0
21 2 1352563958.0
21 2 1352563982.0
21 2 1352564013.0
21 2 1352564165.0
21 2 1352564177.0
21 2 1352564260.0
21 2 1352564276.0
21 2 1352564298.0
21 2 1352564322.0
21 2 1352564393.0
21 2 1352564445.0
21 2 1352564450.0
21 2 1352564596.0
21 2 1352564620.0
21 2 1352564641.0
21 2 1352564664.0
21 2 1352564687.0
21 2 1352564752.0
21 2 1352564756.0
21 2 1352564762.0
21 2 1352564799.0
21 2 1352564855.0
21 2 1352564863.0
21 2 1352565009.0
21 2 1352565016.0
21 2 1352565030.0
21 2 1352565235.0
22 5 1377266829.0
22 9 1377270413.0
22 9 1377270419.0
22 9 1377270432.0
22 9 1377270894.0
22 9 1377271111.0
24 6 1308228530.0
24 6 1308228655.0
24 6 1308228756.0
24 6 1308234427.0
24 6 1308234945.0
24 6 1308235317.0
24 6 1308235645.0
24 8 1308325470.0
24 3 1308392322.0
24 3 1308392819.0
24 3 1308393078.0
24 3 1308393327.0
24 3 1308393729.0
24 3 1308394359.0
24 3 1308394433.0
24 3 1308394550.0
24 3 1308394613.0
24 3 1308397162.0
24 3 1308397162.0
24 3 1308397262.0
24 3 1308397641.0
24 3 1308398267.0
26 11 1233367487.0
26 11 1233367552.0
26 11 1233367573.0
26 11 1233367692.0
26 11 1233372387.0
26 11 1233372423.0
26 11 1233372429.0
26 11 1233373996.0
26 11 1233374064.0
26 11 1233374102.0
26 11 1233374228.0
26 0 1236993728.0
26 1 1236993842.0
26 1 1236993961.0
26 1 1236994115.0
26 1 1236994164.0
26 1 1236994189.0
26 1 1236994271.0
26 0 1236994394.0
26 0 1236994451.0
26 0 1236994678.0
26 0 1236994850.0
26 0 1236994950.0
26 0 1236995017.0
26 0 1236995188.0
26 0 1236995326.0
26 0 1236995370.0
26 0 1236995953.0
26 0 1236996356.0
26 1 1236996536.0
26 0 1236996598.0
26 1 1236997398.0
26 0 1236997999.0
26 0 1236998869.0
26 0 1237013564.0
26 1 1237013662.0
26 1 1237013695.0
26 1 1237013708.0
26 1 1237013747.0
26 1 1237013791.0
26 1 1237013896.0
26 0 1237013983.0
26 0 1237014013.0
26 0 1237014218.0
26 0 1237014267.0
26 0 1237014341.0
26 0 1237014357.0
26 0 1237014623.0
26 0 1237014634.0
26 0 1237014696.0
26 0 1237014942.0
26 0 1237015643.0
26 0 1237015668.0
26 0 1237016242.0
26 1 1237016706.0
26 1 1237016732.0
26 1 1237016842.0
26 1 1237016910.0
26 0 1237016910.0
26 0 1237018352.0
26 0 1237018410.0
27 8 1292714039.0
27 8 1292714075.0
27 5 1292778177.0
27 5 1292778267.0
27 5 1292778490.0
28 7 1339439952.0
28 7 1339440298.0
28 7 1339440981.0
28 7 1339441057.0
28 7 1339441207.0
28 7 1339444986.0
28 12 1339696722.0
29 15 1243274314.0
29 15 1243274457.0
29 15 1243274942.0
29 15 1243275093.0
29 15 1243275693.0
29 6 1243351451.0
29 6 1243352010.0
29 6 1243352800.0
29 6 1243353389.0
29 6 1243353724.0
30 3 1236689448.0
30 3 1236689531.0
30 3 1236690092.0
30 2 1236694561.0
30 2 1236695067.0
30 2 1236695094.0
30 2 1236695147.0
30 2 1236696322.0
30 2 1236696535.0
32 8 1302353214.0
32 8 1302353970.0
32 8 1302354020.0
32 8 1302354220.0
32 8 1302354269.0
32 8 1302354358.0
32 8 1302354623.0
32 8 1302354635.0
32 8 1302354635.0
32 8 1302354674.0
32 8 1302354747.0
32 8 1302355195.0
32 8 1302355391.0
32 0 1321209983.0
32 0 1321210198.0
32 0 1321210417.0
32 0 1321210540.0
32 0 1321211351.0
32 0 1321212237.0
34 5 1299256160.0
34 9 1299259258.0
34 9 1299259886.0
35 1 1299917608.0
35 1 1299917643.0
35 1 1299917722.0
35 1 1299917748.0
35 1 1299917891.0
35 1 1299917934.0
35 1 1299917951.0
35 1 1299917978.0
35 1 1299917997.0
35 1 1299918027.0
35 1 1299918042.0
35 1 1299918069.0
35 1 1299918081.0
35 1 1299918097.0
35 1 1299918107.0
35 1 1299918155.0
35 1 1299918267.0
35 1 1299918283.0
35 1 1299918308.0
35 1 1299918351.0
35 1 1299918368.0
35 1 1299918425.0
35 1 1299918500.0
35 1 1299918535.0
35 1 1299918551.0
35 1 1299918606.0
35 1 1299918645.0
35 1 1299918700.0
35 1 1299918733.0
35 1 1299918749.0
35 1 1299918997.0
35 6 1323078144.0
35 6 1323078187.0
35 6 1323078541.0
35 6 1323078544.0
35 6 1323078637.0
35 6 1323078644.0
35 6 1323079014.0
35 6 1323079024.0
35 6 1323079069.0
35 6 1323079075.0
35 6 1323081063.0
35 6 1323081102.0
35 6 1323081119.0
35 6 1323081128.0
35 6 1323081151.0
35 6 1323081178.0
35 6 1323081724.0
35 6 1323081742.0
35 6 1323082066.0
35 6 1323082081.0
35 6 1323082089.0
35 6 1323082117.0
35 6 1323082144.0
37 3 1321970487.0
37 3 1321970690.0
37 2 1321976856.0
37 2 1321976856.0
37 2 1321977169.0
37 2 1321977607.0
37 2 1321977771.0
37 2 1321977819.0
37 10 1321979138.0
38 8 1189247913.0
38 8 1189248057.0
38 8 1189248067.0
38 8 1189248109.0
38 8 1189248121.0
38 8 1189248300.0
38 8 1189248335.0
38 8 1189248409.0
38 8 1189248425.0
38 8 1189248754.0
38 8 1189248999.0
38 8 1189249038.0
38 8 1189249360.0
38 8 1189249611.0
38 8 1189249755.0
38 8 1189249926.0
38 8 1189249960.0
38 8 1189250094.0
38 8 1189250246.0
38 8 1189250334.0
38 8 1189250405.0
38 8 1189250449.0
38 8 1189250636.0
38 8 1189250672.0
38 8 1189250741.0
38 8 1189250793.0
38 8 1189250944.0
38 5 1189252123.0
38 5 1189252141.0
38 5 1189252172.0
38 5 1189252200.0
38 5 1189252227.0
38 5 1189252275.0
38 5 1189252322.0
38 5 1189252339.0
38 5 1189252381.0
38 3 1189262058.0
38 3 1189262101.0
38 3 1189262178.0
38 3 1189262267.0
38 3 1189262324.0
38 3 1189262392.0
38 3 1189262405.0
38 3 1189262490.0
38 3 1189262556.0
38 3 1189262654.0
38 3 1189262755.0
38 3 1189262764.0
38 3 1189262818.0
38 3 1189262833.0
38 3 1189262842.0
38 3 1189263282.0
38 3 1189263314.0
38 3 1189263401.0
39 5 1212997310.0
39 0 1213141553.0
39 13 1213225134.0
40 8 1209797400.0
40 11 1219699415.0
40 13 1235301167.0
40 14 1237047421.0
40 0 1240135554.0
41 3 1291538744.0
41 3 1291546129.0
41 12 1330771275.0
42 6 1202661131.0
42 12 1211030287.0
42 16 1218270054.0
42 16 1218270138.0
42 16 1218270849.0
42 16 1218271349.0
42 16 1218271744.0
42 16 1218271861.0
42 16 1218271910.0
42 16 1218272158.0
42 16 1218273092.0
42 16 1218273138.0
42 16 1218273164.0
42 16 1218273202.0
42 16 1218273244.0
42 16 1218273480.0
42 16 1218273626.0
43 9 1246124996.0
43 2 1246290986.0
44 3 1268841950.0
44 8 1269106052.0
44 8 1269106781.0
44 8 1269508959.0
44 8 1269508960.0
44 0 1276348766.0
44 0 1276348816.0
44 0 1276349075.0
44 0 1276349349.0
44 1 1276350077.0
44 1 1276350177.0
44 1 1276350194.0
44 0 1276352584.0
44 1 1276352809.0
45 16 1291638577.0
45 16 1291638977.0
45 16 1291639170.0
45 16 1291640160.0
45 16 1291640314.0
45 16 1291640558.0
45 0 1291647598.0
45 0 1291647683.0
45 0 1291647693.0
45 0 1291647708.0
45 0 1291647749.0
45 0 1291647791.0
45 0 1291647832.0
45 0 1291648232.0
45 0 1291648290.0
45 0 1291648440.0
45 0 1291648580.0
45 0 1291648796.0
45 0 1291649560.0
45 0 1291649733.0
45 0 1291649837.0
45 5 1291726209.0
45 5 1291726385.0
45 11 1291729620.0
45 11 1291729962.0
45 11 1291730078.0
45 11 1291730191.0
45 11 1291730746.0
45 11 1291730773.0
46 3 1189343865.0
46 3 1189344028.0
46 3 1189344593.0
46 3 1189346677.0
46 3 1189350005.0
46 2 1189351486.0
46 5 1189353968.0
46 10 1189883386.0
48 8 1149922063.0
48 1 1150614674.0
48 1 1150614850.0
48 1 1150626585.0
50 4 1289981348.0
50 4 1289981495.0
50 1 1290045479.0
50 1 1290045564.0
50 1 1290045822.0
50 1 1290045835.0
50 1 1290045870.0
50 1 1290045999.0
50 1 1290046218.0
50 1 1290046419.0
50 1 1290047657.0
50 1 1290048134.0
50 9 1290050411.0
50 9 1290050506.0
50 9 1290050685.0
50 9 1290050897.0
50 9 1290050900.0
50 9 1290050903.0
51 5 1331370911.0
51 5 1331371032.0
51 5 1331371253.0
51 5 1331371329.0
51 5 1331371406.0
51 5 1331371485.0
51 5 1331371847.0
51 18 1331374806.0
51 18 1331399086.0
51 9 1331468956.0
51 9 1331469290.0
51 9 1331469333.0
51 9 1331470279.0
51 9 1331470401.0
51 9 1331470487.0
51 9 1331471023.0
51 9 1331471045.0
51 9 1331471943.0
51 9 1331471952.0
51 2 1332592128.0
51 2 1332592315.0
51 2 1332592451.0
51 2 1332592559.0
51 10 1332594065.0
51 10 1332594087.0
51 10 1332594154.0
51 10 1332594315.0
51 10 1332594429.0
51 10 1332594517.0
51 3 1332608497.0
51 3 1332610635.0
51 3 1332612311.0
51 7 1332613454.0
51 1 1332660719.0
51 1 1332660777.0
51 0 1332660796.0
51 0 1332660923.0
51 0 1332660963.0
51 0 1332661143.0
51 0 1332661207.0
51 0 1332661217.0
51 1 1332661498.0
51 1 1332661519.0
51 1 1332661689.0
51 1 1332661794.0
51 1 1332661809.0
51 1 1332661888.0
51 0 1332662027.0
51 0 1332662089.0
51 1 1332662355.0
51 1 1332662360.0
51 0 1332662544.0
54 12 1322270715.0
54 8 1322276769.0
54 8 1322277078.0
54 8 1322277086.0
54 8 1322277138.0
54 8 1322277207.0
54 8 1322277343.0
54 8 1322277397.0
54 8 1322277446.0
54 8 1322277460.0
54 8 1322277481.0
54 8 1322277537.0
54 8 1322277543.0
54 8 1322277558.0
54 8 1322277570.0
54 8 1322277729.0
54 8 1322277804.0
54 8 1322277824.0
54 8 1322277872.0
54 8 1322277904.0
54 8 1322278216.0
54 4 1322284010.0
54 4 1322284229.0
54 4 1322284311.0
54 4 1322284324.0
54 4 1322284379.0
54 3 1322355407.0
54 3 1322355534.0
54 3 1322355576.0
54 3 1322355589.0
54 3 1322355656.0
54 3 1322355734.0
54 3 1322355769.0
54 3 1322355778.0
54 3 1322355999.0
54 3 1322356101.0
54 3 1322356178.0
54 3 1322357405.0
54 14 1322444048.0
54 14 1322444090.0
54 14 1322444285.0
54 14 1322444378.0
54 14 1322444885.0
54 11 1322449323.0
54 11 1322450135.0
54 11 1322450283.0
54 11 1322450471.0
54 13 1322456814.0
54 13 1322456883.0
54 13 1322456917.0
54 13 1322456958.0
54 13 1322457289.0
54 13 1322457382.0
54 13 1322457444.0
54 13 1322457822.0
54 13 1322458323.0
54 13 1322460218.0
54 15 1322462114.0
54 15 1322462337.0
54 15 1322462564.0
54 15 1322462576.0
54 15 1322462945.0
54 0 1322611362.0
54 0 1322611533.0
54 0 1322611857.0
54 1 1322611924.0
54 1 1322611937.0
54 1 1322611996.0
54 1 1322612020.0
54 1 1322612301.0
54 1 1322612502.0
54 1 1322612512.0
54 1 1322613241.0
54 1 1322613254.0
54 1 1322613257.0
54 1 1322613260.0
54 1 1322613266.0
54 2 1322632200.0
54 2 1322635063.0
55 7 1355818294.0
55 7 1355818323.0
55 5 1355842008.0
55 5 1355842046.0
55 12 1357371763.0
56 13 1227590623.0
56 13 1227590701.0
56 13 1227590931.0
56 13 1227590961.0
56 13 1227591097.0
56 13 1227591217.0
56 13 1227591387.0
56 13 1227591505.0
56 13 1227592086.0
56 13 1227592299.0
56 7 1230307807.0
57 5 1271142194.0
57 0 1271150052.0
57 0 1271150189.0
57 1 1271150391.0
57 1 1271150423.0
57 1 1271150459.0
57 1 1271150476.0
57 1 1271150490.0
57 1 1271150512.0
57 1 1271150677.0
57 1 1271150698.0
57 1 1271150742.0
57 1 1271150808.0
58 1 1171510038.0
58 1 1171510608.0
58 0 1171614369.0
59 2 951007383.0
59 2 951042731.0
59 3 951138000.0
59 2 951138000.0
59 2 951138000.0
59 2 951138001.0
59 2 951139511.0
59 2 951140505.0
59 2 951140726.0
59 2 951150224.0
60 2 1330409800.0
60 2 1330409864.0
60 7 1330412688.0
60 7 1330413147.0
60 7 1330413614.0
60 7 1330413674.0
60 7 1330414146.0
60 7 1330414703.0
61 7 1224177261.0
61 7 1224177314.0
61 7 1224177428.0
61 7 1224177482.0
61 7 1224177540.0
61 7 1224177621.0
61 7 1224177672.0
61 7 1224177856.0
61 7 1224178212.0
61 9 1229249785.0
61 9 1229249797.0
63 4 1290853836.0
63 4 1290854394.0
63 4 1290854605.0
63 4 1290854876.0
63 4 1290855069.0
63 4 1290855094.0
63 4 1290855261.0
63 4 1290855351.0
63 4 1290855390.0
63 4 1290855428.0
63 4 1290855450.0
63 4 1290855551.0
63 9 1290863368.0
63 9 1290865026.0
63 3 1290935093.0
63 3 1290935118.0
63 3 1290935143.0
63 3 1290935396.0
63 3 1290935441.0
63 3 1290935939.0
63 3 1290936039.0
63 2 1290939937.0
63 2 1290939969.0
63 2 1290940042.0
63 2 1290940156.0
63 2 1290940312.0
63 2 1290940347.0
63 2 1290940415.0
63 2 1290940729.0
63 10 1290942493.0
63 10 1290942809.0
63 10 1290943061.0
63 10 1290943197.0
63 10 1290943944.0
63 0 1290953494.0
63 0 1290953876.0
63 0 1290953908.0
63 0 1290954031.0
63 0 1290954047.0
63 0 1290954238.0
63 0 1290954262.0
63 0 1290954298.0
63 0 1290954322.0
63 1 1290954455.0
63 1 1290954566.0
63 1 1290954570.0
63 0 1290954809.0
64 2 1365891168.0
64 3 1365928390.0
65 6 1394292529.0
65 5 1394295310.0
65 5 1394295511.0
65 5 1394406692.0
67 7 1291642623.0
67 7 1291642653.0
67 7 1291642887.0
67 2 1291648117.0
67 2 1291648318.0
67 2 1291648333.0
67 2 1291648442.0
67 2 1291648456.0
67 2 1291648468.0
67 2 1291648495.0
67 2 1291648547.0
67 2 1291648570.0
67 2 1291648575.0
67 2 1291648621.0
67 2 1291648623.0
67 2 1291648646.0
67 2 1291648776.0
67 2 1291648803.0
67 2 1291648855.0
67 2 1291648884.0
67 2 1291648895.0
67 2 1291648913.0
67 2 1291648984.0
67 2 1291649030.0
67 2 1291649061.0
67 2 1291649107.0
67 2 1291649153.0
67 2 1291649229.0
67 2 1291649303.0
67 2 1291649315.0
67 2 1291649518.0
67 2 1291649544.0
67 2 1291649656.0
67 3 1291719962.0
67 3 1291720009.0
67 3 1291720039.0
67 3 1291720049.0
67 3 1291720056.0
67 3 1291720116.0
67 3 1291720119.0
67 3 1291720128.0
67 3 1291720218.0
67 3 1291720221.0
67 3 1291720241.0
67 3 1291720262.0
67 3 1291720271.0
67 3 1291720282.0
67 3 1291720320.0
67 3 1291720383.0
67 3 1291720401.0
67 3 1291720447.0
67 3 1291720455.0
67 3 1291720498.0
67 3 1291720528.0
67 3 1291720532.0
67 3 1291720548.0
67 3 1291720555.0
67 3 1291720688.0
67 3 1291720807.0
67 3 1291721381.0
67 3 1291721384.0
67 3 1291721438.0
67 3 1291721508.0
67 3 1291721511.0
67 3 1291721522.0
67 3 1291721553.0
67 3 1291721567.0
67 3 1291721592.0
67 3 1291721672.0
67 3 1291721684.0
67 3 1291721840.0
67 3 1291721862.0
67 3 1291721883.0
67 3 1291721913.0
67 3 1291722198.0
67 3 1291722626.0
67 5 1291730133.0
67 5 1291730206.0
67 5 1291730318.0
67 5 1291730341.0
67 5 1291730399.0
67 5 1291730485.0
67 5 1291730495.0
67 5 1291730637.0
67 5 1291730692.0
67 5 1291730707.0
67 5 1291730709.0
67 5 1291730719.0
67 5 1291730759.0
67 5 1291730774.0
67 5 1291730832.0
67 9 1291734754.0
67 9 1291735434.0
67 9 1291735661.0
67 9 1291736384.0
67 9 1291736396.0
67 9 1291736432.0
67 9 1291736447.0
67 9 1291736451.0
67 9 1291736453.0
67 9 1291736456.0
67 9 1291736490.0
67 9 1291736513.0
68 6 1140729179.0
68 17 1148486277.0
68 13 1296040086.0
68 13 1296040187.0
68 13 1296041066.0
68 13 1296042198.0
68 15 1296044236.0
68 15 1296044286.0
68 15 1296044354.0
68 15 1296044678.0
68 5 1301800000.0
68 16 1315514520.0
68 16 1315515243.0
68 16 1315516672.0
68 16 1315517259.0
68 14 1322863217.0
68 14 1322863686.0
69 12 1238695613.0
69 8 1271862851.0
69 8 1271862893.0
69 8 1271863001.0
69 8 1271863136.0
69 8 1280752066.0
69 8 1280752124.0
69 8 1280752770.0
69 8 1280752782.0
69 8 1280752862.0
69 8 1280758308.0
69 8 1282826460.0
70 12 1140368247.0
70 2 1140944024.0
70 1 1205170134.0
71 3 1220946389.0
71 3 1220946933.0
71 3 1220947982.0
71 3 1220948030.0
71 7 1220951149.0
71 7 1220951295.0
71 7 1220951695.0
71 7 1220951992.0
72 2 1154588533.0
72 2 1154588965.0
72 2 1154589755.0
72 2 1154590249.0
72 3 1154593872.0
72 3 1154594380.0
72 3 1154594414.0
72 3 1154594614.0
72 3 1154594783.0
72 3 1154595076.0
72 3 1154595249.0
72 3 1154595382.0
72 5 1214724791.0
72 9 1214730031.0
75 5 1227433125.0
75 5 1227469016.0
75 3 1227626512.0
75 0 1227631164.0
75 5 1354729089.0
75 2 1354890875.0
75 9 1354904005.0
76 13 1383044639.0
76 13 1383045041.0
76 13 1383045373.0
76 5 1383048122.0
76 5 1383048324.0
76 5 1383048592.0
76 5 1383129876.0
76 4 1383144551.0
76 4 1383144685.0
76 4 1383144799.0
76 4 1383144852.0
76 4 1383145886.0
76 4 1383145995.0
76 9 1383214757.0
76 9 1383215123.0
76 9 1383215160.0
76 0 1383220973.0
76 0 1383221005.0
76 0 1383221105.0
76 0 1383222315.0
76 1 1383222647.0
76 1 1383222814.0
76 1 1383223206.0
76 1 1383223560.0
76 0 1383224049.0
76 0 1383224128.0
77 5 1364976616.0
77 9 1365041303.0
78 15 1144659877.0
78 15 1144660058.0
78 15 1144661915.0
78 15 1144662429.0
78 13 1144665823.0
78 13 1144666357.0
78 3 1144834193.0
78 0 1144918108.0
78 0 1144918325.0
78 0 1144918524.0
78 0 1144919258.0
78 1 1144919812.0
78 0 1144922632.0
78 19 1145007595.0
78 14 1145014784.0
78 14 1145014985.0
79 2 1363693611.0
79 10 1363703654.0
79 6 1363782636.0
80 9 1189008705.0
80 9 1189009137.0
80 9 1189009203.0
80 5 1189012995.0
80 9 1243549082.0
81 3 1255070999.0
81 3 1255072044.0
81 3 1255072099.0
81 3 1255072143.0
81 3 1255072174.0
81 3 1255072232.0
81 3 1255072414.0
81 3 1255072500.0
81 3 1255072596.0
81 3 1255072888.0
81 2 1255078178.0
81 2 1255078337.0
81 2 1255078807.0
81 2 1255078896.0
84 3 1251273331.0
84 5 1251369335.0
84 5 1251369823.0
85 2 1260199976.0
85 2 1260200045.0
85 2 1260200055.0
85 2 1260200079.0
85 2 1260200133.0
85 2 1260200273.0
85 2 1260200349.0
85 2 1260200501.0
85 2 1260200515.0
85 2 1260200548.0
85 2 1260200554.0
85 2 1260200582.0
85 2 1260200617.0
85 2 1260200628.0
85 2 1260200678.0
85 12 1260254355.0
86 19 1130319490.0
86 3 1130332655.0
87 2 1357731280.0
87 2 1357732251.0
87 2 1357732290.0
87 2 1357732341.0
87 2 1357732466.0
87 10 1357733858.0
87 10 1357734295.0
87 6 1357745888.0
87 0 1357748720.0
87 0 1357749171.0
87 1 1357749686.0
87 1 1357749712.0
87 1 1357749993.0
87 1 1357750244.0
87 1 1357750258.0
87 1 1357750392.0
87 1 1357750660.0
87 0 1357751190.0
87 0 1357751239.0
88 0 1225189049.0
88 1 1225189422.0
89 5 1172707200.0
89 20 1172707200.0
90 3 1357456027.0
90 3 1357456225.0
90 9 1357474092.0
91 14 1331481381.0
91 7 1363192127.0
91 5 1363418671.0
91 5 1363418671.0
91 5 1363418883.0
91 5 1363419301.0
91 5 1363588297.0
91 5 1363589923.0
91 5 1363589923.0
91 5 1363589923.0
92 3 934898400.0
92 2 934898401.0
93 0 1242785584.0
93 0 1242785675.0
93 5 1242789511.0
93 3 1242794417.0
93 6 1243308177.0
93 2 1243317643.0
93 2 1243320857.0
93 2 1243321116.0
93 2 1243322015.0
93 2 1243322044.0
95 9 1311961744.0
95 0 1312135678.0
95 0 1312136632.0
95 0 1312136806.0
95 0 1312137456.0
95 0 1312137465.0
95 0 1312137489.0
95 0 1312137542.0
95 0 1312137556.0
95 0 1312137591.0
95 0 1312137595.0
95 0 1312137596.0
95 0 1312137647.0
95 0 1312137680.0
95 0 1312137700.0
95 0 1312137741.0
95 0 1312137749.0
95 0 1312137778.0
95 0 1312137846.0
95 0 1312137863.0
95 0 1312137897.0
95 0 1312137945.0
95 0 1312137950.0
95 0 1312138085.0
95 0 1312138093.0
95 0 1312138099.0
95 0 1312138235.0
95 0 1312138251.0
95 0 1312138278.0
95 0 1312138337.0
95 0 1312138348.0
95 0 1312138365.0
95 0 1312138387.0
95 0 1312138410.0
95 0 1312138527.0
95 0 1312138652.0
95 0 1312138653.0
95 0 1312138713.0
95 0 1312138716.0
95 0 1312138718.0
95 0 1312138720.0
95 0 1312138789.0
95 0 1312138935.0
95 0 1312138973.0
95 0 1312138987.0
95 0 1312139085.0
95 0 1312139159.0
95 0 1312139181.0
95 0 1312139182.0
95 0 1312139285.0
95 0 1312139326.0
95 0 1312139432.0
95 0 1312139454.0
95 0 1312139497.0
95 0 1312139591.0
95 0 1312139679.0
97 4 1361702303.0
97 4 1361702503.0
97 4 1361703323.0
97 4 1361703348.0
97 4 1361705242.0
97 4 1361705297.0
97 4 1361705561.0
97 4 1361705612.0
97 4 1361706379.0
97 4 1361706392.0
97 16 1361716437.0
97 16 1361716639.0
97 16 1361717184.0
97 16 1361717912.0
97 16 1361718499.0
97 16 1361718685.0
97 16 1361719187.0
97 16 1361719544.0
97 16 1361719557.0
97 16 1361721282.0
97 16 1361721925.0
97 16 1361722004.0
97 16 1361722026.0
97 16 1361722044.0
97 16 1361722058.0
97 2 1361803750.0
97 2 1361808427.0
98 3 977788889.0
98 3 977788894.0
98 3 977788902.0
98 3 977788911.0
98 3 977788915.0
98 2 978304391.0
98 2 978304453.0
98 2 978390042.0
99 7 1311622079.0
99 2 1311624793.0
99 2 1311800089.0
99 2 1311800218.0
101 3 1195122004.0
101 3 1195122033.0
101 3 1195122166.0
101 3 1195122222.0
101 3 1195122348.0
101 3 1195123070.0
101 3 1195125717.0
101 3 1195125723.0
101 3 1195126371.0
101 7 1195132846.0
102 5 1357875830.0
102 2 1357955180.0
102 2 1357956342.0
102 2 1357956553.0
102 2 1357956574.0
102 2 1357956661.0
102 2 1357956958.0
102 7 1357959421.0
102 7 1357959674.0
102 21 1358137389.0
102 9 1358223170.0
102 9 1358223242.0
102 12 1358226839.0
102 2 1358313420.0
102 12 1370541046.0
104 3 1355572070.0
104 3 1355575895.0
104 0 1357929255.0
104 0 1357929369.0
104 0 1357929455.0
104 1 1357929737.0
104 1 1357929946.0
104 0 1357930120.0
105 3 1145037060.0
105 9 1145205600.0
105 9 1145208120.0
105 9 1145214480.0
105 13 1149527820.0
105 13 1149531240.0
105 13 1149532020.0
105 13 1149532500.0
106 1 1218199635.0
106 1 1218200142.0
106 1 1218200431.0
106 1 1218201035.0
106 1 1218201282.0
106 0 1218201986.0
107 0 1240065177.0
107 4 1240128478.0
108 3 1391944969.0
108 3 1391945588.0
108 3 1391946141.0
108 3 1391946372.0
108 2 1391948766.0
108 0 1391961079.0
108 0 1391961703.0
108 1 1391961793.0
109 10 1187873622.0
109 10 1187873622.0
109 10 1187873678.0
109 10 1187873678.0
109 10 1187873722.0
109 10 1187873722.0
109 10 1187873782.0
109 10 1187873782.0
109 10 1187873940.0
109 10 1187873940.0
109 10 1187874533.0
109 10 1187874533.0
109 17 1187876378.0
109 17 1187876378.0
109 17 1187876396.0
109 17 1187876396.0
109 17 1187876406.0
109 17 1187876406.0
109 17 1187876450.0
109 17 1187876450.0
109 17 1187876490.0
109 17 1187876490.0
109 17 1187876505.0
109 17 1187876505.0
109 17 1187876584.0
109 17 1187876584.0
109 17 1187876644.0
109 17 1187876644.0
109 17 1187876687.0
109 17 1187876687.0
109 17 1187876709.0
109 17 1187876709.0
109 17 1187876720.0
109 17 1187876720.0
109 17 1187876864.0
109 17 1187876864.0
109 17 1187876895.0
109 17 1187876895.0
109 17 1187876903.0
109 17 1187876903.0
109 17 1187877021.0
109 17 1187877021.0
109 8 1187877804.0
109 8 1187877804.0
109 8 1187878112.0
109 8 1187878112.0
109 8 1187878175.0
109 8 1187878175.0
109 8 1187878278.0
109 8 1187878296.0
109 8 1187878306.0
109 8 1187878307.0
109 8 1187878308.0
109 8 1187878308.0
109 8 1187878356.0
109 8 1187878463.0
109 8 1187878478.0
109 8 1187878558.0
109 8 1187878658.0
109 8 1187878676.0
109 8 1187878681.0
109 8 1187878762.0
109 8 1187878902.0
109 9 1187890718.0
109 9 1187890877.0
110 12 1303466833.0
110 8 1303472894.0
110 2 1303548038.0
110 12 1303573174.0
110 14 1303631965.0
110 12 1303651536.0
110 0 1304843594.0
110 0 1304844000.0
110 10 1304854700.0
111 4 1200100936.0
111 4 1200101200.0
111 4 1200102443.0
111 4 1200102662.0
111 4 1200102728.0
111 13 1200201446.0
111 13 1200201722.0
111 13 1200201846.0
111 13 1205775679.0
111 13 1206768924.0
111 13 1211647828.0
113 7 1237295105.0
113 2 1307301050.0
113 2 1307301454.0
113 2 1307302354.0
113 2 1307302481.0
113 2 1307302491.0
113 2 1307303533.0
114 13 1373016248.0
114 13 1373016391.0
114 3 1373091519.0
114 3 1373091866.0
114 13 1373170815.0
114 15 1373175836.0
114 15 1373175960.0
114 15 1373176479.0
114 15 1373177198.0
114 1 1373534171.0
117 7 1125154203.0
117 0 1138276697.0
117 0 1138277012.0
117 0 1138277344.0
117 0 1138277528.0
117 16 1178362007.0
117 2 1194879555.0
117 2 1194881714.0
117 2 1200914526.0
117 2 1209829680.0
117 2 1209829777.0
117 14 1221411482.0
117 2 1226753706.0
117 2 1226754508.0
117 2 1226754678.0
117 2 1226754727.0
117 7 1226755021.0
117 7 1226756362.0
117 7 1226756547.0
117 7 1226757187.0
117 7 1226763284.0
117 2 1325515269.0
117 2 1345307017.0
117 22 1345310071.0
117 22 1345310072.0
117 22 1345310174.0
117 22 1345310184.0
117 16 1383389430.0
118 3 1231068638.0
118 3 1231068653.0
118 3 1231068829.0
118 3 1231068850.0
118 3 1231068973.0
118 3 1231069175.0
118 3 1231069269.0
118 3 1231069948.0
118 3 1231069971.0
118 3 1231071707.0
118 5 1231081542.0
118 5 1231081987.0
118 15 1231086953.0
118 15 1231086972.0
118 15 1231087086.0
118 15 1231087627.0
118 15 1231087664.0
118 15 1231087708.0
118 15 1231088275.0
118 15 1231088433.0
118 2 1231149307.0
118 2 1231150365.0
118 2 1231150808.0
118 2 1231150884.0
118 10 1231154036.0
118 10 1231155041.0
118 0 1231170059.0
118 0 1231170261.0
118 1 1231170534.0
118 1 1231170585.0
118 1 1231170627.0
118 1 1231170664.0
118 1 1231170901.0
118 1 1231171470.0
118 1 1231171594.0
118 1 1231171758.0
118 1 1231172015.0
118 0 1231172424.0
118 6 1231175470.0
3 10 1291218894.0
3 10 1291219118.0
6 3 1098970702.0
6 3 1098971074.0
23 8 1292466334.0
23 5 1292472310.0
25 5 1341013622.0
25 5 1341013945.0
31 16 1173016840.0
31 2 1249511939.0
33 13 1313309062.0
33 13 1313309161.0
36 3 1340551175.0
36 0 1340559918.0
47 2 1330248021.0
47 2 1330248333.0
49 10 1188717928.0
49 10 1188718397.0
52 2 1393445311.0
52 2 1393455802.0
53 1 1318592653.0
53 1 1318592865.0
62 8 1184319850.0
62 8 1184319984.0
66 0 1294730998.0
66 19 1294814215.0
73 1 1301813557.0
73 12 1301823727.0
74 10 1190032925.0
74 10 1190033045.0
82 10 1332761914.0
82 10 1332762136.0
83 16 1238495594.0
83 16 1238495618.0
94 5 1140890149.0
94 5 1140890759.0
96 15 1315066233.0
96 15 1315066368.0
100 3 1184243595.0
100 3 1184243642.0
103 16 1354879497.0
103 16 1354899051.0
112 13 1135660006.0
112 13 1135660011.0
115 2 1117247432.0
115 3 1117253721.0
116 10 1348125406.0
116 10 1348126203.0
