0 0 1365350352.0
0 1 1365350896.0
2 10 1319798732.0
2 5 1319820141.0
2 5 1319820297.0
2 5 1319820415.0
3 10 1291218894.0
3 10 1291219118.0
3 10 1291219249.0
3 10 1291219469.0
3 10 1291219517.0
3 10 1291219603.0
3 10 1291219884.0
3 10 1291220210.0
3 10 1291220258.0
3 5 1291221892.0
3 5 1291221967.0
3 5 1291222009.0
3 5 1291222081.0
3 5 1291222156.0
3 5 1291222250.0
3 5 1291222298.0
3 5 1291222467.0
3 5 1291222515.0
4 3 1300371083.0
4 3 1300371196.0
4 3 1300371347.0
4 3 1300374052.0
4 7 1300380101.0
4 7 1300380103.0
4 2 1300381167.0
4 2 1300381183.0
4 2 1300381184.0
4 2 1300383231.0
4 2 1300383543.0
6 3 1098970702.0
6 3 1098971074.0
6 2 1098975969.0
6 2 1098977513.0
6 2 1098977523.0
7 5 1158407279.0
7 5 1158407343.0
7 5 1158407348.0
7 5 1158407355.0
7 11 1158679895.0
7 9 1158955246.0
8 2 1330163400.0
8 7 1330167848.0
9 3 1392302112.0
9 3 1392304633.0
9 2 1392305137.0
9 2 1392306325.0
9 2 1392306336.0
9 2 1392306424.0
9 2 1392306452.0
9 2 1392306740.0
11 5 1226192042.0
11 13 1226199245.0
13 9 1198952456.0
13 0 1215731116.0
13 1 1215733448.0
13 1 1215734759.0
13 1 1215734962.0
13 1 1215735786.0
13 0 1215737373.0
13 1 1215738105.0
13 2 1357006658.0
13 2 1357009895.0
13 2 1357010033.0
13 2 1357010440.0
13 2 1357011086.0
13 2 1357013394.0
13 3 1357180455.0
15 3 1317819266.0
15 3 1317819559.0
15 3 1317819745.0
15 3 1317819822.0
15 3 1317820019.0
15 13 1317903972.0
15 13 1317904009.0
16 9 1099267200.0
16 5 1099267200.0
16 9 1099267200.0
16 2 1099267200.0
16 9 1099267200.0
16 5 1099267200.0
16 5 1099267200.0
21 2 1352543127.0
21 2 1352543297.0
21 2 1352543352.0
21 2 1352543367.0
21 2 1352543398.0
21 2 1352543418.0
21 2 1352543433.0
21 2 1352543546.0
21 2 1352543656.0
21 2 1352543667.0
21 2 1352543726.0
21 2 1352543758.0
21 2 1352543769.0
21 2 1352543814.0
21 2 1352543852.0
21 2 1352543866.0
21 2 1352543889.0
21 2 1352543905.0
21 2 1352543941.0
21 2 1352543948.0
21 2 1352543967.0
21 2 1352544035.0
21 2 1352544120.0
21 7 1352545068.0
21 7 1352545186.0
21 7 1352545190.0
21 7 1352545256.0
21 7 1352545261.0
21 7 1352545313.0
21 7 1352545327.0
21 7 1352545396.0
21 7 1352545400.0
21 7 1352545428.0
21 7 1352545438.0
21 7 1352545476.0
21 7 1352545594.0
21 7 1352545645.0
21 7 1352545747.0
21 7 1352545810.0
21 7 1352545820.0
21 7 1352546251.0
21 7 1352546615.0
21 7 1352546623.0
21 3 1352556344.0
21 3 1352556353.0
21 3 1352556442.0
21 3 1352556473.0
21 3 1352556513.0
21 3 1352556533.0
21 3 1352556597.0
21 3 1352556852.0
21 3 1352557036.0
21 3 1352557075.0
21 3 1352557107.0
21 3 1352557377.0
21 3 1352557611.0
21 3 1352557619.0
21 3 1352557670.0
21 3 1352557837.0
21 3 1352557852.0
21 3 1352557878.0
21 3 1352557888.0
21 3 1352557977.0
21 3 1352559116.0
21 3 1352559135.0
21 3 1352559199.0
21 3 1352559209.0
21 3 1352559222.0
21 3 1352559224.0
21 3 1352559233.0
21 3 1352559243.0
21 3 1352559285.0
21 3 1352559703.0
21 3 1352559718.0
21 3 1352559764.0
21 3 1352560073.0
21 3 1352560112.0
21 3 1352560125.0
21 3 1352560148.0
21 3 1352560285.0
21 3 1352560402.0
21 3 1352560430.0
21 3 1352560437.0
21 3 1352560476.0
21 3 1352560541.0
21 3 1352560572.0
21 3 1352560592.0
21 3 1352560607.0
21 3 1352560705.0
21 3 1352561551.0
21 3 1352561637.0
21 3 1352562227.0
21 2 1352563958.0
21 2 1352563982.0
21 2 1352564013.0
21 2 1352564165.0
21 2 1352564177.0
21 2 1352564260.0
21 2 1352564276.0
21 2 1352564298.0
21 2 1352564322.0
21 2 1352564393.0
21 2 1352564445.0
21 2 1352564450.0
21 2 1352564596.0
21 2 1352564620.0
21 2 1352564641.0
21 2 1352564664.0
21 2 1352564687.0
21 2 1352564752.0
21 2 1352564756.0
21 2 1352564762.0
21 2 1352564799.0
21 2 1352564855.0
21 2 1352564863.0
21 2 1352565009.0
21 2 1352565016.0
21 2 1352565030.0
21 2 1352565235.0
22 5 1377266829.0
22 9 1377270413.0
22 9 1377270419.0
22 9 1377270432.0
22 9 1377270894.0
22 9 1377271111.0
25 5 1341013622.0
25 5 1341013945.0
25 5 1341014252.0
25 2 1341016807.0
25 2 1341017348.0
25 2 1341017536.0
25 2 1341017598.0
25 2 1341017697.0
25 2 1341018166.0
25 3 1341047144.0
25 3 1341047279.0
29 15 1243274314.0
29 15 1243274457.0
29 15 1243274942.0
29 15 1243275093.0
29 15 1243275693.0
29 6 1243351451.0
29 6 1243352010.0
29 6 1243352800.0
29 6 1243353389.0
29 6 1243353724.0
31 16 1173016840.0
31 2 1249511939.0
31 2 1249512027.0
31 2 1249561342.0
31 2 1249561774.0
31 2 1249632886.0
31 2 1249725913.0
31 2 1249757259.0
32 8 1302353214.0
32 8 1302353970.0
32 8 1302354020.0
32 8 1302354220.0
32 8 1302354269.0
32 8 1302354358.0
32 8 1302354623.0
32 8 1302354635.0
32 8 1302354635.0
32 8 1302354674.0
32 8 1302354747.0
32 8 1302355195.0
32 8 1302355391.0
32 0 1321209983.0
32 0 1321210198.0
32 0 1321210417.0
32 0 1321210540.0
32 0 1321211351.0
32 0 1321212237.0
36 3 1340551175.0
36 0 1340559918.0
36 1 1340560920.0
36 1 1340561177.0
36 1 1340561323.0
36 1 1340561991.0
37 3 1321970487.0
37 3 1321970690.0
37 2 1321976856.0
37 2 1321976856.0
37 2 1321977169.0
37 2 1321977607.0
37 2 1321977771.0
37 2 1321977819.0
37 10 1321979138.0
38 8 1189247913.0
38 8 1189248057.0
38 8 1189248067.0
38 8 1189248109.0
38 8 1189248121.0
38 8 1189248300.0
38 8 1189248335.0
38 8 1189248409.0
38 8 1189248425.0
38 8 1189248754.0
38 8 1189248999.0
38 8 1189249038.0
38 8 1189249360.0
38 8 1189249611.0
38 8 1189249755.0
38 8 1189249926.0
38 8 1189249960.0
38 8 1189250094.0
38 8 1189250246.0
38 8 1189250334.0
38 8 1189250405.0
38 8 1189250449.0
38 8 1189250636.0
38 8 1189250672.0
38 8 1189250741.0
38 8 1189250793.0
38 8 1189250944.0
38 5 1189252123.0
38 5 1189252141.0
38 5 1189252172.0
38 5 1189252200.0
38 5 1189252227.0
38 5 1189252275.0
38 5 1189252322.0
38 5 1189252339.0
38 5 1189252381.0
38 3 1189262058.0
38 3 1189262101.0
38 3 1189262178.0
38 3 1189262267.0
38 3 1189262324.0
38 3 1189262392.0
38 3 1189262405.0
38 3 1189262490.0
38 3 1189262556.0
38 3 1189262654.0
38 3 1189262755.0
38 3 1189262764.0
38 3 1189262818.0
38 3 1189262833.0
38 3 1189262842.0
38 3 1189263282.0
38 3 1189263314.0
38 3 1189263401.0
40 8 1209797400.0
40 11 1219699415.0
40 13 1235301167.0
40 14 1237047421.0
40 0 1240135554.0
44 3 1268841950.0
44 8 1269106052.0
44 8 1269106781.0
44 8 1269508959.0
44 8 1269508960.0
44 0 1276348766.0
44 0 1276348816.0
44 0 1276349075.0
44 0 1276349349.0
44 1 1276350077.0
44 1 1276350177.0
44 1 1276350194.0
44 0 1276352584.0
44 1 1276352809.0
46 3 1189343865.0
46 3 1189344028.0
46 3 1189344593.0
46 3 1189346677.0
46 3 1189350005.0
46 2 1189351486.0
46 5 1189353968.0
46 10 1189883386.0
47 2 1330248021.0
47 2 1330248333.0
47 17 1330258623.0
51 5 1331370911.0
51 5 1331371032.0
51 5 1331371253.0
51 5 1331371329.0
51 5 1331371406.0
51 5 1331371485.0
51 5 1331371847.0
51 18 1331374806.0
51 18 1331399086.0
51 9 1331468956.0
51 9 1331469290.0
51 9 1331469333.0
51 9 1331470279.0
51 9 1331470401.0
51 9 1331470487.0
51 9 1331471023.0
51 9 1331471045.0
51 9 1331471943.0
51 9 1331471952.0
51 2 1332592128.0
51 2 1332592315.0
51 2 1332592451.0
51 2 1332592559.0
51 10 1332594065.0
51 10 1332594087.0
51 10 1332594154.0
51 10 1332594315.0
51 10 1332594429.0
51 10 1332594517.0
51 3 1332608497.0
51 3 1332610635.0
51 3 1332612311.0
51 7 1332613454.0
51 1 1332660719.0
51 1 1332660777.0
51 0 1332660796.0
51 0 1332660923.0
51 0 1332660963.0
51 0 1332661143.0
51 0 1332661207.0
51 0 1332661217.0
51 1 1332661498.0
51 1 1332661519.0
51 1 1332661689.0
51 1 1332661794.0
51 1 1332661809.0
51 1 1332661888.0
51 0 1332662027.0
51 0 1332662089.0
51 1 1332662355.0
51 1 1332662360.0
51 0 1332662544.0
52 2 1393445311.0
52 2 1393455802.0
52 2 1393458535.0
52 7 1393462553.0
57 5 1271142194.0
57 0 1271150052.0
57 0 1271150189.0
57 1 1271150391.0
57 1 1271150423.0
57 1 1271150459.0
57 1 1271150476.0
57 1 1271150490.0
57 1 1271150512.0
57 1 1271150677.0
57 1 1271150698.0
57 1 1271150742.0
57 1 1271150808.0
58 1 1171510038.0
58 1 1171510608.0
58 0 1171614369.0
61 7 1224177261.0
61 7 1224177314.0
61 7 1224177428.0
61 7 1224177482.0
61 7 1224177540.0
61 7 1224177621.0
61 7 1224177672.0
61 7 1224177856.0
61 7 1224178212.0
61 9 1229249785.0
61 9 1229249797.0
65 6 1394292529.0
65 5 1394295310.0
65 5 1394295511.0
65 5 1394406692.0
67 7 1291642623.0
67 7 1291642653.0
67 7 1291642887.0
67 2 1291648117.0
67 2 1291648318.0
67 2 1291648333.0
67 2 1291648442.0
67 2 1291648456.0
67 2 1291648468.0
67 2 1291648495.0
67 2 1291648547.0
67 2 1291648570.0
67 2 1291648575.0
67 2 1291648621.0
67 2 1291648623.0
67 2 1291648646.0
67 2 1291648776.0
67 2 1291648803.0
67 2 1291648855.0
67 2 1291648884.0
67 2 1291648895.0
67 2 1291648913.0
67 2 1291648984.0
67 2 1291649030.0
67 2 1291649061.0
67 2 1291649107.0
67 2 1291649153.0
67 2 1291649229.0
67 2 1291649303.0
67 2 1291649315.0
67 2 1291649518.0
67 2 1291649544.0
67 2 1291649656.0
67 3 1291719962.0
67 3 1291720009.0
67 3 1291720039.0
67 3 1291720049.0
67 3 1291720056.0
67 3 1291720116.0
67 3 1291720119.0
67 3 1291720128.0
67 3 1291720218.0
67 3 1291720221.0
67 3 1291720241.0
67 3 1291720262.0
67 3 1291720271.0
67 3 1291720282.0
67 3 1291720320.0
67 3 1291720383.0
67 3 1291720401.0
67 3 1291720447.0
67 3 1291720455.0
67 3 1291720498.0
67 3 1291720528.0
67 3 1291720532.0
67 3 1291720548.0
67 3 1291720555.0
67 3 1291720688.0
67 3 1291720807.0
67 3 1291721381.0
67 3 1291721384.0
67 3 1291721438.0
67 3 1291721508.0
67 3 1291721511.0
67 3 1291721522.0
67 3 1291721553.0
67 3 1291721567.0
67 3 1291721592.0
67 3 1291721672.0
67 3 1291721684.0
67 3 1291721840.0
67 3 1291721862.0
67 3 1291721883.0
67 3 1291721913.0
67 3 1291722198.0
67 3 1291722626.0
67 5 1291730133.0
67 5 1291730206.0
67 5 1291730318.0
67 5 1291730341.0
67 5 1291730399.0
67 5 1291730485.0
67 5 1291730495.0
67 5 1291730637.0
67 5 1291730692.0
67 5 1291730707.0
67 5 1291730709.0
67 5 1291730719.0
67 5 1291730759.0
67 5 1291730774.0
67 5 1291730832.0
67 9 1291734754.0
67 9 1291735434.0
67 9 1291735661.0
67 9 1291736384.0
67 9 1291736396.0
67 9 1291736432.0
67 9 1291736447.0
67 9 1291736451.0
67 9 1291736453.0
67 9 1291736456.0
67 9 1291736490.0
67 9 1291736513.0
71 3 1220946389.0
71 3 1220946933.0
71 3 1220947982.0
71 3 1220948030.0
71 7 1220951149.0
71 7 1220951295.0
71 7 1220951695.0
71 7 1220951992.0
72 2 1154588533.0
72 2 1154588965.0
72 2 1154589755.0
72 2 1154590249.0
72 3 1154593872.0
72 3 1154594380.0
72 3 1154594414.0
72 3 1154594614.0
72 3 1154594783.0
72 3 1154595076.0
72 3 1154595249.0
72 3 1154595382.0
72 5 1214724791.0
72 9 1214730031.0
73 1 1301813557.0
73 12 1301823727.0
75 5 1227433125.0
75 5 1227469016.0
75 3 1227626512.0
75 0 1227631164.0
75 5 1354729089.0
75 2 1354890875.0
75 9 1354904005.0
76 13 1383044639.0
76 13 1383045041.0
76 13 1383045373.0
76 5 1383048122.0
76 5 1383048324.0
76 5 1383048592.0
76 5 1383129876.0
76 4 1383144551.0
76 4 1383144685.0
76 4 1383144799.0
76 4 1383144852.0
76 4 1383145886.0
76 4 1383145995.0
76 9 1383214757.0
76 9 1383215123.0
76 9 1383215160.0
76 0 1383220973.0
76 0 1383221005.0
76 0 1383221105.0
76 0 1383222315.0
76 1 1383222647.0
76 1 1383222814.0
76 1 1383223206.0
76 1 1383223560.0
76 0 1383224049.0
76 0 1383224128.0
77 5 1364976616.0
77 9 1365041303.0
79 2 1363693611.0
79 10 1363703654.0
79 6 1363782636.0
82 10 1332761914.0
82 10 1332762136.0
82 10 1332762188.0
82 10 1332762380.0
82 10 1332762822.0
82 10 1332762858.0
82 10 1332763008.0
82 10 1332763094.0
82 10 1332763140.0
82 10 1332763430.0
82 10 1332763816.0
82 10 1332763886.0
82 10 1332763916.0
82 4 1332767400.0
82 4 1332771154.0
82 4 1332771272.0
82 0 1332781716.0
82 0 1332782304.0
82 0 1332782380.0
82 1 1332782530.0
82 1 1332782582.0
82 1 1332782606.0
82 1 1332782634.0
82 1 1332782852.0
82 1 1332782878.0
82 1 1332782948.0
82 1 1332783032.0
82 5 1332788166.0
82 5 1332788192.0
82 5 1332788352.0
82 4 1332943675.0
82 4 1332943675.0
82 0 1332943681.0
82 0 1332943682.0
82 5 1332943682.0
82 0 1332943684.0
82 1 1332945697.0
82 0 1332945699.0
83 16 1238495594.0
83 16 1238495618.0
83 16 1238495644.0
83 16 1238495677.0
83 16 1238495819.0
83 16 1238495840.0
83 16 1238495880.0
83 16 1238496104.0
83 16 1238496185.0
83 16 1238496276.0
83 16 1238496292.0
83 16 1238496437.0
83 16 1238496467.0
83 16 1238496705.0
83 16 1238497137.0
83 16 1238497259.0
83 16 1238497265.0
83 16 1238497372.0
83 16 1238497417.0
83 16 1238497505.0
83 16 1238498586.0
83 16 1238498652.0
83 16 1238498676.0
83 16 1238498838.0
83 16 1238498864.0
83 16 1238498922.0
83 16 1238498942.0
83 16 1238499063.0
83 16 1238499130.0
83 16 1238499244.0
83 16 1238499517.0
83 16 1238499523.0
83 16 1238499972.0
83 16 1238499990.0
83 16 1238500023.0
83 16 1238500032.0
83 16 1238500074.0
83 16 1238500084.0
83 16 1238500102.0
83 16 1238500229.0
83 16 1238500287.0
83 16 1238500424.0
83 16 1238500577.0
83 16 1238500592.0
83 16 1238500743.0
83 16 1238500756.0
83 16 1238500760.0
83 16 1238500848.0
83 16 1238500975.0
83 16 1238501197.0
83 16 1238501237.0
83 16 1238501273.0
83 16 1238501312.0
83 16 1238501362.0
83 16 1238501373.0
83 16 1238501449.0
83 16 1238501628.0
83 16 1238501971.0
83 16 1238502021.0
83 16 1238502147.0
83 16 1238502322.0
83 16 1238502341.0
83 16 1238502428.0
83 16 1238504685.0
83 16 1238505309.0
83 12 1346844032.0
83 12 1346844049.0
83 12 1346844055.0
83 12 1346844074.0
83 12 1346844106.0
83 12 1346844137.0
83 12 1346844424.0
83 12 1346844717.0
83 12 1346844912.0
84 3 1251273331.0
84 5 1251369335.0
84 5 1251369823.0
85 2 1260199976.0
85 2 1260200045.0
85 2 1260200055.0
85 2 1260200079.0
85 2 1260200133.0
85 2 1260200273.0
85 2 1260200349.0
85 2 1260200501.0
85 2 1260200515.0
85 2 1260200548.0
85 2 1260200554.0
85 2 1260200582.0
85 2 1260200617.0
85 2 1260200628.0
85 2 1260200678.0
85 12 1260254355.0
86 19 1130319490.0
86 3 1130332655.0
87 2 1357731280.0
87 2 1357732251.0
87 2 1357732290.0
87 2 1357732341.0
87 2 1357732466.0
87 10 1357733858.0
87 10 1357734295.0
87 6 1357745888.0
87 0 1357748720.0
87 0 1357749171.0
87 1 1357749686.0
87 1 1357749712.0
87 1 1357749993.0
87 1 1357750244.0
87 1 1357750258.0
87 1 1357750392.0
87 1 1357750660.0
87 0 1357751190.0
87 0 1357751239.0
92 3 934898400.0
92 2 934898401.0
95 9 1311961744.0
95 0 1312135678.0
95 0 1312136632.0
95 0 1312136806.0
95 0 1312137456.0
95 0 1312137465.0
95 0 1312137489.0
95 0 1312137542.0
95 0 1312137556.0
95 0 1312137591.0
95 0 1312137595.0
95 0 1312137596.0
95 0 1312137647.0
95 0 1312137680.0
95 0 1312137700.0
95 0 1312137741.0
95 0 1312137749.0
95 0 1312137778.0
95 0 1312137846.0
95 0 1312137863.0
95 0 1312137897.0
95 0 1312137945.0
95 0 1312137950.0
95 0 1312138085.0
95 0 1312138093.0
95 0 1312138099.0
95 0 1312138235.0
95 0 1312138251.0
95 0 1312138278.0
95 0 1312138337.0
95 0 1312138348.0
95 0 1312138365.0
95 0 1312138387.0
95 0 1312138410.0
95 0 1312138527.0
95 0 1312138652.0
95 0 1312138653.0
95 0 1312138713.0
95 0 1312138716.0
95 0 1312138718.0
95 0 1312138720.0
95 0 1312138789.0
95 0 1312138935.0
95 0 1312138973.0
95 0 1312138987.0
95 0 1312139085.0
95 0 1312139159.0
95 0 1312139181.0
95 0 1312139182.0
95 0 1312139285.0
95 0 1312139326.0
95 0 1312139432.0
95 0 1312139454.0
95 0 1312139497.0
95 0 1312139591.0
95 0 1312139679.0
96 15 1315066233.0
96 15 1315066368.0
96 15 1315066556.0
96 15 1315066926.0
96 15 1315066968.0
96 15 1315067324.0
96 13 1315068978.0
96 13 1315069035.0
96 13 1315069154.0
96 13 1315069577.0
96 5 1315084057.0
96 7 1315237419.0
96 7 1315237509.0
96 7 1315237610.0
96 7 1315237794.0
96 7 1315237957.0
96 7 1315238284.0
96 2 1315240492.0
96 2 1315240616.0
96 2 1315240649.0
96 2 1315241462.0
96 2 1315241540.0
96 2 1315241578.0
96 2 1315241840.0
96 2 1315241849.0
96 9 1315503637.0
96 0 1315670063.0
96 0 1315670201.0
96 0 1315670318.0
96 0 1315670587.0
96 0 1315670635.0
96 0 1315670715.0
96 0 1315670824.0
96 1 1315671418.0
96 0 1315671648.0
96 0 1315671906.0
96 0 1315672331.0
96 0 1315672346.0
96 1 1315672569.0
96 1 1315673010.0
96 0 1315673555.0
97 4 1361702303.0
97 4 1361702503.0
97 4 1361703323.0
97 4 1361703348.0
97 4 1361705242.0
97 4 1361705297.0
97 4 1361705561.0
97 4 1361705612.0
97 4 1361706379.0
97 4 1361706392.0
97 16 1361716437.0
97 16 1361716639.0
97 16 1361717184.0
97 16 1361717912.0
97 16 1361718499.0
97 16 1361718685.0
97 16 1361719187.0
97 16 1361719544.0
97 16 1361719557.0
97 16 1361721282.0
97 16 1361721925.0
97 16 1361722004.0
97 16 1361722026.0
97 16 1361722044.0
97 16 1361722058.0
97 2 1361803750.0
97 2 1361808427.0
101 3 1195122004.0
101 3 1195122033.0
101 3 1195122166.0
101 3 1195122222.0
101 3 1195122348.0
101 3 1195123070.0
101 3 1195125717.0
101 3 1195125723.0
101 3 1195126371.0
101 7 1195132846.0
103 16 1354879497.0
103 16 1354899051.0
103 16 1354899336.0
103 0 1354904288.0
104 3 1355572070.0
104 3 1355575895.0
104 0 1357929255.0
104 0 1357929369.0
104 0 1357929455.0
104 1 1357929737.0
104 1 1357929946.0
104 0 1357930120.0
106 1 1218199635.0
106 1 1218200142.0
106 1 1218200431.0
106 1 1218201035.0
106 1 1218201282.0
106 0 1218201986.0
107 0 1240065177.0
107 4 1240128478.0
110 12 1303466833.0
110 8 1303472894.0
110 2 1303548038.0
110 12 1303573174.0
110 14 1303631965.0
110 12 1303651536.0
110 0 1304843594.0
110 0 1304844000.0
110 10 1304854700.0
114 13 1373016248.0
114 13 1373016391.0
114 3 1373091519.0
114 3 1373091866.0
114 13 1373170815.0
114 15 1373175836.0
114 15 1373175960.0
114 15 1373176479.0
114 15 1373177198.0
114 1 1373534171.0
115 2 1117247432.0
115 3 1117253721.0
115 3 1117256520.0
115 3 1117256806.0
115 8 1117328140.0
115 8 1117328406.0
115 8 1117328416.0
115 8 1117328836.0
115 8 1117328836.0
115 8 1117329252.0
115 8 1117329589.0
115 8 1117330064.0
115 8 1117330159.0
115 5 1117334030.0
117 7 1125154203.0
117 0 1138276697.0
117 0 1138277012.0
117 0 1138277344.0
117 0 1138277528.0
117 16 1178362007.0
117 2 1194879555.0
117 2 1194881714.0
117 2 1200914526.0
117 2 1209829680.0
117 2 1209829777.0
117 14 1221411482.0
117 2 1226753706.0
117 2 1226754508.0
117 2 1226754678.0
117 2 1226754727.0
117 7 1226755021.0
117 7 1226756362.0
117 7 1226756547.0
117 7 1226757187.0
117 7 1226763284.0
117 2 1325515269.0
117 2 1345307017.0
117 22 1345310071.0
117 22 1345310072.0
117 22 1345310174.0
117 22 1345310184.0
117 16 1383389430.0
118 3 1231068638.0
118 3 1231068653.0
118 3 1231068829.0
118 3 1231068850.0
118 3 1231068973.0
118 3 1231069175.0
118 3 1231069269.0
118 3 1231069948.0
118 3 1231069971.0
118 3 1231071707.0
118 5 1231081542.0
118 5 1231081987.0
118 15 1231086953.0
118 15 1231086972.0
118 15 1231087086.0
118 15 1231087627.0
118 15 1231087664.0
118 15 1231087708.0
118 15 1231088275.0
118 15 1231088433.0
118 2 1231149307.0
118 2 1231150365.0
118 2 1231150808.0
118 2 1231150884.0
118 10 1231154036.0
118 10 1231155041.0
118 0 1231170059.0
118 0 1231170261.0
118 1 1231170534.0
118 1 1231170585.0
118 1 1231170627.0
118 1 1231170664.0
118 1 1231170901.0
118 1 1231171470.0
118 1 1231171594.0
118 1 1231171758.0
118 1 1231172015.0
118 0 1231172424.0
118 6 1231175470.0
1 2 1255979992.0
1 2 1256039975.0
5 2 1388143839.0
5 2 1388143875.0
10 2 1189947685.0
10 2 1189948242.0
12 3 1258272953.0
12 3 1258273093.0
14 2 1209622034.0
14 4 1209632220.0
17 5 1269195461.0
17 5 1269195490.0
18 11 1233398415.0
18 11 1233399332.0
19 3 1271416493.0
19 3 1271416595.0
20 10 1303999166.0
20 10 1303999319.0
23 8 1292466334.0
23 5 1292472310.0
24 6 1308228530.0
24 6 1308228655.0
26 11 1233367487.0
26 11 1233367552.0
27 8 1292714039.0
27 8 1292714075.0
28 7 1339439952.0
28 7 1339440298.0
30 3 1236689448.0
30 3 1236689531.0
33 13 1313309062.0
33 13 1313309161.0
34 5 1299256160.0
34 9 1299259258.0
35 1 1299917608.0
35 1 1299917643.0
39 5 1212997310.0
39 0 1213141553.0
41 3 1291538744.0
41 3 1291546129.0
42 6 1202661131.0
42 12 1211030287.0
43 9 1246124996.0
43 2 1246290986.0
45 16 1291638577.0
45 16 1291638977.0
48 8 1149922063.0
48 1 1150614674.0
49 10 1188717928.0
49 10 1188718397.0
50 4 1289981348.0
50 4 1289981495.0
53 1 1318592653.0
53 1 1318592865.0
54 12 1322270715.0
54 8 1322276769.0
55 7 1355818294.0
55 7 1355818323.0
56 13 1227590623.0
56 13 1227590701.0
59 2 951007383.0
59 2 951042731.0
60 2 1330409800.0
60 2 1330409864.0
62 8 1184319850.0
62 8 1184319984.0
63 4 1290853836.0
63 4 1290854394.0
64 2 1365891168.0
64 3 1365928390.0
66 0 1294730998.0
66 19 1294814215.0
68 6 1140729179.0
68 17 1148486277.0
69 12 1238695613.0
69 8 1271862851.0
70 12 1140368247.0
70 2 1140944024.0
74 10 1190032925.0
74 10 1190033045.0
78 15 1144659877.0
78 15 1144660058.0
80 9 1189008705.0
80 9 1189009137.0
81 3 1255070999.0
81 3 1255072044.0
88 0 1225189049.0
88 1 1225189422.0
89 5 1172707200.0
89 20 1172707200.0
90 3 1357456027.0
90 3 1357456225.0
91 14 1331481381.0
91 7 1363192127.0
93 0 1242785584.0
93 0 1242785675.0
94 5 1140890149.0
94 5 1140890759.0
98 3 977788889.0
98 3 977788894.0
99 7 1311622079.0
99 2 1311624793.0
100 3 1184243595.0
100 3 1184243642.0
102 5 1357875830.0
102 2 1357955180.0
105 3 1145037060.0
105 9 1145205600.0
108 3 1391944969.0
108 3 1391945588.0
109 10 1187873622.0
109 10 1187873622.0
111 4 1200100936.0
111 4 1200101200.0
112 13 1135660006.0
112 13 1135660011.0
113 7 1237295105.0
113 2 1307301050.0
116 10 1348125406.0
116 10 1348126203.0
