2 9 1219693361.0
2 10 1331999141.0
12 1 1192889407.0
12 1 1192892671.0
12 11 1192897907.0
12 20 1192898997.0
12 16 1192976155.0
12 15 1192976569.0
12 20 1192978590.0
12 3 1192979055.0
12 19 1192979826.0
12 0 1250258401.0
12 20 1276691633.0
12 19 1276691952.0
12 3 1276691974.0
12 7 1277476257.0
12 7 1277476487.0
12 7 1277476907.0
12 15 1277738278.0
12 15 1277738333.0
12 7 1277822005.0
12 10 1277827299.0
12 10 1277827363.0
12 10 1277827448.0
12 10 1277827557.0
12 11 1277912430.0
12 11 1278412185.0
12 13 1278414398.0
12 13 1278414450.0
12 13 1278414522.0
12 13 1278415049.0
12 11 1278596049.0
12 21 1279632629.0
12 21 1279632703.0
12 10 1281096491.0
12 11 1281098416.0
12 11 1281098980.0
12 11 1281099078.0
12 11 1281282059.0
12 11 1281282756.0
12 11 1281630010.0
12 11 1281874433.0
12 11 1281875011.0
12 11 1281875314.0
12 11 1281875512.0
12 11 1281876128.0
12 11 1281876266.0
12 11 1281973120.0
12 11 1281973322.0
12 11 1281976350.0
12 11 1282057736.0
12 11 1282058059.0
12 11 1282058297.0
12 11 1282220574.0
12 11 1282220830.0
12 11 1282221005.0
12 11 1282221924.0
12 11 1282482952.0
12 11 1282483142.0
12 11 1282483873.0
12 11 1282483918.0
12 11 1282484188.0
12 11 1282484476.0
12 11 1282484503.0
12 11 1282484602.0
12 11 1282485287.0
12 11 1282652441.0
12 11 1282821107.0
12 11 1282821193.0
12 11 1282821478.0
12 11 1282826726.0
12 11 1282826847.0
12 11 1282919060.0
12 11 1282919368.0
12 11 1282919390.0
12 11 1282919503.0
12 11 1282919900.0
12 3 1304195394.0
12 20 1311347112.0
12 12 1311348913.0
12 12 1311348960.0
12 12 1311351193.0
12 12 1311351257.0
12 12 1311351396.0
12 12 1311351424.0
12 12 1311351435.0
12 15 1313242844.0
12 11 1313244565.0
12 11 1313244700.0
12 11 1313245230.0
12 4 1313245306.0
12 11 1313245771.0
12 11 1313245843.0
12 11 1313246682.0
12 11 1313247255.0
12 11 1313247865.0
12 2 1335261478.0
12 2 1335261511.0
12 2 1335261735.0
12 2 1335261808.0
12 4 1335262045.0
12 4 1335262093.0
12 2 1335692748.0
12 2 1335693381.0
12 2 1335693388.0
12 2 1335693434.0
12 2 1335693449.0
12 2 1335693485.0
12 12 1337524904.0
12 12 1337524971.0
12 20 1340453527.0
12 20 1340453668.0
12 12 1340453799.0
12 20 1340453823.0
12 12 1340454621.0
12 12 1340454859.0
12 12 1340454874.0
12 12 1340454919.0
12 12 1340455255.0
12 12 1340455343.0
12 12 1340455472.0
12 13 1341748659.0
12 15 1341748968.0
12 13 1341749354.0
12 19 1341755363.0
12 19 1341755406.0
12 19 1341755505.0
12 19 1341755609.0
12 20 1342888421.0
12 20 1342888440.0
12 2 1342889851.0
12 13 1346068350.0
12 11 1346073374.0
12 6 1347030377.0
12 6 1347030416.0
12 3 1347885006.0
12 9 1351088999.0
12 12 1353673562.0
12 12 1353673588.0
12 12 1353673597.0
12 11 1354220946.0
12 9 1355134741.0
12 19 1356901024.0
12 7 1366800571.0
12 11 1368817414.0
12 8 1372595952.0
12 11 1372596915.0
12 20 1373984177.0
12 20 1373984203.0
12 11 1375714794.0
12 11 1375715124.0
12 11 1375716057.0
12 11 1375717074.0
12 11 1375717315.0
12 11 1375717564.0
12 11 1375717728.0
12 11 1375718179.0
12 11 1375718596.0
12 2 1375719894.0
12 6 1375720104.0
12 11 1376068201.0
12 11 1376071675.0
12 11 1376071900.0
12 11 1376072854.0
12 11 1376231744.0
12 11 1376231837.0
12 11 1376659598.0
12 11 1376659772.0
12 11 1376659807.0
12 11 1376660328.0
12 11 1376667845.0
12 11 1376667923.0
12 11 1376668019.0
12 11 1376668132.0
12 11 1376668345.0
12 11 1376668589.0
12 11 1376668907.0
12 11 1376679275.0
12 0 1376858500.0
20 11 1264244475.0
20 11 1264244773.0
20 11 1264244778.0
20 11 1264244813.0
20 11 1264245340.0
20 11 1264245402.0
20 11 1264246259.0
20 11 1264246358.0
20 6 1264248011.0
20 6 1264248014.0
20 6 1264248365.0
20 6 1264248505.0
20 6 1264248551.0
20 6 1264249493.0
20 6 1264249602.0
20 6 1264249855.0
20 6 1264249929.0
20 6 1264249985.0
20 6 1264250436.0
20 6 1264250451.0
20 6 1264250510.0
20 6 1264250523.0
20 6 1264250618.0
20 6 1264250735.0
20 6 1264251032.0
20 6 1264251156.0
20 6 1264251320.0
20 6 1264251649.0
20 6 1264251664.0
24 6 1306438127.0
24 4 1306438990.0
24 4 1306448140.0
25 7 1195208145.0
25 1 1195235366.0
25 13 1195294287.0
25 24 1195389998.0
25 1 1195551541.0
25 1 1195551541.0
25 13 1195551541.0
25 11 1195637128.0
25 13 1195637128.0
25 6 1195637128.0
25 17 1195637128.0
25 6 1197028144.0
25 13 1202637073.0
25 11 1334056886.0
25 11 1334058867.0
25 11 1334058939.0
25 6 1334069485.0
25 6 1334069515.0
25 6 1334070081.0
25 1 1334073456.0
25 15 1334075108.0
25 10 1334075597.0
25 20 1334140521.0
25 12 1334147748.0
25 12 1334152590.0
25 12 1334157074.0
25 12 1334158104.0
25 12 1334158123.0
25 12 1334158172.0
25 10 1334226232.0
25 11 1334316246.0
38 3 1208122176.0
38 20 1208127015.0
42 13 1111507920.0
42 13 1111507931.0
42 1 1111508114.0
42 13 1111508126.0
42 13 1111510946.0
42 13 1111510956.0
42 13 1111510965.0
50 11 1352568723.0
50 6 1352632672.0
50 11 1352635568.0
50 11 1352635604.0
50 11 1352635919.0
50 11 1352636380.0
50 11 1352637532.0
50 11 1352637544.0
50 11 1352637690.0
50 11 1352637784.0
58 7 1169905687.0
58 0 1255271062.0
58 6 1271269657.0
58 6 1327238974.0
58 0 1327243610.0
59 1 1286369203.0
59 1 1286369335.0
59 16 1286481949.0
59 1 1289172786.0
66 16 1321010377.0
66 6 1321096469.0
66 6 1321096581.0
67 11 1344005665.0
67 11 1344774307.0
67 11 1344775492.0
67 11 1345464361.0
67 11 1345465746.0
67 11 1345467541.0
67 11 1375358678.0
67 11 1375359527.0
67 11 1375359531.0
67 11 1375365447.0
67 11 1375443407.0
67 11 1375443717.0
67 11 1375445084.0
67 11 1375445504.0
67 11 1375445689.0
67 11 1375456087.0
67 11 1375456533.0
67 11 1375464699.0
67 11 1375464789.0
67 11 1375535418.0
67 11 1375535447.0
67 11 1375535719.0
67 11 1375535736.0
67 13 1375536212.0
67 11 1375536251.0
67 11 1375536298.0
67 11 1375536326.0
67 11 1375536453.0
67 11 1375536753.0
67 11 1375537016.0
67 11 1375537157.0
67 11 1375537172.0
67 11 1375537226.0
67 11 1375537929.0
67 11 1375537939.0
67 11 1375538401.0
67 11 1375538404.0
67 11 1375538438.0
67 11 1375538467.0
67 11 1375541284.0
67 11 1375548888.0
67 11 1375556466.0
67 11 1375711680.0
67 11 1375712086.0
67 11 1375713400.0
67 11 1375713404.0
67 11 1375713502.0
67 11 1375713508.0
67 11 1375713606.0
67 11 1375713704.0
67 11 1375718920.0
67 11 1375718964.0
67 11 1375800776.0
67 11 1375801806.0
67 11 1375802340.0
67 11 1375802882.0
67 11 1375803035.0
67 11 1375804203.0
67 11 1375804311.0
67 11 1375804396.0
67 11 1375804600.0
67 11 1375805674.0
67 11 1375805696.0
67 11 1375805932.0
67 11 1375806040.0
67 11 1375806188.0
67 11 1375806988.0
67 11 1375807301.0
67 11 1375807449.0
67 11 1375807457.0
67 11 1375807484.0
67 11 1375807572.0
67 11 1375807723.0
67 11 1375809050.0
67 11 1375809075.0
67 11 1375875536.0
67 11 1375875626.0
67 11 1375876032.0
67 11 1375876037.0
67 4 1376045992.0
67 11 1376046852.0
67 11 1376047297.0
67 11 1376047306.0
67 11 1376047353.0
67 11 1376047620.0
67 13 1376047649.0
67 11 1376047696.0
67 11 1376047711.0
67 11 1376048744.0
67 11 1376049150.0
67 11 1376049334.0
67 11 1376049783.0
67 11 1376050073.0
67 11 1376050422.0
67 11 1376050668.0
67 11 1376050982.0
67 11 1376052006.0
67 11 1376052218.0
67 11 1376052221.0
67 11 1376053907.0
67 11 1376053922.0
67 11 1376309391.0
67 11 1376309448.0
67 11 1376310318.0
67 11 1376310560.0
67 11 1376311686.0
67 11 1376313592.0
67 11 1376313930.0
67 11 1376315473.0
67 11 1376315542.0
67 11 1376317050.0
67 11 1376317100.0
67 11 1376317361.0
67 11 1376317599.0
67 11 1376318144.0
67 11 1376320322.0
67 11 1376399427.0
67 11 1376411381.0
67 11 1376411446.0
67 11 1376411600.0
67 11 1376412669.0
67 11 1376413341.0
67 11 1376414715.0
67 11 1376415198.0
67 11 1376655777.0
67 11 1376656600.0
67 11 1376656611.0
67 11 1376664971.0
67 11 1376665297.0
67 11 1376667049.0
67 11 1376674477.0
67 11 1376674697.0
67 11 1376918813.0
67 11 1376919360.0
67 11 1376925991.0
67 11 1376926001.0
67 11 1376926533.0
67 11 1376926590.0
67 11 1376926623.0
67 11 1376926719.0
67 11 1377000526.0
67 11 1377001298.0
67 11 1377001318.0
67 11 1377001397.0
67 11 1377002135.0
67 11 1377002180.0
67 11 1377003268.0
67 11 1377003671.0
67 4 1377088310.0
67 11 1377088549.0
67 11 1377089787.0
67 11 1377090793.0
67 11 1377090826.0
69 13 1313939955.0
69 7 1313941341.0
69 20 1314012182.0
69 5 1314012192.0
69 20 1314013857.0
69 11 1314017177.0
69 18 1314022193.0
69 18 1314022257.0
70 1 1260556588.0
70 2 1260726680.0
70 2 1260726694.0
70 2 1260726716.0
70 2 1260726749.0
70 2 1260726849.0
70 2 1260726962.0
70 2 1260726971.0
70 2 1260727018.0
70 2 1260727028.0
70 2 1260727044.0
70 2 1260727457.0
70 2 1260727481.0
70 2 1260727818.0
70 2 1260727843.0
70 2 1260727869.0
70 2 1260727924.0
70 2 1260727943.0
70 2 1260728023.0
70 2 1260728043.0
70 2 1260728119.0
70 2 1260728170.0
70 14 1262115912.0
71 4 1310573262.0
71 8 1310837682.0
71 8 1310899364.0
71 15 1374622862.0
71 7 1374713163.0
72 7 1385807462.0
72 10 1385824806.0
72 10 1385824868.0
75 19 1310037843.0
75 19 1310037864.0
75 19 1310037954.0
75 19 1310037985.0
75 19 1310038008.0
75 19 1310038012.0
75 19 1310038022.0
75 19 1310038185.0
75 19 1310038293.0
75 19 1310038299.0
75 19 1310038350.0
75 19 1310038355.0
75 14 1310038479.0
75 14 1310038537.0
75 14 1310038544.0
75 19 1310038555.0
75 14 1310038565.0
75 14 1310038572.0
75 14 1310038581.0
75 14 1310038700.0
75 11 1310039162.0
75 11 1310039184.0
75 11 1310039356.0
75 11 1310039361.0
75 11 1310039423.0
75 11 1310039478.0
75 11 1310039665.0
75 11 1310039687.0
75 11 1310039699.0
75 11 1310039762.0
75 11 1310039771.0
75 11 1310039810.0
75 11 1310039868.0
75 11 1310039878.0
75 11 1310039933.0
75 11 1310039946.0
75 11 1310040136.0
75 11 1310040136.0
75 11 1310040174.0
75 11 1310040228.0
75 11 1310040286.0
75 11 1310040319.0
75 11 1310040351.0
75 11 1310040489.0
75 11 1310040496.0
75 11 1310040571.0
75 11 1310040650.0
75 11 1310040678.0
75 13 1310040777.0
75 13 1310040845.0
75 13 1310040960.0
75 13 1310040965.0
75 13 1310040994.0
75 13 1310041028.0
75 13 1310041101.0
75 13 1310041182.0
75 13 1310041190.0
75 13 1310041375.0
75 13 1310041474.0
75 13 1310041561.0
75 13 1310041935.0
75 13 1310042447.0
75 11 1310042524.0
75 11 1310042529.0
75 11 1310042721.0
75 11 1310042805.0
75 11 1310042908.0
75 11 1310042950.0
75 6 1310043003.0
75 6 1310043022.0
75 6 1310043047.0
75 6 1310043072.0
75 6 1310043095.0
75 6 1310043223.0
75 6 1310043228.0
75 2 1310043856.0
75 2 1310043934.0
75 2 1310044079.0
75 2 1310044098.0
75 8 1310044252.0
75 2 1310044493.0
75 13 1310049579.0
75 19 1310049983.0
75 19 1310050056.0
75 19 1310050122.0
75 19 1310050137.0
75 19 1310050147.0
75 19 1310050153.0
75 19 1310050278.0
75 19 1310050534.0
75 1 1310102140.0
75 1 1310104187.0
75 1 1310104193.0
75 1 1310104221.0
75 1 1310104237.0
75 1 1310104257.0
75 1 1310104261.0
75 1 1310104294.0
75 1 1310104303.0
75 1 1310104313.0
75 1 1310104491.0
75 1 1310104530.0
75 1 1310104539.0
75 1 1310104545.0
75 1 1310104550.0
75 1 1310104554.0
75 1 1310104570.0
75 1 1310104574.0
75 1 1310104583.0
75 1 1310104915.0
75 1 1310104969.0
75 1 1310105019.0
75 1 1310108867.0
75 1 1310108915.0
75 1 1310108934.0
75 1 1310108972.0
75 1 1310108983.0
75 1 1310109036.0
75 1 1310109065.0
75 1 1310109070.0
75 1 1310109094.0
75 1 1310109127.0
75 1 1310109415.0
75 1 1310109470.0
75 1 1310109559.0
75 1 1310109718.0
75 1 1310109747.0
75 1 1310109757.0
75 1 1310110530.0
75 1 1310110542.0
75 1 1310110635.0
75 1 1310112601.0
75 13 1310112993.0
75 13 1310113085.0
75 13 1310113116.0
75 13 1310113465.0
75 13 1310113890.0
75 13 1310114086.0
75 13 1310114169.0
75 13 1310114710.0
75 13 1310115768.0
75 13 1310115777.0
75 13 1310116094.0
75 13 1310116102.0
75 13 1310116124.0
75 13 1310116150.0
75 13 1310116157.0
75 13 1310116164.0
75 13 1310116207.0
75 13 1310116230.0
75 13 1310116242.0
75 13 1310116255.0
75 13 1310116280.0
75 13 1310116529.0
75 13 1310116712.0
75 13 1310117110.0
75 13 1310117247.0
75 13 1310118232.0
75 13 1310118555.0
75 13 1310118563.0
75 11 1310120705.0
75 11 1310120743.0
75 11 1310120900.0
75 11 1310121007.0
75 11 1310121015.0
75 19 1310123091.0
75 19 1310123438.0
75 20 1310125488.0
75 20 1310125547.0
75 20 1310125845.0
75 20 1310125880.0
75 20 1310125947.0
75 20 1310126019.0
75 20 1310126145.0
75 20 1310126175.0
75 20 1310126198.0
75 20 1310126265.0
75 11 1310277801.0
75 11 1310277893.0
75 11 1310277895.0
75 11 1310278357.0
75 11 1310278704.0
78 4 1148026023.0
78 13 1148032539.0
78 13 1148032625.0
78 1 1148033204.0
78 11 1148033585.0
78 11 1148045218.0
78 13 1148066129.0
78 13 1148066590.0
78 13 1148066721.0
78 10 1148158014.0
78 15 1148159110.0
78 14 1148161189.0
78 15 1148190363.0
78 6 1148235235.0
78 6 1148236687.0
78 11 1148322704.0
79 13 1123156800.0
79 13 1147613900.0
79 18 1174058564.0
79 7 1184711745.0
79 13 1198265280.0
79 15 1229295571.0
82 9 1213513626.0
82 14 1213514890.0
82 20 1213514986.0
82 20 1213515170.0
82 20 1213515280.0
82 20 1213515828.0
82 20 1213515854.0
82 12 1213515874.0
82 12 1213515892.0
82 12 1213519516.0
82 12 1213519642.0
82 12 1213519662.0
82 12 1213519684.0
82 12 1213519750.0
82 12 1213519770.0
82 12 1213519784.0
82 12 1213519862.0
82 12 1213519874.0
82 12 1213522098.0
82 12 1213522112.0
82 12 1213522130.0
82 12 1213522170.0
82 12 1213522202.0
82 12 1213522328.0
82 12 1213522412.0
82 12 1213522464.0
82 12 1213522714.0
82 12 1213523148.0
82 12 1213523280.0
87 19 1276094834.0
87 11 1276188567.0
87 11 1276188834.0
95 11 1115942284.0
95 4 1123251070.0
95 7 1123944094.0
95 15 1123944263.0
95 20 1123945983.0
95 11 1123967094.0
95 19 1125327141.0
95 11 1126453593.0
95 0 1126454670.0
95 10 1128209531.0
95 10 1137945321.0
95 11 1144413859.0
95 11 1144413906.0
95 11 1144414029.0
95 9 1146328057.0
95 2 1146431404.0
95 2 1146431555.0
95 2 1146431703.0
95 2 1146431822.0
95 0 1147629046.0
95 10 1149939864.0
95 10 1149939882.0
95 10 1149939894.0
95 10 1149939904.0
95 10 1149939912.0
95 10 1149939922.0
95 6 1150056896.0
95 5 1150127922.0
95 5 1150127976.0
95 12 1150128037.0
95 5 1150128082.0
95 12 1150134216.0
95 12 1150134266.0
95 12 1150134301.0
95 12 1150134321.0
95 12 1150134379.0
95 20 1150134816.0
95 12 1150134844.0
95 15 1153578126.0
95 15 1153578171.0
95 15 1153578207.0
95 15 1153578250.0
95 15 1153578273.0
95 15 1153578314.0
95 15 1153579237.0
95 15 1153579823.0
95 16 1153580651.0
95 13 1153580737.0
95 19 1153581015.0
95 20 1153582505.0
95 20 1153582634.0
95 20 1153620508.0
95 24 1154271718.0
95 24 1154271849.0
95 8 1154785627.0
95 13 1154809613.0
95 13 1154809631.0
95 11 1155845019.0
95 19 1163346714.0
95 5 1163426781.0
95 20 1169685090.0
95 12 1178385173.0
95 12 1178385185.0
95 5 1179506923.0
95 2 1193953463.0
95 2 1193953531.0
95 2 1193953564.0
95 2 1193953568.0
95 2 1193953574.0
95 2 1193953612.0
95 2 1193953672.0
95 2 1193953685.0
95 2 1193953698.0
95 2 1193953729.0
95 2 1193953757.0
95 2 1193953805.0
95 2 1193953822.0
95 2 1193954115.0
95 2 1193954306.0
95 2 1193954343.0
95 2 1193954364.0
95 2 1193954532.0
95 2 1193954570.0
95 2 1193954583.0
95 2 1193954707.0
95 2 1193954801.0
95 2 1193954807.0
95 2 1193955311.0
95 2 1193955365.0
95 2 1193955518.0
95 2 1193955525.0
95 2 1193955757.0
95 2 1193956130.0
95 2 1193956261.0
95 2 1193956401.0
95 2 1193956465.0
95 2 1193957740.0
95 2 1193957912.0
95 2 1193958020.0
95 2 1193958277.0
95 2 1193959027.0
95 2 1193959063.0
95 2 1193959083.0
95 2 1193959100.0
95 2 1193959111.0
95 2 1193959995.0
95 2 1193960003.0
95 2 1193961083.0
95 2 1193961145.0
95 2 1193961185.0
95 2 1193961200.0
95 2 1193961208.0
95 2 1193961227.0
95 2 1193961265.0
95 2 1193961541.0
95 2 1193962354.0
95 2 1193962888.0
95 2 1193963046.0
95 2 1193963061.0
95 2 1193963072.0
95 2 1193963085.0
95 2 1193963095.0
95 2 1193963109.0
95 2 1193963369.0
95 2 1193963531.0
95 2 1193963944.0
95 2 1193964576.0
95 15 1194712468.0
95 15 1194712511.0
95 5 1196864818.0
95 5 1201096377.0
95 11 1202289367.0
95 11 1202289387.0
95 11 1204654270.0
95 9 1207501875.0
95 9 1207502053.0
95 2 1209331539.0
95 2 1209332103.0
95 2 1209332751.0
95 2 1209333438.0
95 11 1210703295.0
95 20 1211136428.0
95 7 1211726923.0
95 14 1211732056.0
95 5 1213640853.0
95 19 1213916492.0
95 19 1213916954.0
95 19 1213916987.0
95 5 1213965394.0
95 15 1223222723.0
95 6 1225552767.0
95 6 1225552908.0
95 19 1234558808.0
95 19 1234558823.0
95 19 1234558833.0
95 19 1234558903.0
95 19 1234558914.0
95 19 1234558916.0
95 5 1245250302.0
95 20 1245273960.0
95 5 1245624967.0
95 5 1245625306.0
95 15 1245775312.0
95 15 1245776251.0
95 16 1245776401.0
95 11 1245776626.0
95 9 1246220066.0
95 20 1249690321.0
95 20 1250542741.0
95 20 1250542776.0
95 3 1252778031.0
95 14 1252778207.0
95 14 1252778330.0
95 9 1252851834.0
95 14 1252855197.0
95 0 1255470724.0
95 0 1255470745.0
95 0 1255470861.0
95 20 1260442436.0
95 9 1263740271.0
95 2 1266669184.0
95 0 1266718959.0
95 0 1266718986.0
95 14 1268499665.0
95 13 1271363722.0
95 13 1271448885.0
95 20 1273242198.0
95 5 1273246422.0
95 11 1273265321.0
95 6 1275233825.0
95 11 1275234695.0
95 11 1275234753.0
95 11 1275234954.0
95 14 1275251993.0
95 11 1275753984.0
95 14 1276984965.0
95 9 1277070851.0
95 3 1277071351.0
95 3 1277071415.0
95 9 1277071634.0
95 15 1282661438.0
95 2 1283015759.0
95 14 1285422078.0
95 14 1285422149.0
95 14 1285422302.0
95 14 1285422413.0
95 14 1285422440.0
95 14 1285422591.0
95 14 1285422627.0
95 14 1285422803.0
95 14 1285422823.0
95 1 1286118999.0
95 1 1286119007.0
95 11 1287243218.0
95 9 1287341367.0
95 19 1287341605.0
95 10 1287840157.0
95 11 1287842647.0
95 6 1288453185.0
95 6 1288453745.0
95 20 1291125025.0
95 20 1291127159.0
95 20 1291127216.0
95 20 1291127227.0
95 10 1294501491.0
95 19 1296251435.0
95 19 1296253397.0
95 11 1304449891.0
95 19 1309462104.0
95 6 1311932861.0
95 6 1311933405.0
95 6 1311933608.0
95 6 1311934079.0
95 6 1311934384.0
95 6 1311934655.0
95 6 1311935444.0
95 6 1311935647.0
95 6 1311935909.0
95 6 1311936015.0
95 8 1313263671.0
95 8 1313263684.0
95 8 1313263701.0
95 8 1313263736.0
95 20 1314957432.0
95 14 1318181260.0
95 7 1319293361.0
95 5 1319300707.0
95 15 1319390275.0
95 5 1319739938.0
95 2 1319981509.0
95 11 1319984954.0
95 2 1322926322.0
95 10 1322931596.0
95 16 1322931944.0
95 2 1397854495.0
95 2 1397854754.0
95 2 1397855102.0
95 2 1397855415.0
95 2 1397855424.0
95 2 1397856008.0
95 2 1397856345.0
96 24 1087038634.0
96 24 1087038760.0
96 24 1087038832.0
96 24 1087038874.0
96 24 1087038980.0
96 24 1087046429.0
96 6 1122809698.0
96 6 1122811435.0
96 6 1122811540.0
96 6 1122812971.0
96 6 1122814291.0
96 6 1122815064.0
96 6 1122815287.0
96 6 1122816054.0
96 6 1122816111.0
96 10 1148811349.0
96 10 1148811517.0
96 10 1148811541.0
96 10 1148811564.0
96 10 1148811654.0
96 10 1148811675.0
96 10 1148819494.0
96 15 1148819736.0
96 16 1148820603.0
96 7 1260020362.0
96 7 1260020514.0
96 7 1260021029.0
96 7 1260021060.0
96 7 1260021081.0
96 7 1260021115.0
96 7 1260021215.0
96 7 1260021274.0
96 7 1260021331.0
96 11 1271506345.0
96 11 1271509320.0
96 11 1271509579.0
96 11 1271509731.0
96 11 1271509792.0
96 11 1271510798.0
96 19 1271515474.0
102 13 1066538908.0
102 1 1066539029.0
102 7 1133395200.0
102 7 1134316223.0
102 1 1193875200.0
102 1 1193875200.0
107 0 1339588006.0
107 0 1339589293.0
107 17 1346278939.0
107 17 1346279206.0
107 4 1347447310.0
107 24 1355590596.0
107 20 1356026852.0
107 4 1358509716.0
107 0 1362340274.0
107 19 1368703395.0
110 13 1353755055.0
110 7 1353811610.0
110 6 1353837642.0
110 11 1353898566.0
121 20 1243095851.0
121 12 1243096194.0
121 20 1243096715.0
121 11 1243098791.0
121 11 1243098902.0
121 11 1243099101.0
121 11 1243099262.0
121 11 1243099335.0
121 11 1243100768.0
121 11 1243100798.0
121 11 1243100812.0
121 11 1243100840.0
121 11 1243101960.0
121 1 1243102426.0
132 19 557625600.0
132 15 557625601.0
132 10 557625603.0
132 10 557625604.0
132 10 557625605.0
132 10 557625606.0
132 12 557712000.0
132 1 557712000.0
132 1 557712000.0
132 1 557712000.0
132 1 557712001.0
132 1 557712001.0
132 1 557712001.0
132 12 557712001.0
132 1 557712002.0
132 12 557712002.0
132 1 557712002.0
132 1 557712003.0
132 12 557712003.0
132 1 557712003.0
132 1 557712003.0
132 12 557712004.0
132 1 557712004.0
132 12 557712004.0
132 1 557712005.0
132 12 557712005.0
132 1 557712005.0
132 12 557712005.0
132 1 557712006.0
132 12 557712006.0
132 12 557712006.0
132 1 557712006.0
132 1 557712007.0
132 12 557712007.0
132 1 557712008.0
132 1 557712008.0
132 12 557712008.0
132 12 557712008.0
132 1 557712009.0
132 12 557712009.0
132 1 557712009.0
132 12 557712009.0
132 12 557712010.0
132 1 557712010.0
132 1 557712010.0
132 1 557712011.0
132 12 557712011.0
132 1 557712012.0
132 1 557712013.0
132 14 557712015.0
132 1 557712016.0
132 14 557712017.0
132 1 557712017.0
132 1 557712018.0
132 1 557712020.0
132 1 557712021.0
132 9 557712022.0
132 1 557712022.0
132 1 557712023.0
132 1 557712024.0
132 1 557712025.0
132 1 557712026.0
132 1 557712027.0
132 1 557712028.0
132 1 557712029.0
132 1 557712030.0
132 1 557712032.0
132 1 557712033.0
132 1 557712035.0
132 1 557712036.0
132 1 557712037.0
132 1 557751300.0
132 1 557752534.0
132 1 557755500.0
132 1 557756100.0
132 1 557756100.0
132 1 557757300.0
132 1 557757900.0
132 1 557760000.0
132 9 557760600.0
132 14 557762100.0
132 14 557763600.0
132 14 557765100.0
132 14 557766022.0
132 3 557768573.0
132 12 557772600.0
132 12 1220809688.0
139 5 1060440796.0
139 5 1060443708.0
139 5 1060444075.0
139 5 1060444519.0
139 5 1060444667.0
139 5 1060447267.0
139 7 1123940751.0
139 7 1123941372.0
139 15 1123959897.0
139 14 1124042261.0
139 14 1124042268.0
139 3 1124042376.0
139 3 1124042441.0
139 14 1124043342.0
139 3 1124052346.0
139 3 1124052397.0
139 13 1156611932.0
146 13 1383979698.0
146 13 1383979828.0
146 1 1383981808.0
146 1 1383982340.0
146 1 1383988122.0
146 1 1383988465.0
146 1 1383988470.0
146 12 1384066296.0
146 17 1384068748.0
146 17 1384069451.0
146 17 1384069473.0
150 19 1277371974.0
150 20 1279290354.0
150 20 1292246699.0
165 15 1360927607.0
165 7 1360927860.0
165 18 1361115006.0
165 10 1361195204.0
165 10 1361195238.0
165 1 1361199639.0
165 6 1361202152.0
165 6 1361202261.0
165 6 1361202397.0
165 16 1361357304.0
165 24 1361359279.0
165 24 1361361254.0
165 24 1361361279.0
165 24 1361361301.0
165 24 1361361592.0
165 1 1361367944.0
165 1 1361367951.0
165 10 1361368291.0
165 22 1361375284.0
165 22 1361375363.0
165 22 1361375401.0
165 22 1361375453.0
165 22 1361375504.0
165 22 1361375877.0
165 22 1361375966.0
166 19 1213374450.0
166 19 1213374487.0
166 19 1213374710.0
166 19 1213374821.0
166 19 1213374846.0
166 19 1213374914.0
166 19 1213374965.0
166 19 1213375029.0
166 10 1215094885.0
169 17 1315392726.0
169 2 1348397008.0
169 8 1348397017.0
169 4 1348404012.0
169 4 1348404118.0
169 4 1348404247.0
169 15 1348411872.0
169 11 1354501799.0
174 6 1338988840.0
174 6 1338988906.0
174 6 1338989060.0
174 6 1338989092.0
174 6 1338989201.0
174 6 1338989265.0
174 6 1338989295.0
174 6 1338989337.0
174 6 1338989387.0
174 6 1338989697.0
174 6 1338989856.0
174 6 1338990543.0
174 6 1338990791.0
174 6 1338991214.0
174 6 1338993771.0
174 6 1338994896.0
174 2 1338995233.0
174 6 1338996669.0
174 6 1338997404.0
174 6 1338997676.0
174 6 1338999064.0
174 1 1339076169.0
174 1 1339076868.0
174 13 1339165223.0
174 6 1339172780.0
174 2 1339173583.0
174 2 1339173583.0
174 2 1339173667.0
174 2 1339174199.0
174 6 1339174236.0
174 12 1339330112.0
174 12 1339331178.0
174 12 1339331332.0
174 12 1339332111.0
174 12 1339335514.0
174 12 1339336645.0
179 20 1274552235.0
179 20 1274552621.0
179 14 1275846735.0
188 4 1286536417.0
188 19 1286630159.0
188 6 1287506605.0
188 13 1288170228.0
188 6 1288266024.0
188 6 1288267391.0
188 6 1288267460.0
188 16 1288352054.0
188 11 1293012073.0
188 19 1293020858.0
188 10 1293035311.0
188 15 1293116504.0
188 15 1293116748.0
188 11 1293613031.0
188 11 1293624820.0
188 11 1293625586.0
188 13 1293636033.0
188 15 1293645085.0
188 11 1293696665.0
188 11 1293783215.0
188 6 1293783497.0
188 11 1295598800.0
188 0 1296078478.0
188 18 1296378732.0
188 11 1297930802.0
188 11 1297967839.0
188 13 1302285649.0
188 25 1319562268.0
188 1 1322340860.0
188 25 1329925176.0
188 25 1330518775.0
188 18 1331380658.0
188 25 1331893824.0
188 25 1332522081.0
188 0 1332582815.0
188 25 1333112521.0
188 5 1339942015.0
188 25 1340906888.0
188 6 1341325920.0
188 25 1346173119.0
188 22 1348924269.0
188 22 1348939167.0
188 22 1348939293.0
188 1 1351031713.0
188 8 1351341445.0
188 8 1351428863.0
188 8 1351441386.0
188 0 1351448053.0
188 8 1352569087.0
188 8 1353854419.0
188 8 1355743832.0
188 8 1355751906.0
189 3 1291131860.0
189 7 1291139197.0
189 7 1291140464.0
189 11 1291215309.0
189 13 1291215325.0
189 15 1291223162.0
189 16 1291223516.0
189 13 1291224053.0
189 6 1291224653.0
189 6 1291300879.0
189 6 1291300924.0
189 6 1291301502.0
189 1 1291302447.0
189 15 1291306081.0
197 19 1249898584.0
197 11 1249899176.0
197 13 1249899354.0
197 1 1249903360.0
197 1 1249903716.0
197 1 1249904020.0
197 1 1249904396.0
197 1 1249904560.0
197 1 1249907408.0
197 13 1249909650.0
197 11 1249910546.0
197 19 1249916858.0
197 10 1250064890.0
197 10 1250065172.0
197 15 1250065870.0
197 13 1250117478.0
197 13 1250117908.0
197 20 1250167058.0
197 20 1250167642.0
197 20 1250167666.0
197 12 1250168708.0
197 19 1250170934.0
203 13 1392460340.0
203 13 1392460357.0
203 13 1392460386.0
203 13 1392460408.0
203 13 1392461760.0
203 13 1392461898.0
203 13 1392462048.0
203 13 1392462050.0
203 13 1392464010.0
203 13 1392465058.0
203 1 1392465219.0
203 1 1392465280.0
203 13 1392465461.0
203 6 1392466280.0
203 6 1392466336.0
203 6 1392466380.0
203 6 1392466500.0
203 6 1392466538.0
203 6 1392466560.0
203 6 1392466600.0
203 11 1392467342.0
203 12 1392472388.0
203 12 1392472737.0
203 20 1392472776.0
203 20 1392472813.0
203 14 1392473908.0
203 14 1392473936.0
203 14 1392474015.0
203 14 1392474094.0
203 14 1392474116.0
203 14 1392474195.0
203 14 1392474360.0
203 14 1392474418.0
203 3 1392474562.0
203 7 1392478011.0
230 6 1314657421.0
230 6 1314657507.0
230 0 1317654608.0
230 10 1318768737.0
230 7 1319062705.0
230 11 1319885517.0
230 15 1319986563.0
230 13 1322404701.0
230 1 1322422225.0
230 1 1322422578.0
230 8 1383581837.0
242 11 1187489256.0
242 4 1282391678.0
242 11 1282392896.0
242 11 1282393592.0
242 11 1282394477.0
242 16 1360506407.0
242 16 1360506748.0
242 16 1360622227.0
243 15 1339940560.0
243 6 1340536628.0
246 1 1338971820.0
246 1 1338971836.0
246 1 1338971898.0
246 1 1338975562.0
246 1 1338975594.0
246 1 1338975604.0
246 1 1338975636.0
246 1 1338975706.0
246 1 1338975812.0
246 1 1338975864.0
246 1 1338976078.0
246 1 1338976254.0
246 1 1338976576.0
246 1 1338976598.0
246 1 1338976614.0
246 1 1338976670.0
246 1 1338976706.0
246 1 1338976754.0
246 1 1338976796.0
246 1 1338976948.0
246 1 1338977020.0
246 1 1338977048.0
246 1 1338977196.0
246 1 1338977212.0
246 1 1338977242.0
246 1 1338977378.0
246 1 1338977456.0
246 1 1338977462.0
246 1 1338977620.0
246 1 1338977700.0
246 1 1338978906.0
246 1 1338978954.0
246 1 1338978998.0
246 1 1338979032.0
246 1 1338979044.0
246 1 1338979234.0
246 1 1338979260.0
246 1 1338979442.0
246 1 1338979490.0
246 1 1338979524.0
246 1 1338979580.0
246 1 1338979666.0
246 1 1338979684.0
246 1 1338980064.0
246 1 1338980112.0
246 1 1338980152.0
246 1 1338980180.0
246 1 1338980446.0
246 1 1338981804.0
246 1 1338982054.0
246 1 1338982236.0
246 1 1338982768.0
246 1 1338982778.0
246 1 1338983788.0
246 1 1338983988.0
246 1 1338987762.0
246 1 1338989582.0
246 13 1338990098.0
253 15 1192693210.0
253 15 1233573647.0
253 0 1233573921.0
253 19 1233574945.0
253 11 1233575014.0
261 1 1351769045.0
261 15 1351895667.0
267 6 1187976617.0
267 6 1187976861.0
267 7 1188144633.0
267 7 1188144672.0
267 7 1188145144.0
267 15 1188145711.0
267 15 1188148226.0
267 15 1188148299.0
268 7 1355050051.0
268 17 1359215560.0
274 15 1262343502.0
274 19 1262354303.0
274 3 1262355566.0
274 7 1262363501.0
274 11 1262364578.0
274 13 1262431324.0
274 20 1262433983.0
274 5 1262434933.0
274 7 1262443448.0
274 10 1262509229.0
274 10 1262509424.0
274 3 1262513620.0
274 3 1262513882.0
277 25 1139270881.0
277 25 1139270899.0
277 25 1139270922.0
277 25 1139270936.0
277 25 1139270950.0
277 25 1139270967.0
277 25 1139270980.0
277 25 1139270994.0
277 25 1139271011.0
277 25 1139271029.0
277 25 1140358641.0
277 25 1140358656.0
277 25 1141590475.0
277 25 1141590491.0
277 25 1141590507.0
277 25 1141590523.0
277 1 1141590626.0
277 25 1144103288.0
277 7 1152532769.0
279 10 1344042347.0
279 4 1344316805.0
279 4 1344938768.0
280 13 1255259524.0
280 13 1255259532.0
280 13 1255259540.0
280 13 1255259551.0
280 19 1258730448.0
280 11 1291491348.0
280 11 1291554045.0
280 11 1291554060.0
280 7 1302542322.0
280 7 1302542340.0
280 7 1302542370.0
280 7 1302542417.0
280 19 1313253523.0
280 2 1321728973.0
280 13 1321748287.0
280 6 1384683882.0
280 6 1384684356.0
280 6 1384684506.0
280 6 1384684949.0
280 6 1384685041.0
280 6 1384687016.0
280 6 1384688158.0
280 6 1384688255.0
280 6 1384690081.0
280 6 1384691284.0
280 2 1384693536.0
280 6 1384694594.0
280 6 1384694750.0
280 6 1384694802.0
280 6 1384694872.0
280 6 1384695744.0
280 6 1384695915.0
280 2 1384696065.0
280 6 1384697230.0
280 9 1384769181.0
280 3 1384769486.0
280 0 1384794095.0
285 11 1373397551.0
285 11 1373397665.0
285 11 1373398608.0
285 11 1373398723.0
285 20 1373454540.0
285 12 1373456050.0
285 12 1373456409.0
285 12 1373459860.0
285 12 1373459956.0
285 12 1373460166.0
285 12 1373460572.0
285 12 1373460673.0
285 12 1373460741.0
285 12 1373461046.0
285 12 1373461606.0
285 20 1373462107.0
289 11 1383576139.0
289 1 1383580456.0
289 17 1383584665.0
289 17 1383584704.0
289 17 1383584891.0
289 7 1383650134.0
289 7 1383650144.0
289 15 1383652390.0
289 16 1383653696.0
289 7 1383653889.0
289 7 1383653908.0
290 1 1126767836.0
290 1 1126774241.0
290 1 1126774847.0
290 1 1126775751.0
290 1 1126775791.0
290 1 1126778741.0
290 1 1126778799.0
290 1 1126778892.0
290 1 1126778903.0
290 1 1126778944.0
290 1 1126779003.0
290 1 1126779113.0
290 1 1126779218.0
290 1 1126779283.0
290 1 1126779326.0
290 1 1126779353.0
290 1 1126781435.0
290 1 1126781446.0
290 20 1126787661.0
290 20 1126787805.0
290 20 1126787854.0
290 5 1126788290.0
290 14 1127119685.0
290 14 1127119721.0
290 3 1127119877.0
290 10 1127459598.0
290 15 1127460313.0
290 17 1127470892.0
290 20 1127548453.0
290 20 1127549572.0
290 20 1127550134.0
290 20 1127550397.0
290 20 1127550681.0
290 20 1127551205.0
290 20 1127552569.0
290 20 1127552687.0
290 20 1127552905.0
290 9 1127557182.0
290 9 1127558020.0
290 2 1127590622.0
290 22 1128851582.0
290 24 1128930549.0
290 24 1128938340.0
290 24 1128938484.0
295 10 1124471325.0
295 13 1219403449.0
295 13 1219403458.0
295 13 1219403476.0
295 4 1219403752.0
297 2 1141590631.0
297 2 1141834762.0
297 2 1141835148.0
297 2 1141835817.0
297 4 1170461947.0
297 4 1170462014.0
297 4 1170462059.0
297 4 1170464197.0
297 4 1170466289.0
297 13 1248527669.0
297 13 1248528098.0
297 11 1248530209.0
297 7 1260628918.0
297 25 1261498128.0
297 25 1261584850.0
297 5 1261752319.0
297 5 1261752336.0
297 5 1261752344.0
297 19 1262014978.0
297 19 1262018054.0
297 19 1262018080.0
297 2 1310824338.0
297 2 1310826963.0
297 2 1310827218.0
297 2 1310827295.0
297 2 1310827889.0
297 2 1310828262.0
297 2 1310828275.0
297 2 1310828435.0
297 2 1310828523.0
297 2 1310829496.0
297 2 1310830569.0
297 2 1310831048.0
297 2 1310831348.0
297 2 1310832909.0
297 2 1310833105.0
297 2 1310838511.0
297 2 1310840898.0
297 2 1310840943.0
297 2 1310841123.0
297 2 1310842923.0
297 2 1310843010.0
297 2 1310846715.0
297 2 1310846724.0
297 2 1310847786.0
297 2 1310860095.0
297 2 1310860108.0
297 2 1310860140.0
297 2 1310860881.0
297 2 1310911707.0
297 2 1310912341.0
297 2 1310912575.0
297 2 1310912927.0
297 2 1310913102.0
297 2 1310914386.0
297 2 1310914767.0
297 2 1310915179.0
297 2 1310915409.0
297 2 1310915487.0
297 2 1310915532.0
297 2 1310915781.0
297 2 1310915881.0
297 2 1310915925.0
297 2 1310916658.0
297 2 1310919181.0
297 2 1310919392.0
297 2 1310919758.0
297 2 1310920094.0
297 2 1310920713.0
297 2 1310920993.0
297 2 1310921483.0
297 2 1310921715.0
297 2 1310921822.0
297 2 1310921878.0
297 2 1310922717.0
297 2 1310923063.0
297 2 1310928353.0
297 2 1310929640.0
297 2 1310931558.0
297 2 1310932438.0
297 2 1310932667.0
297 2 1310933008.0
297 2 1310933156.0
297 2 1310933253.0
297 2 1310933780.0
297 2 1310933853.0
297 2 1310933866.0
297 2 1310933954.0
297 2 1310934094.0
297 2 1310934184.0
297 2 1310934466.0
297 2 1310935751.0
297 2 1310936105.0
297 2 1310936154.0
297 2 1310938754.0
297 2 1310938832.0
297 2 1310940431.0
297 2 1310942520.0
297 2 1310950304.0
297 2 1310950382.0
297 2 1312237238.0
297 2 1312249040.0
297 2 1312250112.0
297 2 1312251303.0
297 2 1312252449.0
297 2 1312253476.0
297 2 1312254188.0
297 2 1312297615.0
297 2 1312299006.0
297 2 1312299760.0
297 2 1312300895.0
297 2 1312301441.0
297 2 1312301920.0
297 2 1312302345.0
297 2 1312302728.0
297 2 1312303706.0
297 2 1312335281.0
297 2 1312335283.0
297 2 1312335286.0
297 2 1312335289.0
297 2 1312335292.0
297 2 1312335295.0
297 2 1312335297.0
297 2 1312335299.0
297 2 1312335302.0
297 2 1312335304.0
297 2 1312335307.0
297 2 1312335309.0
297 2 1312335311.0
297 2 1312335314.0
297 2 1312335315.0
297 2 1312335318.0
297 2 1312335320.0
297 2 1312335322.0
297 2 1312335324.0
297 2 1312335326.0
297 2 1312335329.0
297 2 1312335332.0
297 13 1353936882.0
297 13 1353937115.0
297 13 1353937680.0
297 13 1353937780.0
297 13 1353937892.0
297 13 1353937982.0
297 13 1353938352.0
297 13 1353938660.0
297 13 1353938745.0
297 13 1353938956.0
297 13 1353939255.0
297 13 1353939293.0
297 13 1353939316.0
297 13 1353939337.0
297 13 1353939538.0
297 13 1353939600.0
297 13 1353940171.0
297 13 1353940333.0
297 13 1353940407.0
297 13 1353941429.0
297 13 1353941525.0
297 13 1353942203.0
297 13 1357304624.0
304 1 1327577986.0
304 1 1327577999.0
304 1 1327578013.0
304 1 1327578022.0
304 1 1327578040.0
304 1 1327578064.0
304 1 1327578102.0
304 1 1327578150.0
304 1 1327578285.0
304 1 1327578310.0
304 1 1327578325.0
304 1 1327578348.0
304 1 1327578358.0
304 1 1327578390.0
304 1 1327578395.0
304 1 1327578400.0
304 1 1327578512.0
304 1 1327578573.0
304 1 1327578574.0
304 1 1327578583.0
304 1 1327578586.0
304 1 1327578591.0
304 1 1327578604.0
304 1 1327578615.0
304 1 1327578868.0
304 1 1327578878.0
304 1 1327578983.0
304 1 1327578995.0
304 1 1327579020.0
304 1 1327579071.0
304 1 1327579236.0
304 1 1327579267.0
304 1 1327579276.0
304 1 1327579338.0
304 1 1327582075.0
304 1 1327582138.0
304 1 1327582147.0
304 1 1327582157.0
304 1 1327582192.0
304 1 1327582539.0
304 1 1327582751.0
304 1 1327583689.0
304 1 1327583804.0
304 1 1327583821.0
304 1 1327584296.0
304 10 1327594570.0
304 1 1327775240.0
304 1 1327775242.0
304 1 1327775244.0
306 15 1382175398.0
306 7 1382265764.0
306 13 1382271951.0
307 11 1345469209.0
307 17 1345638534.0
307 17 1345639461.0
310 6 1120315534.0
310 13 1120316051.0
310 15 1120316100.0
310 16 1120316211.0
310 15 1120316281.0
310 11 1299190179.0
310 2 1299235644.0
310 6 1299236116.0
310 6 1299236913.0
310 6 1299237193.0
310 6 1299237963.0
310 6 1299238968.0
310 6 1299240516.0
310 13 1299409472.0
310 7 1299511550.0
310 7 1299512831.0
310 7 1299512844.0
317 10 1264600334.0
317 6 1267444302.0
328 11 1210356505.0
328 6 1210362202.0
328 19 1210368528.0
328 19 1210368547.0
328 1 1210413986.0
328 1 1210414562.0
328 1 1210414572.0
328 1 1210414600.0
328 1 1210414615.0
328 1 1210414622.0
328 1 1210414688.0
328 1 1210415570.0
328 1 1210416333.0
328 1 1210417469.0
328 1 1210417616.0
328 1 1210417777.0
328 1 1210419698.0
328 13 1210421887.0
328 13 1210421941.0
328 13 1210421966.0
328 13 1210432911.0
328 13 1210438858.0
328 13 1210439077.0
328 13 1210440194.0
328 13 1210449903.0
328 13 1210450661.0
328 13 1338106881.0
328 13 1338128977.0
328 13 1338142589.0
328 13 1338143588.0
328 13 1338144014.0
328 19 1338144886.0
331 1 1261329878.0
331 13 1281277781.0
331 11 1281281051.0
331 11 1281281147.0
331 11 1285422008.0
331 1 1285423637.0
331 11 1318173076.0
331 16 1324224404.0
331 13 1324225529.0
331 13 1324228610.0
331 13 1324229854.0
331 13 1324230162.0
331 1 1324230875.0
331 13 1324233751.0
331 11 1324233917.0
331 11 1324234439.0
331 7 1324235195.0
331 7 1324235442.0
331 7 1324235672.0
332 1 1377088443.0
332 1 1377089263.0
332 14 1377121180.0
332 14 1377121205.0
337 15 1138468683.0
337 10 1138470042.0
337 18 1138470568.0
337 18 1138470623.0
337 18 1138470678.0
337 18 1138470691.0
337 18 1138471157.0
337 15 1138473622.0
337 10 1138487848.0
337 10 1138488090.0
337 10 1138488344.0
337 13 1138488461.0
337 13 1138488533.0
337 13 1138488737.0
337 11 1138488789.0
337 11 1138488947.0
337 11 1138488993.0
337 20 1138490178.0
337 20 1138490231.0
337 20 1138490239.0
337 20 1138490289.0
337 20 1138490298.0
337 20 1138490317.0
337 20 1138490368.0
337 20 1138490437.0
337 20 1138490477.0
337 12 1138551835.0
337 20 1138552008.0
337 20 1138552034.0
337 20 1138552149.0
337 11 1138553315.0
337 15 1138553834.0
337 15 1138554013.0
340 4 1091939448.0
340 9 1148229378.0
340 15 1148235239.0
340 6 1148397552.0
340 6 1148397552.0
341 11 1221925319.0
341 11 1221925770.0
341 11 1221926915.0
341 11 1221927340.0
341 11 1221927370.0
341 10 1222003394.0
341 10 1222003629.0
341 10 1222003931.0
341 19 1222004760.0
349 13 1190471968.0
349 13 1190471977.0
349 13 1190472141.0
349 13 1190472154.0
349 13 1230663353.0
349 11 1230663795.0
349 11 1230664083.0
349 11 1230664293.0
349 13 1283027179.0
349 22 1299334373.0
349 22 1299336307.0
350 1 1348627936.0
350 1 1348628959.0
350 1 1348628978.0
350 1 1348631762.0
350 1 1348631897.0
350 1 1348631918.0
350 1 1348633812.0
350 1 1348633868.0
350 1 1348634370.0
350 1 1348634390.0
350 1 1348634808.0
350 1 1348634827.0
350 1 1348635640.0
350 1 1348635826.0
350 1 1348635966.0
350 11 1348637181.0
350 11 1348637414.0
350 13 1348638727.0
350 13 1348638807.0
350 15 1348639109.0
350 15 1348639145.0
350 13 1348639303.0
350 11 1348639527.0
350 6 1348640232.0
350 6 1348640554.0
350 6 1348640676.0
350 6 1348641229.0
350 6 1348642099.0
350 1 1348644523.0
350 6 1348648547.0
350 6 1348648579.0
350 1 1348650420.0
350 20 1348712735.0
350 14 1348712943.0
350 14 1348714400.0
350 17 1348719127.0
350 17 1348719394.0
350 17 1348720543.0
350 17 1348720680.0
350 17 1348720692.0
350 17 1348720746.0
350 17 1348720907.0
350 17 1348720913.0
350 17 1348721413.0
350 5 1348725384.0
350 7 1348726943.0
350 10 1348731499.0
350 10 1348732722.0
350 10 1348733765.0
350 19 1348988664.0
350 11 1348990291.0
350 13 1348990476.0
350 13 1348991267.0
350 13 1348992020.0
350 13 1348992073.0
350 13 1348993606.0
350 13 1348994199.0
350 13 1348994308.0
350 13 1348994681.0
350 13 1348994729.0
350 13 1348995172.0
350 13 1348995195.0
350 13 1348995960.0
350 13 1348996119.0
350 11 1348996737.0
350 11 1348997101.0
350 19 1348997369.0
350 17 1350258242.0
350 17 1350258540.0
350 17 1350258940.0
350 17 1350259713.0
360 0 1342765871.0
360 13 1376089622.0
360 13 1376090007.0
366 19 1370955934.0
366 12 1370972118.0
366 19 1371076257.0
366 19 1371093059.0
366 3 1371093252.0
366 19 1371093339.0
366 3 1371093544.0
366 11 1371094890.0
366 11 1371095034.0
366 11 1371095151.0
366 13 1371095578.0
366 7 1371095668.0
366 13 1371095683.0
366 13 1371095731.0
366 13 1371095742.0
366 6 1371098568.0
366 6 1371098995.0
366 6 1371099656.0
366 6 1371099809.0
366 6 1371099835.0
366 6 1371099845.0
366 6 1371099919.0
366 6 1371099938.0
366 6 1371099955.0
366 6 1371099975.0
366 6 1371099990.0
366 6 1371100022.0
366 4 1371100033.0
366 4 1371100097.0
366 11 1371100112.0
366 11 1371100173.0
366 13 1371100438.0
366 13 1371100766.0
366 13 1371100778.0
366 13 1371100874.0
366 1 1371107805.0
366 1 1371108016.0
366 1 1371108024.0
366 1 1371108200.0
366 1 1371108211.0
366 1 1371109367.0
366 1 1371109371.0
366 1 1371109375.0
366 1 1371109380.0
366 1 1371109604.0
366 1 1371109873.0
366 1 1371109964.0
366 1 1371109997.0
366 1 1371110674.0
366 1 1371110804.0
366 1 1371110863.0
366 1 1371110894.0
366 1 1371110935.0
366 1 1371111006.0
366 1 1371111053.0
366 1 1371111086.0
366 1 1371114095.0
366 1 1371114152.0
366 1 1371114236.0
366 1 1371114296.0
366 1 1371114360.0
366 1 1371114413.0
366 1 1371114432.0
366 1 1371114595.0
366 1 1371114617.0
366 1 1371114739.0
366 1 1371114776.0
366 1 1371114801.0
366 1 1371114856.0
366 1 1371114948.0
366 1 1371115147.0
366 1 1371115219.0
366 1 1371115476.0
366 1 1371116235.0
366 19 1371174082.0
366 19 1371291439.0
380 6 1375639108.0
380 24 1393759062.0
382 13 1308844057.0
382 13 1308850059.0
382 2 1308860485.0
382 11 1308945337.0
392 19 1350246410.0
392 19 1350246676.0
392 11 1350262501.0
392 19 1350265674.0
392 11 1350348368.0
392 13 1381873622.0
392 10 1382122047.0
396 13 1368277970.0
396 11 1368278104.0
399 6 1250102174.0
399 10 1250177309.0
399 10 1250177322.0
399 13 1250192239.0
399 4 1250351380.0
400 13 1289052120.0
400 13 1289052980.0
400 20 1289126102.0
400 11 1289145116.0
400 13 1289150560.0
403 11 1312301486.0
403 6 1313516310.0
412 7 1347973493.0
412 7 1348055486.0
412 4 1348064373.0
412 4 1348064496.0
424 9 1237489396.0
424 14 1237489718.0
424 9 1237490260.0
435 13 1343313351.0
435 15 1343482830.0
441 7 1297521000.0
441 7 1297521090.0
441 13 1362921939.0
441 11 1362922061.0
441 11 1362922179.0
441 13 1362922298.0
441 13 1362922464.0
441 13 1362922518.0
441 13 1362922522.0
441 11 1362923180.0
441 11 1362923183.0
441 11 1362923463.0
441 11 1362923530.0
441 11 1362923530.0
441 20 1362925048.0
441 12 1362925202.0
441 12 1362925204.0
441 12 1362925239.0
441 12 1362925297.0
441 20 1362925358.0
441 20 1362925358.0
441 12 1362926257.0
441 12 1362926258.0
441 6 1363007134.0
441 6 1363007134.0
441 6 1363007290.0
441 6 1363007290.0
441 6 1363007370.0
441 6 1363007370.0
441 6 1363007770.0
441 6 1363007770.0
443 1 1341093702.0
443 10 1341093708.0
446 7 1283187347.0
446 15 1283251197.0
446 7 1283251562.0
446 7 1283251583.0
446 7 1292755157.0
446 7 1292755185.0
446 7 1292755571.0
446 7 1292770920.0
446 7 1292849671.0
446 7 1292849671.0
446 22 1292854051.0
446 7 1292876783.0
446 7 1292877005.0
456 15 1133894030.0
456 13 1133950293.0
456 13 1133950319.0
456 13 1133950325.0
456 1 1133950805.0
456 13 1133950816.0
456 6 1133962166.0
456 6 1133962198.0
456 6 1133963477.0
456 6 1133963568.0
456 6 1133963592.0
456 15 1133988329.0
456 15 1133988397.0
456 13 1133988552.0
456 13 1133988565.0
456 16 1133988601.0
456 13 1133988698.0
456 19 1133989261.0
456 20 1134037663.0
456 12 1134038147.0
456 12 1134038269.0
456 12 1134038281.0
456 12 1134038395.0
456 12 1134040511.0
456 12 1134040536.0
456 12 1134040587.0
456 12 1134040706.0
456 12 1134040712.0
456 11 1134042245.0
456 11 1134042345.0
456 13 1134047128.0
456 13 1134047416.0
456 13 1134047508.0
456 13 1134047654.0
456 13 1134049411.0
456 13 1134049424.0
456 7 1134050042.0
456 15 1134068592.0
456 13 1134068966.0
456 13 1134069228.0
456 13 1134069588.0
456 13 1134069769.0
456 7 1134072055.0
456 1 1197390018.0
456 13 1197390087.0
456 7 1197390197.0
456 7 1197390300.0
456 7 1197390625.0
456 13 1197390657.0
456 11 1197391273.0
456 11 1197391293.0
456 11 1197391398.0
456 11 1197391442.0
456 13 1197391792.0
456 13 1197392645.0
456 1 1197393237.0
456 1 1197393461.0
456 1 1197393536.0
456 13 1197394050.0
456 13 1197394121.0
456 13 1197394144.0
456 13 1197394157.0
456 13 1197394187.0
456 14 1197450731.0
456 14 1197450757.0
456 14 1197450945.0
456 14 1197450994.0
456 14 1197451202.0
456 14 1197451239.0
456 14 1197451524.0
456 14 1197451771.0
456 14 1197451853.0
456 14 1197451863.0
456 14 1197451869.0
456 14 1197451879.0
456 14 1197451975.0
456 13 1197462711.0
456 1 1197463525.0
456 1 1197463542.0
456 1 1197463738.0
456 1 1197464163.0
456 1 1197464369.0
456 1 1197464382.0
456 1 1197464383.0
456 1 1197466756.0
456 1 1197466838.0
456 1 1197466897.0
456 1 1197467543.0
456 1 1197467833.0
456 1 1197468953.0
456 1 1197469044.0
456 1 1197469709.0
456 13 1197470682.0
456 13 1197470761.0
456 11 1197471444.0
456 11 1197471530.0
456 11 1197471772.0
456 4 1197471899.0
456 4 1197471910.0
456 11 1197471934.0
456 13 1197477562.0
456 7 1197477578.0
456 7 1197477766.0
456 13 1197491905.0
456 13 1197493858.0
456 13 1197493908.0
456 13 1197494609.0
456 13 1197494628.0
456 13 1197494672.0
456 13 1197494848.0
456 13 1197559591.0
456 13 1197560713.0
456 13 1197561199.0
456 13 1197562687.0
456 6 1216163780.0
456 6 1216163798.0
456 6 1216163817.0
456 3 1216163829.0
456 3 1216163843.0
456 3 1216163854.0
456 14 1216163870.0
456 14 1216163877.0
456 1 1216163894.0
456 1 1216163915.0
456 1 1216163936.0
456 1 1216163949.0
456 6 1216163969.0
456 6 1216163977.0
456 11 1216164339.0
456 11 1216164346.0
456 11 1216164357.0
458 13 1275235969.0
458 13 1275240214.0
458 1 1275240656.0
458 13 1275240718.0
472 1 1008633600.0
472 1 1008633601.0
472 1 1008633602.0
472 1 1008633603.0
472 1 1008633604.0
472 1 1008633605.0
472 7 1008633606.0
472 7 1008633607.0
472 7 1008633608.0
472 3 1008633609.0
472 3 1008633610.0
472 13 1008633614.0
472 10 1008633615.0
472 7 1008633616.0
472 7 1008633617.0
472 7 1008633618.0
472 7 1008633619.0
472 7 1008633620.0
472 7 1008720000.0
472 7 1008720001.0
472 7 1008720002.0
472 7 1008720003.0
472 7 1008720004.0
472 7 1008720005.0
472 7 1008720006.0
472 7 1008720007.0
472 7 1008720008.0
472 7 1008720009.0
472 7 1008720010.0
472 7 1008720011.0
472 3 1008720012.0
472 20 1008720013.0
472 13 1008720014.0
472 13 1008720015.0
472 13 1008720016.0
472 13 1008720017.0
472 13 1008720018.0
472 13 1008720019.0
472 13 1008720020.0
472 1 1008720021.0
472 1 1008720022.0
472 1 1008720023.0
472 1 1008720024.0
472 1 1008720025.0
472 1 1008720026.0
472 1 1008720027.0
472 1 1008720028.0
472 1 1008720029.0
472 1 1008720030.0
472 1 1008720031.0
472 18 1008806401.0
472 7 1008806403.0
472 7 1008806404.0
472 7 1036230983.0
472 1 1036231424.0
472 1 1036231441.0
472 1 1036231459.0
472 1 1036231589.0
472 1 1036231607.0
472 1 1036231698.0
472 1 1036231728.0
472 1 1036231767.0
472 1 1036232533.0
472 1 1036232582.0
472 1 1036232663.0
472 1 1036232690.0
472 1 1036232699.0
472 1 1036232707.0
472 1 1036232756.0
472 1 1036232782.0
472 1 1036232816.0
472 1 1036233187.0
472 1 1036233216.0
472 1 1036233375.0
472 1 1036233643.0
472 1 1036233713.0
472 1 1036233776.0
472 1 1036233786.0
472 1 1036233932.0
472 1 1036233956.0
472 1 1036233965.0
472 1 1036234962.0
472 1 1036234981.0
472 1 1036235036.0
472 1 1036235040.0
472 1 1036235043.0
472 1 1036235054.0
472 1 1036235142.0
472 1 1036235147.0
472 1 1036235154.0
472 1 1036235169.0
472 1 1036235177.0
472 1 1036235188.0
472 1 1036235204.0
472 1 1036235221.0
472 1 1036235242.0
472 1 1036235254.0
472 1 1036235260.0
472 1 1036235345.0
472 1 1036235357.0
472 1 1036237449.0
472 1 1036237475.0
472 1 1036237513.0
472 1 1036237526.0
472 1 1036237536.0
472 1 1036237551.0
472 1 1036237668.0
472 1 1036237692.0
472 1 1036237713.0
472 1 1036239265.0
472 7 1036241554.0
472 7 1036241713.0
472 7 1036241720.0
472 7 1036241728.0
472 7 1036241880.0
472 7 1036241899.0
472 7 1036242129.0
472 7 1036242150.0
472 7 1036242192.0
472 7 1036242203.0
472 7 1036242310.0
472 7 1036242314.0
472 7 1036242319.0
472 7 1036242328.0
472 7 1036242345.0
472 7 1036242379.0
472 7 1036242469.0
472 7 1036242487.0
472 7 1036242494.0
472 7 1036242549.0
472 7 1036242558.0
472 7 1036242568.0
472 7 1036242600.0
472 7 1036242605.0
472 7 1036242713.0
472 7 1036242718.0
472 7 1036242727.0
472 7 1036242736.0
472 7 1036242745.0
472 7 1036242759.0
472 7 1036242773.0
472 7 1036242783.0
472 7 1036242792.0
472 7 1036242796.0
472 7 1036242808.0
472 7 1036242815.0
472 7 1036243449.0
472 7 1036243824.0
472 7 1036243848.0
472 7 1036243856.0
472 7 1036251137.0
472 7 1036251143.0
472 7 1036251169.0
472 7 1036251183.0
472 13 1036251199.0
472 13 1036253180.0
472 13 1036253193.0
472 13 1036253200.0
472 13 1036253222.0
472 13 1036253243.0
472 13 1036253249.0
472 13 1036253302.0
472 13 1036253316.0
472 13 1036253358.0
472 13 1036253368.0
472 13 1036253385.0
472 13 1036253403.0
472 13 1036253419.0
472 13 1036253444.0
472 1 1036262369.0
472 7 1036339905.0
472 7 1036339978.0
472 7 1036339982.0
472 7 1036339991.0
472 7 1036340024.0
472 7 1036340033.0
472 7 1036340044.0
472 7 1036340077.0
472 7 1036340095.0
472 7 1036340109.0
472 7 1036340204.0
472 7 1036340364.0
472 7 1036340591.0
472 7 1036340599.0
472 7 1036340609.0
472 7 1036340633.0
472 7 1036341189.0
472 7 1036341193.0
472 7 1036341203.0
472 7 1036341208.0
472 7 1036341367.0
472 7 1036341376.0
472 7 1036341399.0
472 17 1146850454.0
472 17 1146850554.0
472 17 1146850565.0
472 17 1146850569.0
472 17 1146850748.0
472 17 1146850757.0
472 17 1146850943.0
472 17 1146850951.0
472 17 1146850959.0
472 17 1146851075.0
472 17 1146851079.0
472 17 1146851084.0
472 17 1146851103.0
472 17 1146851111.0
472 17 1146851224.0
472 17 1146851232.0
472 17 1146851240.0
472 17 1146851332.0
472 17 1146851351.0
472 17 1146851359.0
472 17 1146851366.0
472 17 1146851566.0
472 17 1146851572.0
472 17 1146851577.0
472 17 1146851588.0
472 17 1146851606.0
472 17 1146851819.0
472 17 1146851824.0
472 17 1146851830.0
472 17 1146851839.0
472 17 1146851846.0
472 17 1146851854.0
472 17 1146851859.0
472 17 1146851869.0
472 17 1146851929.0
472 17 1146851937.0
472 17 1146851945.0
472 17 1146851959.0
472 17 1146851964.0
472 17 1146851969.0
472 17 1146851981.0
472 17 1146851987.0
472 17 1146852303.0
472 17 1146852310.0
472 17 1146852478.0
472 17 1146852485.0
472 17 1146852492.0
472 17 1146852497.0
472 17 1146852501.0
472 17 1146852506.0
472 17 1146852819.0
472 17 1146852826.0
472 17 1146852837.0
472 17 1146852848.0
472 17 1146853291.0
472 17 1146853472.0
472 17 1146853494.0
472 17 1146853498.0
472 17 1146853524.0
472 17 1146853545.0
472 17 1146853713.0
472 17 1146853720.0
472 17 1146853731.0
472 17 1146853779.0
472 17 1146853794.0
472 17 1146853807.0
472 17 1146853832.0
472 17 1146855223.0
472 17 1146855230.0
472 17 1146855235.0
472 17 1146855243.0
472 17 1146855248.0
472 17 1146855539.0
472 17 1146855544.0
472 17 1146855548.0
472 17 1146855650.0
472 17 1146855656.0
472 17 1146855758.0
472 17 1146855766.0
472 17 1146856051.0
472 17 1146856070.0
472 17 1146856077.0
472 17 1146856083.0
472 17 1146856096.0
472 17 1146856145.0
472 17 1146856158.0
472 17 1146856243.0
472 17 1146856294.0
472 17 1146856301.0
472 17 1146856747.0
472 17 1146856760.0
472 17 1146856766.0
472 15 1146946468.0
472 15 1146946477.0
472 15 1146946484.0
472 15 1146950187.0
472 15 1146950195.0
472 15 1146950204.0
472 15 1146953968.0
472 15 1146953979.0
472 15 1146953992.0
472 15 1146954107.0
472 15 1146954120.0
472 15 1146955308.0
472 15 1146955363.0
472 15 1146955370.0
472 15 1146957384.0
472 15 1146957406.0
472 15 1146957432.0
472 15 1146957607.0
472 15 1147033563.0
472 15 1147033571.0
472 15 1147033583.0
472 15 1147033591.0
472 15 1147033607.0
472 15 1147033625.0
472 15 1147033633.0
472 15 1147033641.0
472 15 1147033650.0
472 15 1147033660.0
472 15 1147033747.0
472 15 1147033757.0
472 15 1147033765.0
472 15 1147033821.0
472 15 1147033836.0
472 15 1147033851.0
472 15 1147034518.0
472 15 1147034526.0
472 15 1147034533.0
472 15 1147034547.0
472 15 1147034673.0
472 15 1147065337.0
472 1 1233070072.0
472 1 1233070078.0
472 1 1233070085.0
472 1 1233070270.0
472 1 1233070399.0
472 1 1233070403.0
472 1 1233070411.0
472 1 1233070415.0
472 1 1233070507.0
472 1 1233070547.0
472 1 1233070552.0
472 1 1233070561.0
472 1 1233070645.0
472 1 1233070699.0
472 1 1233070706.0
472 1 1233070754.0
472 1 1233070758.0
472 1 1233070795.0
472 1 1233070832.0
472 1 1233070878.0
472 1 1233070883.0
472 1 1233070890.0
472 1 1233070905.0
472 1 1233070944.0
472 1 1233070948.0
472 1 1233071131.0
472 1 1233071160.0
472 1 1233071168.0
472 1 1233071193.0
472 1 1233071198.0
472 1 1233072142.0
472 1 1233072147.0
472 1 1233072171.0
472 1 1233072342.0
472 1 1233072354.0
472 1 1233072366.0
472 1 1233072396.0
472 1 1233072878.0
472 1 1233072903.0
472 1 1233072911.0
472 1 1233072918.0
472 1 1233072925.0
472 1 1233072936.0
472 1 1233072970.0
472 1 1233072998.0
472 1 1233073073.0
472 1 1233073105.0
472 1 1233073131.0
472 1 1233073155.0
472 1 1233073166.0
472 1 1233073188.0
472 1 1233073357.0
472 1 1233073419.0
472 1 1233073446.0
472 1 1233073472.0
472 1 1233073494.0
472 1 1233073525.0
472 1 1233073594.0
472 1 1233073739.0
472 1 1233073760.0
472 1 1233078067.0
472 1 1233078087.0
472 1 1233078109.0
472 1 1233078129.0
472 7 1233094928.0
472 7 1233094947.0
472 7 1233094966.0
472 7 1233094990.0
472 7 1233094999.0
472 3 1322313949.0
472 3 1322314014.0
472 3 1322314027.0
472 3 1322314036.0
472 3 1322314045.0
472 3 1322314133.0
472 3 1322314140.0
472 3 1322314150.0
472 3 1322314186.0
472 3 1322314203.0
472 3 1322314209.0
472 3 1322314212.0
472 3 1322314218.0
472 3 1322314221.0
472 3 1322314257.0
472 3 1322314270.0
472 3 1322314276.0
472 3 1322314284.0
472 3 1322314291.0
472 3 1322314295.0
472 3 1322314298.0
472 3 1322314302.0
472 3 1322314314.0
472 3 1322314328.0
472 3 1322314338.0
472 3 1322314347.0
472 3 1322314492.0
472 3 1322314499.0
472 3 1322314504.0
472 3 1322314518.0
472 3 1322314533.0
472 3 1322314542.0
472 3 1322314578.0
472 3 1322314606.0
472 3 1322314629.0
472 3 1322314631.0
472 3 1322314695.0
472 3 1322314702.0
472 3 1322314776.0
472 3 1322314780.0
472 3 1322314784.0
472 3 1322314786.0
472 3 1322314792.0
472 3 1322314841.0
472 3 1322314855.0
472 3 1322314866.0
472 3 1322314924.0
472 3 1322314926.0
472 3 1322314932.0
472 3 1322314938.0
472 3 1322315003.0
472 3 1322315015.0
472 3 1322315024.0
472 3 1322315128.0
472 3 1322315164.0
472 3 1322315172.0
472 3 1322315220.0
472 3 1322315264.0
472 3 1322315351.0
472 3 1322315360.0
472 3 1322315671.0
472 3 1322315679.0
472 3 1322315693.0
472 3 1322315704.0
472 3 1322315711.0
472 3 1322315721.0
472 3 1322315734.0
472 3 1322315746.0
472 3 1322315753.0
472 3 1322315761.0
472 3 1322315769.0
472 3 1322315772.0
472 3 1322315778.0
472 3 1322315789.0
472 3 1322315796.0
472 3 1322315804.0
472 3 1322315809.0
472 3 1322315820.0
472 3 1322315829.0
472 3 1322315834.0
472 3 1322315846.0
472 3 1322315854.0
472 3 1322315867.0
472 3 1322316544.0
472 3 1322316550.0
472 3 1322316584.0
472 3 1322316594.0
472 3 1322316614.0
472 3 1322316621.0
472 3 1322316627.0
472 12 1322317768.0
472 12 1322317803.0
472 12 1322317808.0
472 12 1322317851.0
472 12 1322317876.0
472 12 1322318243.0
472 12 1322318279.0
472 12 1322318282.0
472 12 1322318287.0
472 12 1322318295.0
472 12 1322318343.0
472 12 1322318348.0
472 12 1322318388.0
472 12 1322318399.0
472 12 1322318403.0
472 12 1322318407.0
472 12 1322318413.0
472 12 1322318448.0
472 12 1322318452.0
472 12 1322318463.0
472 12 1322318512.0
472 12 1322318517.0
472 12 1322318571.0
472 12 1322318650.0
472 12 1322318656.0
472 12 1322318663.0
472 12 1322318665.0
472 12 1322320807.0
472 12 1322320810.0
472 12 1322320818.0
472 12 1322320828.0
472 12 1322320845.0
472 12 1322320864.0
472 12 1322320868.0
472 12 1322320877.0
472 12 1322320879.0
472 12 1322320883.0
472 12 1322320904.0
472 12 1322320907.0
472 12 1322320909.0
472 12 1322320939.0
472 12 1322320971.0
472 12 1322320979.0
472 12 1322321016.0
472 12 1322321024.0
472 12 1322321092.0
472 12 1322321098.0
472 12 1322321108.0
472 12 1322321135.0
472 12 1322321227.0
472 20 1322321262.0
472 20 1322321269.0
472 20 1322321271.0
472 20 1322321552.0
472 20 1322321554.0
472 20 1322321557.0
472 20 1322321560.0
472 20 1322321566.0
472 20 1322328422.0
472 20 1322328425.0
472 20 1322328432.0
472 20 1322328867.0
472 1 1322330276.0
472 1 1322330286.0
472 1 1322330382.0
472 1 1322330447.0
472 1 1322330451.0
472 1 1322330481.0
472 1 1322330506.0
472 1 1322330513.0
472 1 1322330520.0
472 1 1322330532.0
472 1 1322330656.0
472 1 1322330660.0
472 1 1322330662.0
472 1 1322330669.0
472 1 1322330925.0
472 1 1322330933.0
472 1 1322330961.0
472 1 1322330981.0
472 1 1322330989.0
472 1 1322330995.0
472 7 1322331196.0
472 7 1322331201.0
472 7 1322331216.0
472 7 1322331239.0
472 7 1322331260.0
472 7 1322331270.0
472 7 1322331829.0
472 7 1322332040.0
472 7 1322332045.0
472 7 1322332054.0
472 3 1322335119.0
472 3 1322335128.0
472 3 1322335146.0
472 3 1322335165.0
472 3 1322335173.0
472 3 1322335225.0
472 3 1322335242.0
472 3 1322335252.0
472 3 1322335262.0
472 3 1322335274.0
472 3 1322335287.0
472 3 1322335299.0
472 3 1322335349.0
472 3 1322335377.0
472 3 1322335398.0
472 3 1322335415.0
472 3 1322335422.0
472 3 1322335433.0
472 3 1322335454.0
472 3 1322335466.0
472 3 1322335508.0
472 3 1322335517.0
472 3 1322335526.0
472 3 1322335544.0
472 3 1322335605.0
472 3 1322335616.0
472 3 1322335623.0
472 3 1322335634.0
472 10 1322401552.0
472 10 1322401558.0
472 10 1322401562.0
472 10 1322401573.0
472 10 1322401582.0
472 10 1322402142.0
472 10 1322402158.0
472 10 1322402163.0
472 13 1322402727.0
472 13 1322402739.0
472 13 1322402747.0
472 13 1322402756.0
472 13 1322402965.0
472 13 1322402973.0
472 20 1322403874.0
472 20 1322403884.0
472 20 1322403886.0
472 20 1322403893.0
472 20 1322403902.0
472 7 1322404623.0
472 7 1322404629.0
472 7 1322404637.0
472 7 1322404645.0
472 7 1322405008.0
472 7 1322405012.0
472 7 1322405016.0
472 7 1322405019.0
472 6 1322411362.0
472 6 1322411365.0
472 6 1322411369.0
472 6 1322411378.0
472 6 1322411390.0
472 6 1322411396.0
472 6 1322411402.0
472 6 1322411411.0
472 6 1322411417.0
472 6 1322411428.0
472 6 1322411435.0
472 6 1322411460.0
472 6 1322411463.0
472 6 1322411465.0
472 6 1322411518.0
472 6 1322411523.0
472 6 1322411534.0
472 6 1322411538.0
472 6 1322411546.0
472 6 1322411552.0
472 6 1322411570.0
472 6 1322411583.0
472 6 1322411591.0
472 6 1322411596.0
472 6 1322411647.0
472 6 1322411664.0
472 6 1322413463.0
472 6 1322413467.0
472 6 1322413509.0
472 6 1322413513.0
472 6 1322413559.0
472 6 1322413567.0
472 6 1322413621.0
472 6 1322413629.0
472 6 1322413637.0
472 6 1322413655.0
472 6 1322413662.0
472 6 1322413669.0
472 6 1322413681.0
472 6 1322413688.0
472 6 1322413790.0
472 6 1322414031.0
472 6 1322414033.0
472 6 1322414038.0
472 6 1322414058.0
472 6 1322414061.0
472 20 1322414937.0
472 20 1322414945.0
472 20 1322415001.0
472 20 1322415004.0
472 20 1322415010.0
472 20 1322415022.0
472 20 1322415077.0
472 20 1322415082.0
472 20 1322415088.0
472 20 1322415104.0
472 20 1322415289.0
472 3 1322415484.0
472 3 1322415497.0
472 7 1322416081.0
472 7 1322416090.0
472 7 1322416102.0
472 7 1322416112.0
472 7 1322416116.0
472 7 1322416123.0
472 7 1322418634.0
472 7 1322418644.0
472 7 1322418663.0
472 7 1322418668.0
472 7 1322418675.0
472 7 1322418682.0
472 7 1322418687.0
472 7 1322418694.0
472 7 1322420068.0
472 7 1322420082.0
472 7 1322420090.0
472 7 1322420104.0
472 7 1322420117.0
472 7 1322420148.0
472 7 1322420220.0
472 7 1322420299.0
472 7 1322420341.0
472 7 1322420361.0
472 7 1322420377.0
472 7 1322420389.0
472 7 1322420397.0
472 7 1322420529.0
472 7 1322420535.0
472 7 1322420564.0
477 10 1385416470.0
477 15 1385416895.0
477 1 1385463334.0
477 1 1385463343.0
477 1 1385465460.0
477 1 1385465491.0
477 1 1385468790.0
477 1 1385468805.0
477 1 1385468813.0
477 1 1385468818.0
477 1 1385468971.0
477 1 1385469082.0
477 13 1385469234.0
477 1 1385470232.0
477 1 1385470250.0
477 10 1385472082.0
477 7 1385502391.0
477 9 1385503006.0
477 17 1385550977.0
477 17 1385551248.0
477 17 1385551288.0
477 11 1385562992.0
477 13 1385638828.0
477 13 1385639627.0
477 13 1385639777.0
477 13 1385643192.0
477 13 1385643478.0
477 6 1385666706.0
477 6 1385666728.0
485 13 1312284866.0
485 3 1312372744.0
485 9 1312374105.0
486 16 1376852770.0
486 4 1376857209.0
486 4 1377048451.0
486 4 1377053856.0
486 4 1377055176.0
487 14 1186746340.0
487 11 1186750139.0
487 11 1186750363.0
487 11 1186750395.0
487 11 1186752527.0
487 13 1186753447.0
487 11 1186767282.0
487 4 1186768680.0
492 11 1346665791.0
492 6 1346666633.0
492 6 1346672016.0
492 6 1346672387.0
492 6 1346672593.0
492 11 1346678512.0
492 11 1346678996.0
492 11 1346679359.0
492 11 1346679433.0
492 11 1346679464.0
492 11 1346679650.0
492 4 1346679950.0
492 4 1346680073.0
492 4 1346680123.0
492 16 1346684669.0
495 7 1150143027.0
495 7 1150143105.0
495 10 1150148280.0
500 8 1306211769.0
500 8 1306211796.0
500 7 1306214332.0
500 7 1306214367.0
500 7 1306215267.0
500 1 1306217972.0
500 1 1306217981.0
500 1 1306219018.0
500 1 1306219053.0
500 1 1306219275.0
500 1 1306219313.0
500 1 1306219370.0
500 1 1306219393.0
500 1 1306219516.0
500 1 1306219628.0
500 1 1306219789.0
500 1 1306219823.0
500 1 1306219901.0
500 1 1306219960.0
500 1 1306219993.0
500 1 1306220026.0
500 1 1306220065.0
500 1 1306223555.0
500 1 1306223805.0
500 1 1306224203.0
500 1 1306224483.0
500 1 1306224530.0
500 1 1306224649.0
500 1 1306225343.0
500 11 1306298477.0
500 11 1306300532.0
500 11 1306300632.0
500 11 1306301099.0
500 11 1306301182.0
500 11 1306301412.0
500 11 1306301446.0
500 11 1306301502.0
500 11 1306301648.0
500 11 1306301704.0
500 11 1306302201.0
500 11 1306302331.0
500 13 1306302974.0
500 7 1306303716.0
500 9 1306325957.0
500 9 1306326093.0
500 9 1306326192.0
500 9 1306326278.0
500 9 1306326391.0
500 9 1306326502.0
500 9 1306326549.0
500 16 1306391631.0
500 7 1306396429.0
500 7 1306396495.0
500 7 1306396505.0
500 7 1306396640.0
502 1 1377093684.0
502 3 1377120214.0
502 13 1377191338.0
507 7 1130256528.0
507 7 1130256543.0
507 22 1145459904.0
507 22 1145460270.0
507 22 1146056944.0
507 13 1148428224.0
507 13 1148428282.0
507 13 1148428590.0
507 13 1148428678.0
507 13 1148428697.0
507 13 1148428740.0
507 13 1148428787.0
507 13 1148428796.0
507 13 1148428820.0
507 13 1148428997.0
507 13 1148429017.0
507 13 1148429027.0
507 13 1148429037.0
507 13 1148430408.0
507 13 1148430469.0
507 13 1148430488.0
507 13 1148430519.0
507 13 1148430539.0
507 13 1148430584.0
507 13 1148430833.0
507 13 1148433593.0
507 13 1148433717.0
507 13 1148433814.0
507 13 1148433909.0
507 13 1148433955.0
507 13 1148434260.0
507 13 1148436254.0
507 13 1148436277.0
507 13 1148436313.0
507 21 1152197268.0
507 4 1168649691.0
507 4 1168649740.0
507 4 1168649764.0
507 4 1168649782.0
507 4 1168649799.0
507 4 1168649990.0
507 4 1168650860.0
507 4 1168651519.0
507 4 1168651545.0
507 4 1168651615.0
507 13 1176320868.0
507 13 1176320910.0
508 2 1306949540.0
508 1 1307012488.0
508 13 1307013191.0
508 13 1307013342.0
508 13 1307013991.0
508 11 1307014436.0
508 19 1307014691.0
508 19 1307014751.0
508 9 1307020250.0
508 9 1307020468.0
508 9 1307020479.0
508 9 1307020557.0
508 9 1307020612.0
508 9 1307020769.0
508 3 1307021065.0
508 3 1307021234.0
508 3 1307021259.0
508 3 1307021326.0
508 14 1307021435.0
508 14 1307021617.0
508 14 1307021634.0
508 14 1307021745.0
508 14 1307021803.0
508 14 1307021878.0
508 14 1307022126.0
508 14 1307022135.0
508 14 1307022173.0
508 14 1307022186.0
508 14 1307022218.0
508 14 1307022264.0
508 14 1307022277.0
508 14 1307022290.0
508 7 1307029511.0
508 7 1307029574.0
508 16 1307029722.0
508 16 1307029764.0
508 16 1307029778.0
508 16 1307029804.0
508 16 1307030091.0
508 16 1307030108.0
508 15 1307030316.0
508 7 1307030485.0
508 7 1307030536.0
508 7 1307030558.0
508 7 1307030631.0
508 7 1307030974.0
508 7 1307031009.0
508 7 1307031084.0
508 15 1307031572.0
508 10 1307032173.0
508 10 1307032257.0
508 10 1307032890.0
508 10 1307032957.0
508 10 1307032982.0
508 1 1307033350.0
508 1 1307033410.0
508 1 1307033417.0
508 20 1307036319.0
508 20 1307036371.0
508 20 1307036388.0
508 20 1307036444.0
508 20 1307036535.0
508 5 1307037387.0
508 5 1307037840.0
508 5 1307038012.0
508 20 1307039315.0
508 13 1318681146.0
508 13 1318681160.0
508 13 1318681190.0
508 13 1318681202.0
508 13 1318681331.0
508 13 1318681415.0
508 13 1318681426.0
508 13 1318681433.0
508 13 1318681533.0
508 13 1318682163.0
508 13 1318682339.0
508 13 1318682637.0
508 13 1318683579.0
508 13 1318683685.0
508 13 1318683870.0
516 3 1376857454.0
516 14 1376857875.0
517 11 1219500552.0
517 13 1219500758.0
525 1 1249767383.0
525 1 1249767438.0
525 1 1249768135.0
525 1 1249768693.0
525 1 1249769232.0
525 1 1249769255.0
525 1 1249769273.0
525 1 1249771197.0
525 1 1249771852.0
525 1 1249771864.0
525 1 1249772074.0
525 1 1249772318.0
525 1 1249772368.0
525 1 1249772645.0
525 1 1249772893.0
525 1 1249772899.0
525 1 1249773078.0
525 1 1249773191.0
525 7 1260730621.0
525 7 1260731882.0
525 20 1272799364.0
525 5 1272799577.0
525 20 1272906405.0
525 20 1272906425.0
525 20 1272906439.0
525 0 1292086355.0
525 0 1292086516.0
525 0 1292086587.0
525 0 1292086631.0
525 19 1301176689.0
525 19 1301176949.0
525 6 1323014299.0
525 6 1323014354.0
525 6 1323014724.0
525 6 1323018362.0
525 6 1323018409.0
525 6 1323018731.0
525 6 1323019096.0
525 6 1323019190.0
525 6 1323020122.0
525 8 1323020675.0
525 7 1323027285.0
525 6 1334412256.0
525 6 1334413329.0
525 11 1334415154.0
525 12 1348322565.0
525 12 1348323103.0
525 12 1348323400.0
525 12 1348323620.0
525 12 1348323645.0
525 12 1348326740.0
525 20 1348328290.0
525 9 1348329434.0
525 9 1348329553.0
525 9 1348329662.0
525 9 1348329799.0
525 9 1348329871.0
525 14 1383049364.0
525 14 1383049373.0
525 14 1383049434.0
525 14 1383049458.0
525 14 1383049487.0
525 3 1383049966.0
525 14 1383050221.0
525 14 1383050243.0
525 14 1383050249.0
525 9 1383050427.0
526 7 1134668168.0
526 10 1134835025.0
526 7 1148053178.0
526 7 1148053271.0
526 7 1148053329.0
526 7 1148053369.0
526 7 1148053545.0
526 15 1148053964.0
526 15 1148054081.0
526 4 1148055346.0
526 4 1148055520.0
526 19 1155814469.0
526 7 1155898473.0
526 10 1156347131.0
526 10 1156347281.0
526 11 1157161603.0
526 11 1157170124.0
526 7 1164390795.0
526 7 1164390877.0
526 7 1164390881.0
526 7 1164391104.0
526 7 1164391905.0
526 7 1164391962.0
526 7 1164391983.0
526 7 1164392105.0
526 11 1165638572.0
526 7 1165640209.0
526 7 1165640784.0
526 7 1165640784.0
526 7 1165640828.0
526 7 1165641562.0
526 7 1165642691.0
526 7 1165642877.0
526 7 1165644309.0
526 10 1166360692.0
526 10 1166360941.0
526 10 1166361410.0
526 10 1166361869.0
526 10 1166389412.0
526 11 1167609611.0
526 11 1167609677.0
526 6 1167613517.0
526 6 1167613804.0
526 6 1167613867.0
526 6 1167617276.0
526 10 1186230984.0
526 10 1186231106.0
526 10 1186231966.0
526 10 1186231998.0
526 10 1186234692.0
526 10 1186235249.0
526 10 1186235253.0
526 10 1186235383.0
526 10 1186244425.0
526 7 1186245616.0
526 18 1191160410.0
526 18 1191161745.0
526 7 1197124700.0
526 7 1197124723.0
526 7 1197126357.0
526 7 1197126384.0
526 7 1197477472.0
526 7 1197477553.0
526 7 1197478005.0
530 17 1191079141.0
530 17 1191079712.0
530 17 1191080053.0
530 5 1191082959.0
530 21 1390861607.0
536 8 1125256797.0
536 7 1125267416.0
536 19 1125267565.0
536 25 1132343590.0
536 19 1133265937.0
536 10 1133532310.0
536 19 1133878488.0
536 7 1133878518.0
536 7 1133878529.0
536 7 1133878542.0
536 19 1137603860.0
536 19 1137603879.0
536 19 1137604030.0
536 19 1138040855.0
536 19 1138040919.0
536 19 1138041007.0
536 19 1138041033.0
536 19 1138041105.0
536 9 1141317782.0
536 19 1141382041.0
536 7 1141382452.0
536 7 1147953929.0
536 7 1147954258.0
536 7 1147954325.0
536 19 1147958504.0
536 8 1156939610.0
536 19 1156940620.0
536 19 1156942417.0
536 10 1172676289.0
536 6 1173262833.0
536 19 1186332426.0
536 15 1189690705.0
536 13 1205617667.0
536 15 1211202867.0
536 15 1211202902.0
536 15 1211202946.0
537 13 1155193924.0
537 13 1155193968.0
537 14 1155201315.0
537 14 1155201473.0
537 14 1155201488.0
537 3 1155201505.0
537 3 1155201568.0
537 3 1155201664.0
540 0 1317412978.0
540 11 1328325527.0
540 13 1328327453.0
540 13 1342825726.0
540 6 1358001299.0
540 1 1358002311.0
540 20 1358004566.0
540 15 1358008573.0
540 10 1358037846.0
540 11 1358094503.0
540 13 1358095814.0
540 10 1363012648.0
540 15 1363012770.0
540 15 1363013307.0
547 11 1193490044.0
547 11 1193490052.0
547 11 1193490266.0
547 11 1193490294.0
547 14 1193495074.0
547 14 1193495142.0
547 14 1193495172.0
547 14 1193495274.0
547 14 1193495378.0
547 14 1193495390.0
547 14 1193496134.0
547 14 1193496140.0
547 23 1214664746.0
547 19 1214665694.0
547 10 1309272504.0
547 10 1309272514.0
547 7 1309276422.0
547 7 1309276456.0
547 6 1309335572.0
547 6 1309335609.0
547 6 1309335615.0
547 6 1309335639.0
547 6 1309335654.0
547 6 1309335665.0
547 6 1309335748.0
547 6 1309335816.0
547 6 1309335946.0
547 6 1309336308.0
547 6 1309336463.0
547 6 1309336499.0
547 6 1309336634.0
547 6 1309346987.0
547 6 1309347149.0
547 6 1309347366.0
547 6 1309347377.0
547 6 1309347388.0
547 6 1309347461.0
547 6 1309347840.0
547 6 1309347930.0
547 6 1309347959.0
547 6 1309348016.0
547 6 1309348189.0
547 6 1309348655.0
547 6 1309348727.0
547 6 1309348753.0
547 8 1309350267.0
547 8 1309350293.0
547 8 1309351369.0
547 8 1309351715.0
547 8 1309352301.0
547 6 1309352955.0
547 6 1309352961.0
547 10 1309357339.0
547 10 1309357500.0
547 0 1349620175.0
547 0 1349620458.0
554 0 1307091543.0
554 23 1309699485.0
554 26 1317340477.0
554 23 1317341344.0
554 25 1323323570.0
554 16 1323955886.0
554 6 1331356099.0
554 6 1331358806.0
555 14 1336060395.0
555 14 1336060564.0
555 1 1336063551.0
555 13 1336123849.0
557 10 1339850381.0
557 13 1340487794.0
557 15 1342367532.0
557 13 1346455699.0
557 13 1352476527.0
557 13 1352477004.0
561 11 1375894731.0
561 11 1375897082.0
561 4 1375897686.0
561 11 1376222113.0
561 11 1376222165.0
561 11 1376222246.0
561 11 1376222766.0
561 11 1376223775.0
561 11 1376224035.0
561 11 1376224283.0
561 11 1376224722.0
561 11 1376225476.0
561 11 1376226587.0
561 19 1376227704.0
561 8 1376342753.0
561 11 1376652327.0
568 4 1248371650.0
568 7 1248439831.0
569 1 1365488492.0
569 1 1365488511.0
569 1 1365488534.0
569 1 1365488925.0
569 1 1365490145.0
569 1 1365490261.0
569 1 1365490269.0
569 1 1365490432.0
569 1 1365490506.0
569 1 1365490609.0
569 1 1365490616.0
569 1 1365490635.0
569 1 1365490668.0
569 1 1365490673.0
569 1 1365491234.0
569 1 1365491716.0
569 1 1365494177.0
569 1 1365494635.0
569 1 1365494727.0
569 1 1365494983.0
569 1 1365495003.0
569 1 1365495031.0
569 1 1365495284.0
569 1 1365495285.0
569 1 1365495312.0
569 1 1365495369.0
569 1 1365495416.0
569 1 1365495426.0
569 1 1365495491.0
569 1 1365495528.0
569 1 1365497040.0
569 1 1365497059.0
569 1 1365497180.0
569 1 1365497261.0
569 1 1365497325.0
569 1 1365497733.0
569 1 1365497760.0
569 1 1365497861.0
569 1 1365497878.0
569 1 1365497891.0
569 1 1365498051.0
569 13 1365502029.0
569 11 1365502034.0
569 11 1365502039.0
569 13 1365503923.0
569 13 1365504245.0
569 11 1365504861.0
569 13 1365505381.0
569 11 1365507817.0
569 11 1365509201.0
569 11 1365509214.0
569 1 1365511522.0
569 1 1365511528.0
569 7 1365600856.0
569 7 1365600861.0
569 7 1365600875.0
569 11 1365655373.0
571 8 1283081669.0
571 6 1291009623.0
592 6 1249575454.0
592 6 1280920878.0
592 8 1283210825.0
600 10 1345969816.0
600 11 1345969955.0
608 6 1375713314.0
608 13 1378577678.0
608 0 1384813347.0
608 0 1384813430.0
608 22 1385309555.0
608 13 1385369274.0
608 16 1388848981.0
608 13 1388965169.0
608 6 1389572980.0
608 0 1389920299.0
608 10 1390509413.0
608 15 1391434939.0
616 6 1015170873.0
616 25 1027528979.0
616 1 1145709778.0
616 19 1164472717.0
616 13 1219007136.0
616 13 1219007137.0
616 13 1219007227.0
616 13 1219007246.0
616 13 1219007291.0
616 13 1219007305.0
616 13 1219007413.0
616 13 1219007487.0
616 13 1219007693.0
616 13 1219007698.0
616 13 1219007863.0
616 13 1219008545.0
616 13 1219008580.0
616 13 1219008608.0
616 13 1219008927.0
616 13 1219009159.0
616 13 1219009507.0
616 13 1219009867.0
616 13 1219009978.0
616 13 1219009991.0
616 13 1219010008.0
616 13 1219010019.0
616 13 1219010040.0
616 13 1219010118.0
616 13 1219010152.0
616 13 1219010175.0
616 13 1219010217.0
616 13 1219010246.0
616 13 1219010262.0
616 20 1231026076.0
616 5 1241977626.0
616 5 1241977973.0
616 5 1241978021.0
616 5 1241978223.0
616 5 1241978608.0
616 11 1271401344.0
616 2 1358007075.0
617 11 1317555224.0
617 11 1317555917.0
617 13 1317557131.0
617 6 1317563496.0
617 6 1317564137.0
617 6 1317564137.0
617 6 1317565417.0
617 15 1317566779.0
617 14 1317713029.0
618 1 1123396620.0
618 9 1124132037.0
619 6 1214563819.0
619 6 1214565315.0
619 6 1214566230.0
619 9 1224859312.0
619 3 1224862100.0
619 3 1224862145.0
619 3 1224862257.0
619 3 1224862268.0
619 3 1224862451.0
619 14 1224862490.0
619 14 1224862666.0
619 14 1224862679.0
619 14 1224862709.0
619 14 1224862821.0
619 14 1224862874.0
619 14 1224862936.0
619 3 1224863112.0
619 3 1224863189.0
619 3 1224863232.0
619 14 1224863364.0
619 14 1224863669.0
619 14 1224863885.0
619 14 1224863909.0
619 9 1224864356.0
619 9 1224864364.0
619 9 1224864480.0
619 9 1224864627.0
619 9 1224864674.0
619 9 1224864737.0
623 20 1249296971.0
623 20 1249297020.0
623 20 1249297028.0
623 20 1249302104.0
623 20 1249310877.0
623 20 1249397610.0
623 20 1249401310.0
623 20 1249401334.0
623 12 1249404279.0
623 12 1249404855.0
623 12 1249405715.0
623 20 1249406331.0
623 1 1249476195.0
623 1 1249477134.0
623 20 1249730417.0
623 1 1249764677.0
623 1 1249765140.0
623 1 1249765181.0
623 13 1249827886.0
629 9 1287742325.0
629 6 1287749243.0
629 6 1287749743.0
629 6 1287749838.0
629 6 1287749905.0
629 6 1287750820.0
629 6 1287751602.0
629 13 1287756611.0
629 1 1287757771.0
629 11 1287758303.0
629 20 1287760555.0
637 15 1092322562.0
637 7 1092394899.0
637 7 1092394904.0
637 6 1178011066.0
637 6 1178016275.0
637 6 1178018126.0
637 6 1178022658.0
637 6 1178025260.0
637 19 1253786745.0
637 19 1253786763.0
637 15 1253875942.0
637 10 1254264025.0
637 10 1254847895.0
637 7 1256391213.0
640 13 1350841287.0
640 13 1350841518.0
640 1 1350843728.0
640 0 1351272553.0
645 1 1369967350.0
645 1 1369967582.0
645 1 1369967767.0
645 1 1369967803.0
645 13 1369967927.0
645 13 1369967980.0
645 13 1369968024.0
645 13 1369968095.0
645 13 1369968581.0
645 13 1369968634.0
645 13 1369968744.0
645 13 1369968756.0
645 13 1369969514.0
645 11 1369969655.0
645 11 1369969710.0
645 11 1369969733.0
645 11 1369971454.0
645 11 1369971514.0
645 11 1369971620.0
645 11 1369971739.0
645 11 1369971806.0
645 20 1369973307.0
645 20 1369973449.0
645 20 1369973724.0
645 9 1369974114.0
645 9 1369974244.0
645 19 1369974495.0
645 19 1369975945.0
645 12 1369977059.0
645 12 1369982975.0
645 20 1369983870.0
645 4 1369987927.0
645 13 1369989065.0
645 13 1369989420.0
645 10 1370007090.0
645 10 1370007288.0
645 10 1370007357.0
645 4 1370052927.0
645 2 1370053184.0
645 13 1370054825.0
645 13 1370054987.0
645 1 1370055108.0
645 1 1370056350.0
645 1 1370056381.0
645 1 1370056449.0
645 1 1370056612.0
645 16 1370056925.0
645 1 1370057081.0
645 1 1370057151.0
645 1 1370057471.0
645 1 1370057812.0
645 1 1370059143.0
645 1 1370059191.0
645 1 1370059498.0
645 1 1370059517.0
645 1 1370059572.0
645 1 1370060075.0
645 1 1370060201.0
645 1 1370062289.0
645 1 1370062313.0
645 1 1370062480.0
645 1 1370064496.0
645 1 1370064544.0
645 6 1370066676.0
645 6 1370066841.0
645 6 1370066919.0
645 6 1370068276.0
645 6 1370070121.0
645 6 1370071350.0
645 6 1370071398.0
645 6 1370071441.0
645 6 1370071561.0
645 6 1370072047.0
645 6 1370072156.0
645 6 1370074731.0
645 6 1370076087.0
645 6 1370076205.0
645 6 1370076246.0
645 20 1370078707.0
645 20 1370078930.0
645 20 1370079291.0
645 20 1370079813.0
645 20 1370080471.0
645 20 1370080798.0
645 20 1370080903.0
645 20 1370080939.0
645 20 1370080968.0
645 20 1370080998.0
645 20 1370081380.0
645 20 1370081933.0
645 20 1370082100.0
645 20 1370082182.0
645 20 1370082220.0
645 20 1370082921.0
645 20 1370082948.0
645 20 1370082958.0
645 20 1370082968.0
645 20 1370083059.0
645 6 1370090622.0
648 15 1250939601.0
648 19 1250943656.0
648 11 1250944694.0
648 11 1250944715.0
648 13 1250945649.0
648 13 1250946086.0
648 1 1250948015.0
648 1 1250948051.0
648 1 1250948701.0
648 1 1250951085.0
648 1 1250952211.0
648 1 1250954507.0
648 1 1250957297.0
648 13 1250958696.0
648 11 1251103179.0
648 11 1251103188.0
648 11 1251103279.0
648 13 1251103494.0
648 13 1251104352.0
648 13 1251104463.0
648 11 1251149443.0
648 11 1251149495.0
648 19 1251228768.0
648 9 1251228985.0
648 14 1251229014.0
648 14 1251229224.0
648 14 1251229287.0
648 14 1251229382.0
649 7 1291235211.0
649 6 1375626273.0
649 8 1375642489.0
649 6 1375642677.0
649 6 1375643275.0
649 8 1375644137.0
649 6 1375649514.0
649 6 1375649614.0
649 6 1375649677.0
649 6 1375653328.0
649 13 1375703523.0
649 1 1375712072.0
649 11 1375714508.0
649 11 1375714515.0
649 4 1375714665.0
649 13 1375715324.0
649 1 1375715403.0
649 19 1375715575.0
649 16 1375716344.0
649 13 1375716438.0
649 13 1375716653.0
649 13 1375716857.0
649 13 1375717150.0
649 13 1375718967.0
649 13 1375718989.0
649 6 1375731310.0
649 6 1375731315.0
649 8 1375735964.0
649 8 1375736013.0
649 8 1375736232.0
649 8 1375736260.0
649 8 1375736363.0
649 6 1375743169.0
649 6 1375743244.0
649 6 1375743544.0
649 0 1375797288.0
649 0 1375797328.0
649 0 1375798013.0
649 0 1375798911.0
649 0 1375798913.0
649 11 1375800605.0
649 11 1375800688.0
649 11 1375800693.0
649 11 1375800701.0
649 2 1375801997.0
649 2 1375802043.0
649 8 1375802051.0
649 6 1375802148.0
649 8 1375802229.0
649 8 1375802238.0
649 8 1375803271.0
649 8 1375809903.0
649 8 1375809943.0
649 8 1375810183.0
649 8 1375810465.0
649 8 1375810474.0
649 8 1375810767.0
649 8 1375810951.0
649 8 1375810951.0
649 8 1375811379.0
649 8 1375811437.0
649 8 1375811528.0
649 8 1375811632.0
649 8 1375811738.0
649 8 1375811877.0
649 8 1375811932.0
649 8 1375811940.0
649 8 1375811995.0
649 8 1375812006.0
649 8 1375812136.0
649 8 1375812193.0
649 8 1375812201.0
649 8 1375812229.0
649 8 1375812413.0
649 8 1375812532.0
649 8 1375812615.0
649 8 1375812654.0
649 8 1375813123.0
649 2 1375837041.0
649 19 1375851555.0
649 19 1375851662.0
649 19 1375851722.0
649 8 1375880241.0
649 8 1375900906.0
649 6 1375901013.0
649 6 1375903104.0
649 6 1375903128.0
649 6 1375903136.0
649 6 1375903150.0
649 6 1375903246.0
649 6 1375903345.0
649 6 1375903519.0
649 6 1375903554.0
649 6 1375903668.0
649 6 1375903756.0
649 4 1375908618.0
649 6 1375908693.0
649 6 1375914941.0
653 7 1114790797.0
653 22 1115044823.0
653 22 1115046059.0
653 22 1115046147.0
653 22 1115046284.0
653 22 1115046360.0
653 22 1115046503.0
653 22 1115046549.0
653 22 1115046688.0
653 22 1115047214.0
653 22 1115047366.0
653 22 1115047632.0
653 22 1115047755.0
653 22 1115047879.0
653 7 1116592582.0
653 7 1116592886.0
653 7 1116593010.0
653 7 1116593206.0
653 7 1116593286.0
653 7 1116593482.0
653 7 1116593550.0
653 7 1116593578.0
653 7 1116593643.0
653 7 1116593865.0
653 7 1116594519.0
653 7 1118235935.0
653 22 1119449740.0
653 22 1119450330.0
653 22 1119450419.0
653 22 1119450471.0
653 22 1119450595.0
653 22 1119450717.0
653 22 1119450726.0
653 22 1119451630.0
653 22 1119451906.0
653 22 1119451932.0
653 22 1119451971.0
653 22 1119451989.0
653 22 1119452233.0
653 22 1119452640.0
653 7 1120911538.0
653 7 1120911612.0
653 7 1120911714.0
653 7 1120913085.0
653 7 1120913148.0
653 7 1120913213.0
653 22 1122216731.0
653 22 1122216779.0
653 22 1122216991.0
653 22 1122217871.0
653 22 1122218987.0
653 22 1122220798.0
653 22 1122221095.0
653 22 1122221132.0
653 22 1122221401.0
653 22 1122221541.0
653 22 1122221596.0
653 22 1122224606.0
653 22 1122908652.0
653 22 1122909017.0
653 22 1122909226.0
653 22 1122910514.0
653 22 1122910733.0
653 22 1122911215.0
653 22 1122914746.0
653 22 1122915380.0
653 22 1129993269.0
653 22 1129993756.0
653 22 1129993894.0
653 22 1131887830.0
653 22 1131888565.0
653 22 1131888736.0
653 22 1131888798.0
653 22 1131888829.0
653 22 1131889524.0
653 22 1131890394.0
653 22 1131890574.0
653 22 1131890757.0
653 22 1131890819.0
653 22 1131890972.0
653 22 1131891029.0
653 22 1131891321.0
653 22 1131891693.0
653 22 1131892040.0
653 22 1131892059.0
653 22 1131892116.0
653 22 1131892304.0
653 22 1131892427.0
653 22 1131892749.0
653 22 1131892856.0
653 22 1131892918.0
653 22 1131892968.0
653 22 1131892988.0
653 22 1131893138.0
653 22 1131893264.0
653 22 1131893849.0
653 22 1131894084.0
653 22 1131894441.0
653 22 1131894474.0
653 22 1131894485.0
653 22 1131894631.0
653 22 1131894665.0
653 22 1131894692.0
653 7 1134651279.0
653 7 1134651317.0
653 7 1134651499.0
653 10 1135953649.0
653 10 1135953982.0
653 10 1135954015.0
653 10 1135954318.0
653 10 1135954441.0
653 10 1135954502.0
653 10 1135954679.0
653 10 1136385504.0
653 10 1136385781.0
653 10 1136385813.0
653 10 1136385842.0
653 10 1136386014.0
653 10 1136386030.0
653 10 1136386101.0
653 10 1136386198.0
653 10 1136386280.0
653 10 1136386376.0
653 10 1136386647.0
653 10 1136386780.0
653 10 1136386809.0
653 10 1136386889.0
653 10 1136386979.0
653 10 1136387191.0
653 7 1136638425.0
653 7 1136638589.0
653 7 1136638639.0
653 7 1136638763.0
653 22 1137332674.0
653 22 1137332765.0
653 22 1137333257.0
653 22 1137333515.0
653 22 1137335382.0
653 22 1137336742.0
653 19 1138299813.0
653 7 1140189275.0
653 22 1140958885.0
653 22 1145192069.0
653 22 1149338463.0
653 22 1149338878.0
653 22 1149340182.0
653 22 1149340573.0
653 22 1149341079.0
653 22 1150046583.0
653 22 1150046673.0
653 22 1150047500.0
653 22 1150048035.0
653 22 1150048269.0
653 22 1150049651.0
653 22 1150050323.0
653 22 1150051220.0
653 7 1152863881.0
653 22 1158421675.0
653 6 1160673197.0
653 22 1162741557.0
653 22 1162741961.0
653 22 1162741986.0
653 22 1162742025.0
653 22 1162742274.0
653 22 1162742304.0
653 22 1162742325.0
653 22 1162743506.0
653 15 1166979868.0
653 15 1166980377.0
653 15 1166981079.0
653 15 1166981126.0
653 15 1166981364.0
653 15 1166981790.0
653 15 1166982460.0
653 15 1166982556.0
653 15 1166982661.0
653 15 1166982696.0
653 15 1166982950.0
653 15 1166983383.0
653 15 1166983453.0
653 16 1166984116.0
653 10 1167490549.0
660 12 1240665831.0
660 12 1240665934.0
660 12 1240665951.0
660 6 1240685945.0
662 13 1204992354.0
662 13 1204992941.0
662 1 1204996843.0
672 7 978307200.0
672 7 1172498933.0
672 11 1172500361.0
672 25 1205513318.0
672 6 1213531370.0
672 6 1213531431.0
672 18 1217531344.0
673 7 1348046291.0
673 19 1348066085.0
673 19 1348066322.0
676 11 1222450343.0
676 11 1222520661.0
676 1 1279966560.0
676 13 1279984936.0
676 12 1280052443.0
676 12 1280055104.0
676 12 1280055156.0
676 12 1280055192.0
676 12 1280055669.0
676 12 1280055749.0
676 3 1280070944.0
676 3 1280071196.0
676 6 1335440714.0
676 19 1335500276.0
676 11 1335503996.0
676 19 1336942560.0
677 19 1192808087.0
677 19 1192808366.0
677 19 1192808461.0
677 9 1192809311.0
677 9 1192809337.0
677 14 1192809410.0
677 3 1192809748.0
677 3 1192809787.0
677 3 1192809798.0
677 14 1192810189.0
677 9 1192810648.0
677 9 1192810822.0
677 19 1192811236.0
677 19 1192811300.0
677 13 1192812303.0
677 13 1192812417.0
677 13 1192812426.0
677 13 1192812564.0
677 16 1192813469.0
677 15 1192813720.0
677 19 1192814855.0
677 19 1192814960.0
677 19 1192815050.0
677 19 1192816306.0
677 19 1192818626.0
677 19 1192818820.0
677 19 1192818848.0
677 19 1192819303.0
677 19 1192819385.0
677 13 1192884925.0
677 13 1192885009.0
677 1 1192885902.0
677 1 1192886052.0
677 1 1192886575.0
677 1 1192886703.0
677 1 1192888651.0
677 13 1192892745.0
677 13 1192892897.0
677 13 1192895234.0
677 19 1192898392.0
677 19 1192898541.0
677 19 1192898752.0
677 20 1192966600.0
677 5 1192967503.0
677 12 1192970673.0
677 12 1192971181.0
677 19 1192987882.0
677 19 1192991202.0
677 10 1192991234.0
677 15 1192991846.0
677 7 1192992033.0
677 7 1192992068.0
677 19 1192992282.0
677 19 1192992320.0
677 10 1193055941.0
677 6 1193056328.0
677 20 1193057447.0
677 5 1193057728.0
677 20 1193058025.0
677 19 1193058406.0
677 19 1193058417.0
677 7 1193058641.0
677 13 1193058915.0
677 16 1193062821.0
677 6 1193063848.0
677 6 1193064444.0
677 6 1193064706.0
677 6 1193064799.0
677 6 1193065948.0
677 6 1193066375.0
677 6 1193066971.0
677 6 1193067371.0
677 6 1193067470.0
677 6 1193068079.0
677 6 1193068230.0
677 6 1193068275.0
678 22 1147015012.0
678 13 1321700269.0
678 11 1321705014.0
678 1 1321705249.0
678 13 1321705419.0
678 13 1321705583.0
678 0 1344686164.0
678 13 1344688532.0
678 13 1344688551.0
678 4 1344688703.0
678 4 1344688819.0
678 11 1344689232.0
678 11 1344692543.0
680 18 1250704228.0
680 11 1250942776.0
681 1 1293650238.0
681 1 1293663397.0
681 1 1293666783.0
681 11 1293734037.0
681 11 1293734137.0
681 11 1293744710.0
681 11 1293764540.0
681 11 1293765211.0
681 11 1293827737.0
681 11 1293830781.0
681 11 1293831173.0
681 11 1293831641.0
681 11 1293831692.0
681 11 1293831720.0
688 11 1187035631.0
688 8 1187042459.0
688 8 1187045582.0
688 8 1187045623.0
688 8 1187045849.0
688 15 1187078917.0
690 7 1325752558.0
690 9 1326737154.0
690 16 1327394939.0
690 20 1327482188.0
690 19 1328205418.0
690 10 1329382110.0
690 4 1329931826.0
690 18 1332689745.0
690 19 1338040474.0
690 7 1364810143.0
690 14 1364810175.0
690 0 1364810205.0
690 0 1364810225.0
704 6 1378137394.0
704 6 1378137584.0
704 11 1378139216.0
704 13 1378139891.0
704 11 1378139942.0
704 3 1378142105.0
704 3 1378142278.0
704 3 1378142441.0
704 3 1378142478.0
704 3 1378143879.0
705 15 1251980312.0
705 11 1251997796.0
712 10 1214649635.0
712 1 1214653114.0
712 1 1214654027.0
712 1 1214654993.0
712 1 1214655252.0
712 1 1214655286.0
712 1 1214655700.0
713 7 1381759144.0
713 15 1381759987.0
724 14 1177135074.0
724 11 1177141435.0
724 11 1177142201.0
724 4 1177143226.0
724 4 1177144515.0
724 7 1177225877.0
724 14 1177226146.0
724 1 1177228515.0
724 1 1177228533.0
724 1 1177228569.0
724 1 1177230315.0
724 1 1177230380.0
724 1 1177230570.0
724 1 1177231199.0
724 1 1177231464.0
724 1 1177232434.0
724 1 1177233909.0
724 1 1177233939.0
724 13 1177234341.0
724 13 1177234617.0
724 6 1177238900.0
724 6 1177238918.0
724 6 1177238941.0
724 6 1177239003.0
724 6 1177239590.0
724 6 1177239747.0
724 6 1177240158.0
724 6 1177240169.0
730 7 1337629980.0
730 11 1337630511.0
730 11 1337630911.0
732 11 1125817141.0
732 13 1125910954.0
732 22 1206626042.0
738 1 1316511628.0
738 1 1316512160.0
738 1 1316512178.0
738 1 1316512323.0
738 1 1316512511.0
738 1 1316512858.0
738 1 1316512875.0
738 1 1316513002.0
738 1 1316513095.0
738 1 1316513115.0
738 1 1316513229.0
738 1 1316513251.0
738 1 1316513267.0
738 1 1316513293.0
738 1 1316514165.0
738 1 1316514208.0
738 1 1316514418.0
738 1 1316514428.0
738 1 1316514448.0
738 1 1316514500.0
738 1 1316514694.0
738 1 1316514723.0
738 1 1316514762.0
738 1 1316515031.0
738 1 1316515123.0
738 1 1316515211.0
738 1 1316515585.0
738 19 1316517672.0
738 19 1316517931.0
738 7 1316518067.0
738 7 1316518079.0
738 7 1316518089.0
738 7 1316518098.0
738 7 1316518105.0
738 7 1316518200.0
738 7 1316535966.0
738 7 1316536218.0
747 13 1380104668.0
747 7 1380104837.0
747 16 1380105217.0
749 4 1238326883.0
749 13 1238327403.0
0 0 1190457746.0
1 4 1187195490.0
3 11 1204121104.0
4 4 1375442504.0
5 4 1255687488.0
6 10 1249670897.0
7 3 1249084800.0
8 16 1315332567.0
9 12 1375184488.0
10 12 1270985593.0
11 18 1274434803.0
13 13 1227180629.0
14 4 1253986062.0
15 11 1277308290.0
16 10 1174749649.0
17 16 1375378134.0
18 11 1333725970.0
19 20 1289395463.0
21 19 1281785129.0
22 1 1395485694.0
23 24 1207313371.0
26 10 1282161180.0
27 7 1079151242.0
28 19 1312899491.0
29 6 1087647470.0
30 7 1230627945.0
31 11 1376682743.0
32 15 1315681023.0
33 7 1347893119.0
34 9 1191824446.0
35 1 1327058636.0
36 8 1164941193.0
37 6 1368885724.0
39 15 1333211041.0
40 14 1114894665.0
41 19 1341299334.0
43 7 1033105584.0
44 1 1301600295.0
45 10 1275551666.0
46 11 1255114481.0
47 0 1346511229.0
48 5 1194705339.0
49 1 1388249538.0
51 11 1248088269.0
52 3 1310581581.0
53 19 1136992681.0
54 17 1154181541.0
55 15 1148117801.0
56 6 1307455620.0
57 8 1295952055.0
60 22 1347109590.0
61 20 1349795025.0
62 19 1251373210.0
63 1 1376865001.0
64 6 1324376495.0
65 15 1058980796.0
68 13 1185634156.0
73 2 1281700901.0
74 10 1182616842.0
76 13 1296488744.0
77 25 1382375256.0
80 6 1194362121.0
81 10 1339677470.0
83 11 1249131423.0
84 5 1249830440.0
85 21 1153609440.0
86 0 1152540702.0
88 11 1183816449.0
89 10 1092502115.0
90 13 1283179689.0
91 13 1213015954.0
92 22 1370775550.0
93 6 1182207860.0
94 4 1373464723.0
97 6 1193059168.0
98 11 1256644507.0
99 3 1220227200.0
100 6 1279660533.0
101 9 1246279194.0
103 11 1322916615.0
104 1 1272199047.0
105 6 1281717612.0
106 7 1244735655.0
108 19 1279879301.0
109 10 1346508312.0
111 13 1292682066.0
112 7 1259625600.0
113 1 1298554225.0
114 20 1337973619.0
115 11 1217780178.0
116 6 1312816310.0
117 3 1220785650.0
118 19 1202515770.0
119 13 1187361062.0
120 10 1158574181.0
122 18 1226070526.0
123 24 1332341411.0
124 15 1241347243.0
125 10 1153504800.0
126 11 1270189583.0
127 5 1216618337.0
128 19 1251725879.0
129 20 1290697720.0
130 20 1290868629.0
131 8 1193386165.0
133 20 1107024574.0
134 14 1296293052.0
135 18 1169577885.0
136 19 1270640011.0
137 13 1127743523.0
138 6 1266088249.0
140 19 1351415954.0
141 0 1086043366.0
142 11 1322654440.0
143 6 1262177565.0
144 19 1227382569.0
145 15 1276479282.0
147 7 1209202853.0
148 19 1389621961.0
149 1 1193445375.0
151 1 1228064356.0
152 7 1325856514.0
153 1 1000085580.0
154 3 1364671367.0
155 11 1216892212.0
156 6 1074569778.0
157 9 1188051533.0
158 9 1218174821.0
159 10 1149115262.0
160 15 1213115895.0
161 11 1348512841.0
162 17 1234532532.0
163 15 1276844504.0
164 11 1313858007.0
167 7 1179746139.0
168 13 1239999385.0
170 11 1301042790.0
171 11 1346440740.0
172 7 1122561588.0
173 4 1221904773.0
175 14 1364830547.0
176 4 1215281726.0
177 7 1136305496.0
178 0 1167292208.0
180 2 1283719288.0
181 1 1141483563.0
182 10 1348253850.0
183 4 1310149560.0
184 13 524919686.0
185 11 1293736861.0
186 4 1199366963.0
187 15 1324739964.0
190 11 1232205441.0
191 19 1348747886.0
192 9 1220477249.0
193 19 1212589236.0
194 11 1188917555.0
195 2 1210781561.0
196 19 1280740727.0
198 6 1218320745.0
199 7 1194589871.0
200 1 1279144316.0
201 11 1382538146.0
202 7 1239812333.0
204 3 1360241966.0
205 1 1312900273.0
206 19 1364558722.0
207 1 1224253184.0
208 1 1309865131.0
209 6 1260358059.0
210 2 1248960769.0
211 10 1293534098.0
212 6 1240686209.0
213 13 1303223029.0
214 1 1223738799.0
215 3 1030838400.0
216 11 1248776115.0
217 1 1343989923.0
218 11 1250356615.0
219 11 1277241512.0
220 11 1236113789.0
221 17 1134381727.0
222 1 1278886864.0
223 2 1322833238.0
224 24 946684883.0
225 15 1241338499.0
226 4 1238507428.0
227 13 1351039279.0
228 13 1339593519.0
229 7 1313664842.0
231 20 1313329316.0
232 13 1375527275.0
233 7 1251563322.0
234 13 1158524445.0
235 12 1010096693.0
236 13 1256739174.0
237 13 1230485524.0
238 8 1188230095.0
239 7 1253181294.0
240 7 1187070056.0
241 2 1288695834.0
244 24 1294439599.0
245 1 1280488901.0
247 11 1221401791.0
248 19 1291319453.0
249 1 1228247112.0
250 0 1251465151.0
251 1 1215940908.0
252 6 1267117110.0
254 6 1093103869.0
255 13 1085310018.0
256 7 1322610738.0
257 10 1385715957.0
258 20 1124046082.0
259 19 1121218925.0
260 13 1268314448.0
262 7 1132242416.0
263 0 1312203088.0
264 0 1092960010.0
265 4 1382567795.0
266 8 1187398532.0
269 1 1245253818.0
270 6 1342035858.0
271 14 1202558317.0
272 13 620611200.0
273 2 1219333913.0
275 11 1280834019.0
276 17 1139743704.0
278 14 1215778738.0
281 13 1161562795.0
282 20 1302608627.0
283 13 1250093665.0
284 8 1335627094.0
286 19 1271260536.0
287 0 1180391121.0
288 13 1251587640.0
291 13 1302519826.0
292 4 1186861477.0
293 19 1304545915.0
294 7 1253420521.0
296 15 1242464728.0
298 10 1340186997.0
299 11 1200380282.0
300 11 1308828762.0
301 1 1113944929.0
302 3 866921484.0
303 11 1306678623.0
305 12 1288780335.0
308 14 1131227541.0
309 11 1347361231.0
311 13 1311504309.0
312 15 1341779555.0
313 19 1309842108.0
314 11 1327854181.0
315 11 1209736823.0
316 15 1120302049.0
318 2 1371167812.0
319 10 1382877076.0
320 12 1370602674.0
321 15 1275471659.0
322 11 1249326642.0
323 7 1155517192.0
324 6 1321562440.0
325 3 1397033658.0
326 6 1270220798.0
327 22 1085758647.0
329 20 1194091468.0
330 19 1332605382.0
333 19 1287945308.0
334 1 1212848809.0
335 15 1228064765.0
336 22 1370684394.0
338 11 1334322641.0
339 13 1388442937.0
342 11 1243649266.0
343 11 1346061190.0
344 7 1184272912.0
345 11 1313933485.0
346 10 1283721086.0
347 13 1212664743.0
348 20 1327146158.0
351 7 1293798120.0
352 13 1211555389.0
353 19 1281712136.0
354 1 1249841440.0
355 8 1185877330.0
356 15 1338674957.0
357 10 1184325912.0
358 7 1380484340.0
359 15 1242495958.0
361 15 1167741616.0
362 7 1302739993.0
363 11 1346701220.0
364 9 1126005476.0
365 10 1295195292.0
367 13 1281355213.0
368 19 1368872323.0
369 15 1369581839.0
370 1 1260009812.0
371 13 1290717969.0
372 8 1227921067.0
373 21 1367754839.0
374 11 1150976503.0
375 14 1334923155.0
376 11 1382086792.0
377 13 1344189481.0
378 11 1124666421.0
379 15 1120497604.0
381 2 1309116278.0
383 12 1339961837.0
384 1 1209556350.0
385 5 1282403345.0
386 15 1243590575.0
387 2 1368380874.0
388 6 1328333106.0
389 11 1251890976.0
390 13 1134936042.0
391 7 1293807947.0
393 13 1390487715.0
394 1 1131979062.0
395 13 1344884009.0
397 27 1125749902.0
398 19 1145989395.0
401 13 1184758427.0
402 15 1185981101.0
404 11 1195569223.0
405 6 1312874188.0
406 11 1299227338.0
407 6 1150880882.0
408 7 1284551862.0
409 1 1216895144.0
410 6 1303483655.0
411 4 1302202487.0
413 15 1207399920.0
414 12 1388068377.0
415 11 1218986358.0
416 6 1199399632.0
417 13 1355664359.0
418 13 1288191302.0
419 6 1142752566.0
420 11 1257603783.0
421 9 1243465443.0
422 2 1208619032.0
423 25 1370958018.0
425 22 1185632125.0
426 6 1150550331.0
427 19 1278014267.0
428 20 1314356681.0
429 1 1232654673.0
430 13 1186230369.0
431 7 1278159289.0
432 19 1396730033.0
433 0 1383638378.0
434 7 1370695118.0
436 2 1201352406.0
437 19 1342668951.0
438 20 1380971939.0
439 1 1313070337.0
440 15 1387537890.0
442 20 1183825723.0
444 6 1340025887.0
445 1 1049644145.0
447 10 1197807502.0
448 25 1280667898.0
449 4 1238265786.0
450 20 1298385706.0
451 20 1220106493.0
452 6 1339852649.0
453 13 1351324763.0
454 7 1165322020.0
455 19 1314443010.0
457 10 1309364318.0
459 5 1315387830.0
460 18 1377441051.0
461 4 1345301009.0
462 0 1362851385.0
463 21 1248959292.0
464 1 1335707703.0
465 16 1386445074.0
466 19 1373281675.0
467 11 1241347027.0
468 19 1248863254.0
469 8 1193922458.0
470 19 1362056977.0
471 7 1211352160.0
473 1 1273745817.0
474 11 1284144608.0
475 19 1285523544.0
476 19 1250794531.0
478 10 1336132453.0
479 16 1152374072.0
480 11 1218801858.0
481 1 1304847635.0
482 11 1111308455.0
483 13 1203746805.0
484 14 1333633871.0
488 22 1349049600.0
489 20 1113836892.0
490 1 1286455849.0
491 1 1210689950.0
493 11 1145630563.0
494 1 1350137887.0
496 11 1351514634.0
497 9 1291545477.0
498 19 1336506748.0
499 3 1231833073.0
501 6 1158277777.0
503 10 1293289614.0
504 13 1198177112.0
505 6 1335965848.0
506 11 1330786120.0
509 11 1263918082.0
510 6 1024620238.0
511 18 1183142733.0
512 20 1184599195.0
513 7 1239268854.0
514 4 1212845715.0
515 9 1314388651.0
518 13 1180880625.0
519 14 1338746223.0
520 15 1177989654.0
521 10 1286807904.0
522 13 1319896853.0
523 22 1318676684.0
524 15 1330972035.0
527 10 1267693680.0
528 1 1199124462.0
529 25 1340625210.0
531 10 1262519919.0
532 14 1379607480.0
533 11 1295371735.0
534 1 1239368757.0
535 14 1352147559.0
538 19 1167568122.0
539 16 1338737999.0
541 19 1369517636.0
542 15 1148395450.0
543 1 1307689520.0
544 13 1322404362.0
545 7 1352289161.0
546 13 1288643714.0
548 1 1189517490.0
549 15 1344071828.0
550 5 1115466817.0
551 1 1371554340.0
552 11 1343347953.0
553 13 1251591089.0
556 9 1269174456.0
558 19 1310112451.0
559 6 1235939979.0
560 9 1173722399.0
562 2 1343112518.0
563 1 1149940716.0
564 11 1375715998.0
565 7 1334245665.0
566 13 1254268801.0
567 3 1290126233.0
570 16 1245872492.0
572 9 1337298567.0
573 22 1153939546.0
574 19 1245353919.0
575 6 1111098044.0
576 7 1213114276.0
577 13 1191691334.0
578 7 1338248628.0
579 13 1346238866.0
580 19 1355011204.0
581 11 1286987341.0
582 12 1167814340.0
583 7 1232031423.0
584 20 1182883290.0
585 11 1262196555.0
586 19 1252270230.0
587 12 1380129651.0
588 13 1168790353.0
589 2 1345376538.0
590 6 1365155969.0
591 13 1217182015.0
593 7 1237825703.0
594 4 1279526164.0
595 10 1313862438.0
596 11 1201874339.0
597 11 1287680386.0
598 6 1315662154.0
599 22 1336217244.0
601 19 1355873080.0
602 7 1183632019.0
603 10 1260463411.0
604 1 1341729358.0
605 16 1340879965.0
606 19 1216386848.0
607 1 1278846504.0
609 11 1226920422.0
610 0 1148523571.0
611 0 1216116589.0
612 1 1157888339.0
613 12 1304598576.0
614 13 1212921482.0
615 19 1315035027.0
620 2 1096147313.0
621 17 1268324074.0
622 11 1343133013.0
624 22 1146397381.0
625 11 1333998742.0
626 7 1279188152.0
627 1 1376316610.0
628 11 1282395268.0
630 1 1276277587.0
631 3 1276104693.0
632 1 1255519555.0
633 11 1190001372.0
634 1 1185739863.0
635 11 1319646017.0
636 13 1146294192.0
638 10 1175889173.0
639 13 1356998649.0
641 11 1252750276.0
642 11 1167688979.0
643 3 1342874152.0
644 11 1343042454.0
646 11 1281701279.0
647 13 1362307444.0
650 14 1345648633.0
651 2 1283108899.0
652 13 1245661297.0
654 1 1217958660.0
655 13 1188762333.0
656 10 1219583567.0
657 15 1187072162.0
658 1 1188749908.0
659 15 1186919051.0
661 16 1301108954.0
663 9 1325274981.0
664 13 1186141151.0
665 10 1337197634.0
666 1 1181840929.0
667 15 1064067820.0
668 14 1379437023.0
669 6 1157317943.0
670 7 1270490666.0
671 16 1296210422.0
674 2 1148748262.0
675 11 1312977669.0
679 6 1150809217.0
682 1 1140357181.0
683 13 1341832067.0
684 26 1269297266.0
685 15 1343988230.0
686 5 1164270734.0
687 6 1210172427.0
689 6 1317997858.0
691 8 1164974316.0
692 7 1120658489.0
693 19 1156341004.0
694 22 1377949707.0
695 27 1042148712.0
696 7 1348317968.0
697 13 1195301724.0
698 15 1250013916.0
699 19 1157895233.0
700 13 1199285081.0
701 4 1369470670.0
702 15 1237043827.0
703 4 956089265.0
706 11 1218984589.0
707 1 1144682946.0
708 6 1345914839.0
709 8 1302112482.0
710 1 1372189740.0
711 13 1150209524.0
714 1 1239995604.0
715 15 1376543763.0
716 1 1364292397.0
717 15 1185967684.0
718 1 671932800.0
719 3 1304199515.0
720 16 1371194514.0
721 19 1291478307.0
722 16 1356099063.0
723 18 1379241384.0
725 19 1255713165.0
726 25 1310484990.0
727 3 1195638341.0
728 2 1311082560.0
729 18 1198048647.0
731 2 1370617086.0
733 2 1276963511.0
734 1 1187086792.0
735 18 1248376198.0
736 20 1188082873.0
737 7 1188121271.0
739 19 1323706038.0
740 19 1189862325.0
741 13 1375167498.0
742 11 1248011152.0
743 1 1157050977.0
744 3 1339648356.0
745 13 1381552742.0
746 16 1157570674.0
748 7 1324734398.0
750 11 1154788401.0
