0 0 1160752026.0
0 1 1162286608.0
0 0 1162373188.0
0 2 1162733195.0
0 3 1162733417.0
0 3 1162733429.0
0 4 1163175920.0
0 5 1163177917.0
0 5 1163177940.0
0 5 1163177971.0
0 5 1163177983.0
0 5 1163178199.0
0 5 1163178205.0
0 0 1164215965.0
0 6 1164380393.0
0 6 1164380408.0
0 6 1164380429.0
0 6 1164380450.0
0 6 1164380461.0
0 6 1164380484.0
0 6 1164380500.0
0 6 1164380524.0
0 6 1164380543.0
0 6 1164380619.0
0 6 1164380792.0
0 6 1164380814.0
0 6 1164381036.0
0 6 1164381317.0
0 4 1165590379.0
0 4 1166866953.0
0 0 1168174315.0
0 0 1168882510.0
0 0 1168882532.0
0 0 1168882548.0
0 4 1169218557.0
0 4 1169219311.0
0 4 1169219805.0
0 4 1169219828.0
0 4 1169219846.0
0 4 1169219868.0
11 12 1174228973.0
11 12 1174228982.0
11 12 1174229116.0
11 12 1174241231.0
11 12 1174241287.0
11 7 1254006237.0
11 0 1254484001.0
11 0 1254484263.0
11 0 1254563203.0
11 13 1254595275.0
14 1 1279992233.0
14 2 1279993356.0
14 1 1279993593.0
14 1 1279993630.0
14 1 1279993663.0
16 16 1196026398.0
16 16 1196026436.0
16 10 1196027301.0
16 10 1196027388.0
16 10 1196027688.0
16 10 1196027736.0
16 10 1196027745.0
16 10 1196027745.0
16 10 1196027862.0
16 10 1196027902.0
16 2 1235921517.0
16 2 1235922243.0
16 2 1235922936.0
16 2 1235923597.0
16 9 1247260072.0
16 9 1247260084.0
16 9 1247260086.0
16 9 1247260112.0
16 9 1247260145.0
16 9 1247260160.0
16 9 1247260222.0
16 9 1247260231.0
16 9 1247260392.0
16 9 1247260423.0
16 9 1247260441.0
16 9 1247260480.0
16 9 1247260483.0
16 9 1247260507.0
16 9 1247260525.0
16 9 1247260542.0
16 9 1247260642.0
16 9 1247260650.0
16 9 1247260793.0
16 9 1247260871.0
16 9 1247261165.0
16 9 1247261173.0
16 9 1247261178.0
16 9 1247261204.0
16 9 1247261216.0
16 9 1247261224.0
16 9 1247261232.0
16 9 1247261241.0
16 9 1247261259.0
16 9 1247261264.0
16 9 1247261277.0
16 9 1247261306.0
16 9 1247261311.0
16 9 1247261322.0
16 9 1247261334.0
16 9 1247261400.0
16 9 1247261435.0
16 9 1247261436.0
16 9 1247261447.0
16 9 1247263149.0
16 9 1247263257.0
16 9 1247263258.0
16 9 1247263283.0
16 9 1247263284.0
16 9 1247263293.0
16 9 1247263330.0
16 9 1247263631.0
16 9 1247263684.0
16 9 1247263693.0
16 9 1247263707.0
16 9 1247263736.0
16 9 1247263758.0
16 9 1247263794.0
16 9 1247263821.0
16 9 1247263830.0
16 9 1247263830.0
16 9 1247263987.0
16 9 1247264211.0
16 9 1247264214.0
16 9 1247264244.0
16 9 1247264250.0
16 9 1247264288.0
16 9 1247264321.0
16 9 1247264336.0
16 9 1247264338.0
16 9 1247264778.0
16 9 1247264794.0
16 9 1247264796.0
16 9 1247264808.0
16 9 1247264810.0
16 9 1247264850.0
16 9 1247264850.0
16 9 1247264850.0
16 9 1292707597.0
16 9 1292707964.0
16 9 1292708001.0
16 9 1292708007.0
16 9 1292708096.0
16 9 1292708212.0
16 9 1292708318.0
16 9 1292708384.0
16 9 1292708412.0
16 9 1292708433.0
16 9 1292708449.0
16 9 1292708451.0
16 9 1292708526.0
16 9 1292708550.0
16 9 1292708693.0
16 9 1292708704.0
16 9 1292708715.0
16 9 1292708727.0
16 9 1292708748.0
16 9 1292709048.0
16 9 1292709063.0
16 9 1292709065.0
16 9 1292709177.0
16 9 1292709180.0
16 9 1292709223.0
16 9 1292709248.0
16 9 1292710554.0
16 9 1292710558.0
16 9 1292710610.0
16 9 1292710646.0
16 9 1292711149.0
16 9 1292711335.0
16 9 1292711561.0
16 9 1292711563.0
16 9 1292711672.0
16 9 1292711899.0
16 9 1292711922.0
16 9 1292712195.0
16 14 1318360295.0
16 14 1318360295.0
16 14 1318360341.0
16 14 1318360353.0
16 14 1318360419.0
16 14 1318360520.0
16 14 1318360520.0
16 14 1318361138.0
16 14 1318361184.0
16 14 1318361202.0
16 14 1318361225.0
16 14 1318361225.0
16 14 1318361454.0
16 14 1318361995.0
16 14 1318362002.0
16 14 1318362034.0
16 14 1318362077.0
16 14 1318362096.0
16 14 1318362096.0
16 14 1318362153.0
16 14 1318362166.0
16 14 1318362178.0
16 14 1318362390.0
16 14 1318362391.0
16 14 1318363870.0
16 14 1318363882.0
16 14 1318363910.0
16 14 1318365375.0
16 14 1318365430.0
16 14 1318365433.0
16 14 1318365433.0
16 14 1318365447.0
16 14 1318365448.0
16 14 1318365456.0
16 14 1318365522.0
16 14 1318365555.0
16 14 1318365625.0
16 14 1318366081.0
16 14 1318366082.0
16 14 1318366082.0
16 14 1318366154.0
16 14 1318366219.0
16 14 1318366231.0
16 14 1318366233.0
16 14 1318366289.0
16 14 1318366385.0
16 14 1318366484.0
16 14 1318366499.0
16 14 1318367217.0
16 14 1318367330.0
16 14 1318368760.0
16 14 1318369418.0
16 14 1318369475.0
16 15 1351979301.0
16 15 1351979326.0
16 15 1351979328.0
16 15 1351979362.0
16 15 1351979378.0
16 15 1351979425.0
16 15 1351979599.0
16 15 1351979614.0
16 15 1351979864.0
16 15 1351979904.0
16 15 1351979981.0
16 15 1351979986.0
16 15 1351980029.0
16 15 1351980097.0
16 15 1351980345.0
16 15 1351980351.0
16 15 1351980555.0
16 15 1351980586.0
16 15 1351980658.0
16 15 1351980694.0
16 15 1351980700.0
16 15 1351980713.0
16 15 1351980846.0
16 15 1351980861.0
16 15 1351980874.0
16 15 1351980909.0
16 15 1351981368.0
16 15 1351981422.0
16 15 1351981844.0
16 15 1351981857.0
16 15 1351981860.0
16 15 1351981860.0
16 15 1351982942.0
16 15 1351983076.0
16 15 1351983095.0
16 15 1351983117.0
16 15 1351983170.0
16 15 1351983172.0
16 15 1351983173.0
16 15 1351983191.0
16 15 1351983236.0
16 15 1351983275.0
16 15 1351983539.0
16 15 1351983601.0
16 15 1351983792.0
16 15 1351983858.0
16 15 1351983881.0
16 15 1351983989.0
16 15 1351984044.0
16 15 1351984177.0
16 15 1351984207.0
16 15 1351984265.0
16 15 1351984286.0
16 15 1351984286.0
16 15 1351984289.0
16 15 1351984294.0
16 15 1351984355.0
16 15 1351984366.0
16 15 1351984366.0
16 15 1351984397.0
16 15 1351984414.0
16 15 1351984415.0
16 15 1351984609.0
16 15 1351984613.0
16 15 1351984657.0
16 15 1351984758.0
16 15 1351984774.0
16 15 1351984915.0
16 15 1351984951.0
16 15 1351984989.0
16 15 1351985015.0
16 15 1351985078.0
16 15 1351985175.0
16 15 1351985373.0
16 15 1351985544.0
16 15 1351986119.0
16 15 1351986120.0
16 15 1351986120.0
16 15 1351986254.0
16 15 1351986499.0
16 15 1351986537.0
16 15 1351986934.0
16 15 1351986962.0
19 6 1114022424.0
19 15 1114798636.0
19 6 1115223073.0
19 6 1115223123.0
19 9 1146516985.0
19 9 1146520441.0
19 9 1146520517.0
19 9 1146521131.0
19 9 1146521256.0
19 9 1146521291.0
19 9 1146521346.0
19 9 1146521430.0
19 9 1146523055.0
19 9 1146523330.0
19 9 1146524061.0
19 9 1146524110.0
19 9 1146524211.0
19 9 1146524257.0
19 9 1146524265.0
19 9 1146524334.0
19 9 1146524520.0
19 9 1146524634.0
19 9 1146524653.0
19 9 1150060625.0
19 9 1150060980.0
19 9 1150064871.0
19 9 1150066021.0
19 9 1150066104.0
19 9 1150066115.0
19 9 1150066196.0
19 9 1150066244.0
19 9 1150066430.0
19 9 1150066471.0
19 9 1150066615.0
19 9 1150066694.0
19 9 1150066735.0
19 9 1150066745.0
19 9 1150066788.0
19 17 1155567689.0
19 12 1155572601.0
19 12 1155572992.0
19 9 1157577507.0
19 9 1157577797.0
19 9 1157578001.0
19 9 1157578372.0
19 9 1157578884.0
19 9 1157578890.0
19 9 1157578958.0
19 9 1157579237.0
19 9 1157579254.0
19 9 1157579361.0
19 9 1157579388.0
19 9 1157580013.0
19 9 1157580321.0
19 9 1157581436.0
19 9 1157581486.0
19 15 1178021134.0
19 15 1178021195.0
19 15 1178021505.0
19 15 1178021850.0
19 15 1178023042.0
19 6 1178023490.0
19 4 1178025443.0
19 4 1178026073.0
19 4 1178026073.0
19 4 1178026086.0
19 4 1178026131.0
19 4 1178026158.0
19 4 1178026177.0
19 4 1178026191.0
19 4 1178027159.0
19 4 1178027329.0
19 4 1178027329.0
19 4 1178028373.0
19 4 1178028389.0
19 4 1178029001.0
19 4 1178029258.0
19 4 1178029271.0
19 4 1178029287.0
19 4 1178029297.0
19 4 1190417363.0
19 4 1190417460.0
19 4 1190417511.0
19 4 1190417555.0
19 4 1190417674.0
19 4 1190417690.0
19 4 1190417703.0
19 4 1190417830.0
19 4 1190417973.0
19 4 1190418161.0
19 4 1190418168.0
19 4 1190418232.0
19 4 1190434600.0
19 4 1190434649.0
19 4 1190434685.0
19 4 1190434702.0
19 4 1190434709.0
19 4 1190434713.0
19 4 1190434807.0
19 4 1190434817.0
19 4 1190434881.0
19 4 1190434899.0
19 4 1190434971.0
19 4 1190434991.0
19 4 1197367221.0
19 15 1197670857.0
19 15 1197671200.0
19 15 1197671249.0
19 15 1197671560.0
19 15 1197674669.0
19 15 1197676138.0
19 15 1197677982.0
19 15 1197678477.0
19 15 1197678516.0
19 15 1197678545.0
19 15 1197678845.0
19 4 1197682542.0
23 0 1252076157.0
23 5 1252084958.0
26 13 1331286335.0
26 0 1331292066.0
26 14 1331292668.0
26 21 1331374055.0
26 14 1331383602.0
26 14 1331386969.0
31 9 1183290562.0
31 1 1183290716.0
31 3 1183297943.0
31 3 1183298680.0
31 3 1183299996.0
34 10 1253176469.0
34 10 1253176482.0
34 10 1253176984.0
34 10 1253177127.0
34 10 1253177291.0
34 10 1253177428.0
34 10 1253177495.0
34 10 1253177544.0
34 10 1253177876.0
34 10 1253178079.0
34 10 1253178239.0
34 10 1253178258.0
34 10 1253178440.0
34 10 1253178604.0
34 10 1253178638.0
34 10 1253178661.0
34 10 1253178690.0
34 10 1253178710.0
34 10 1253178780.0
34 0 1273998331.0
34 0 1273998353.0
34 0 1273998380.0
34 0 1273998390.0
34 0 1273998452.0
34 0 1273998534.0
34 0 1273998576.0
34 0 1273998590.0
34 0 1273998638.0
34 0 1273998661.0
34 2 1274001698.0
34 2 1274002050.0
35 2 1167334672.0
35 3 1167338736.0
35 3 1167338754.0
35 3 1167338783.0
35 3 1167350902.0
35 3 1167351007.0
35 3 1167351015.0
37 15 1300639216.0
37 12 1300640515.0
37 1 1300644202.0
59 10 1351488505.0
59 10 1351488850.0
59 10 1351488962.0
59 10 1351488982.0
59 10 1351489075.0
59 10 1351489168.0
59 10 1351489170.0
59 10 1351489317.0
59 10 1351489319.0
59 10 1351489425.0
59 10 1351490370.0
59 10 1351490496.0
59 10 1351490920.0
59 1 1351496769.0
59 1 1351499788.0
59 1 1351500092.0
59 1 1351500320.0
59 1 1351500360.0
59 10 1351508531.0
59 10 1351508655.0
59 10 1351508662.0
59 10 1351508686.0
59 5 1351513365.0
65 5 1216464315.0
65 12 1218381795.0
65 12 1218382669.0
65 12 1220193315.0
65 12 1220194787.0
67 14 1041429607.0
67 14 1041480846.0
67 14 1041480846.0
67 14 1041480846.0
67 14 1041480846.0
67 14 1041480846.0
67 14 1041480846.0
67 1 1041489547.0
67 1 1041490727.0
67 1 1041493644.0
67 1 1041493668.0
67 14 1168538400.0
68 6 1337862617.0
68 3 1337898374.0
68 3 1337899357.0
68 1 1337954640.0
68 3 1338275885.0
68 9 1340311558.0
68 9 1346951571.0
68 9 1346951677.0
68 2 1346955488.0
68 9 1347106757.0
68 15 1347116194.0
68 15 1347116264.0
68 4 1350408765.0
71 3 1341575690.0
71 1 1341576566.0
71 1 1341576577.0
71 1 1341576619.0
71 1 1341576710.0
71 1 1341576778.0
71 1 1341576800.0
71 1 1341576852.0
71 16 1341577536.0
71 10 1341577928.0
71 10 1341578379.0
71 10 1341578414.0
71 10 1341578527.0
71 10 1341578810.0
71 10 1341578984.0
71 10 1341579105.0
71 10 1341579168.0
71 10 1341579424.0
71 10 1341579515.0
71 10 1341580148.0
71 10 1341580180.0
71 10 1341580556.0
71 10 1341580843.0
71 14 1341582786.0
71 14 1341586059.0
71 14 1341586822.0
71 14 1341586836.0
71 14 1341589244.0
71 0 1341589409.0
71 0 1341589489.0
71 0 1341589587.0
71 14 1341592468.0
71 7 1341593738.0
71 2 1341593785.0
76 5 1315056564.0
76 9 1316274607.0
78 12 1321871229.0
78 12 1321871273.0
78 17 1321874475.0
78 12 1321874624.0
78 17 1321874946.0
78 20 1321958991.0
86 1 1246369715.0
86 1 1246621966.0
86 12 1246622642.0
86 12 1246622777.0
86 12 1246622958.0
86 12 1246623669.0
86 12 1246623712.0
86 12 1246623813.0
86 12 1246623966.0
86 12 1246624314.0
86 12 1246624440.0
86 12 1246624765.0
86 12 1246624894.0
86 12 1246627497.0
86 12 1246628404.0
86 5 1246633145.0
86 1 1246633162.0
86 1 1249996347.0
86 5 1252324502.0
86 2 1272565494.0
86 5 1280510997.0
86 14 1280519914.0
86 11 1280605072.0
86 12 1285244907.0
86 12 1285251951.0
86 7 1350499061.0
87 21 1297485673.0
87 21 1297485673.0
87 21 1297485813.0
87 21 1310056251.0
87 0 1319214567.0
87 23 1331815336.0
87 23 1331817226.0
87 23 1331817232.0
87 23 1331817295.0
87 0 1333022497.0
87 0 1333022502.0
87 3 1335618452.0
87 1 1335619248.0
87 2 1335620846.0
87 2 1335620855.0
87 2 1335620867.0
87 2 1335620887.0
87 2 1335620902.0
87 2 1335620916.0
87 2 1335620941.0
87 2 1335620945.0
87 2 1335620975.0
87 2 1335621050.0
87 2 1335621059.0
87 0 1336211001.0
87 0 1336211008.0
87 0 1336214150.0
87 0 1336223965.0
87 0 1336223974.0
87 0 1336223981.0
87 0 1337879438.0
87 0 1337883179.0
87 0 1337883369.0
87 0 1337883893.0
87 0 1339175371.0
87 0 1339175380.0
87 0 1339175389.0
87 0 1339175491.0
87 0 1339175604.0
87 0 1339175647.0
87 0 1339176248.0
87 0 1339176312.0
87 0 1339176384.0
87 0 1339176456.0
87 0 1339176473.0
87 0 1339176507.0
87 0 1339176723.0
87 1 1339184065.0
87 1 1339185982.0
87 1 1342867421.0
87 1 1342867425.0
87 1 1342867477.0
87 1 1342867478.0
87 1 1342867485.0
87 1 1342867495.0
87 1 1342867497.0
87 1 1342867498.0
87 1 1342867502.0
87 1 1342867505.0
87 1 1342867516.0
87 1 1342867520.0
87 1 1342867533.0
87 1 1342867539.0
87 1 1342867540.0
87 1 1342867549.0
87 1 1342867552.0
87 1 1342867611.0
87 1 1342867635.0
87 1 1342867635.0
87 1 1342867721.0
87 1 1342867734.0
87 1 1342867736.0
87 1 1342867758.0
87 1 1342867771.0
87 1 1342867813.0
87 1 1342867820.0
87 1 1342867832.0
87 1 1342871050.0
87 5 1343219488.0
87 5 1343219562.0
87 5 1343219575.0
87 5 1343219578.0
87 0 1356193903.0
87 3 1360939600.0
87 6 1362004383.0
87 3 1362496791.0
87 3 1362496798.0
87 3 1362496807.0
87 3 1362496971.0
87 3 1362497151.0
87 3 1362497157.0
87 3 1362497185.0
87 3 1362497234.0
87 9 1363262551.0
87 6 1363860860.0
87 3 1364594463.0
87 2 1364598000.0
87 3 1364655951.0
87 7 1364813440.0
87 9 1366214686.0
87 0 1367436802.0
87 0 1367589663.0
87 0 1367606595.0
87 0 1367606733.0
87 0 1367609126.0
87 0 1367667015.0
87 0 1367775136.0
87 3 1367784934.0
87 12 1368054507.0
87 0 1369162691.0
87 3 1369347106.0
87 0 1373459814.0
87 0 1373460152.0
87 0 1374862491.0
87 2 1398425189.0
90 1 1234267176.0
90 1 1234277355.0
90 9 1249057833.0
90 9 1249060026.0
90 9 1249060874.0
90 9 1249061047.0
95 1 1120176019.0
95 1 1120176022.0
95 1 1120176023.0
95 1 1120176031.0
95 1 1120176039.0
95 1 1120176043.0
95 1 1120176065.0
95 1 1120176070.0
95 1 1120176102.0
95 1 1120176129.0
95 1 1120176149.0
95 1 1120176185.0
95 3 1151804589.0
95 1 1151804591.0
95 1 1192725783.0
95 1 1192726238.0
95 1 1196026534.0
95 1 1196026724.0
95 1 1196026892.0
95 1 1196026906.0
95 1 1196027111.0
95 3 1204991272.0
96 2 1388010079.0
96 3 1388011446.0
99 10 1213620305.0
99 10 1213621017.0
99 10 1213621679.0
99 10 1213621920.0
99 10 1213622195.0
99 10 1213622359.0
99 10 1213622532.0
99 10 1213622552.0
99 10 1213622590.0
99 10 1213622613.0
99 10 1213622640.0
99 10 1213622664.0
99 10 1213622750.0
99 10 1213622770.0
99 10 1213622810.0
99 10 1213623124.0
99 10 1213623318.0
99 10 1213623534.0
99 10 1213623599.0
99 10 1213624153.0
99 10 1213624403.0
99 10 1213624718.0
99 10 1213624974.0
99 10 1213625083.0
99 10 1213625182.0
99 5 1213633337.0
99 14 1213633777.0
104 4 1369435424.0
104 3 1369478476.0
104 3 1370198223.0
111 9 1271253101.0
111 0 1271257888.0
113 2 1287239966.0
113 14 1287318432.0
113 3 1287745485.0
113 9 1289479631.0
113 9 1289654199.0
113 14 1290350952.0
113 9 1290498639.0
113 9 1291037628.0
113 9 1291104848.0
113 3 1291146950.0
113 3 1291842439.0
113 2 1293204284.0
113 3 1294065893.0
113 9 1294213829.0
113 4 1298122067.0
113 9 1300262574.0
113 14 1300628713.0
113 4 1302355669.0
113 9 1307173640.0
113 5 1307809595.0
113 9 1309508089.0
113 9 1313794133.0
113 2 1319225605.0
113 7 1320067017.0
113 7 1320068789.0
113 9 1321019568.0
113 7 1323006960.0
113 7 1333899583.0
127 1 1293124228.0
127 1 1293124306.0
127 1 1293124512.0
127 1 1293124544.0
127 2 1293126041.0
127 1 1296138176.0
127 1 1296138240.0
127 1 1296138276.0
127 1 1296138288.0
127 1 1296138332.0
127 1 1296138340.0
127 1 1296138388.0
127 1 1296138400.0
127 1 1296138408.0
127 1 1296138430.0
127 1 1296138438.0
127 1 1296138468.0
127 1 1296138560.0
127 1 1296138614.0
127 1 1296139294.0
127 1 1296139396.0
127 1 1296139444.0
127 1 1296139454.0
127 1 1296139492.0
127 1 1296139510.0
127 1 1296139524.0
127 1 1296139536.0
127 1 1296139552.0
127 1 1296139598.0
127 1 1296139656.0
127 1 1296139666.0
127 1 1296139742.0
127 1 1296139746.0
127 1 1296139750.0
127 1 1296139790.0
127 1 1296139864.0
127 1 1296139914.0
127 1 1296139926.0
127 1 1296140042.0
127 1 1296140106.0
127 1 1296146224.0
127 1 1296146240.0
127 1 1296146254.0
127 1 1296146340.0
127 1 1296146384.0
127 1 1296146446.0
127 1 1296146456.0
127 1 1296146480.0
127 1 1296146524.0
127 1 1296146530.0
127 1 1296150640.0
127 1 1296150642.0
127 1 1296150984.0
127 1 1296150986.0
127 1 1296151284.0
127 1 1296151290.0
129 3 1170286385.0
129 15 1170286385.0
129 18 1174269247.0
129 21 1174423567.0
141 5 1180656000.0
141 5 1180656000.0
141 5 1180656000.0
141 10 1180656000.0
141 5 1180656000.0
141 5 1180656000.0
143 2 1370594378.0
143 14 1370619974.0
143 1 1370668610.0
143 10 1395819581.0
143 14 1395829972.0
143 1 1395830395.0
143 12 1395837920.0
143 12 1395838841.0
143 12 1395839464.0
144 18 1314569803.0
144 7 1314613435.0
145 1 312854400.0
145 5 315532800.0
145 9 315532800.0
145 1 315532800.0
145 9 315532800.0
145 9 315532800.0
145 9 315532800.0
145 9 441763200.0
147 10 1383391993.0
147 10 1383392063.0
147 10 1383392074.0
147 10 1383392198.0
147 10 1383392289.0
147 10 1383392422.0
147 10 1383392436.0
147 10 1383392780.0
147 10 1383392819.0
147 10 1383393021.0
147 10 1383395960.0
147 3 1383405718.0
147 1 1383479441.0
147 10 1383480275.0
147 10 1383480366.0
147 15 1383484228.0
147 15 1383484253.0
147 2 1383494246.0
147 3 1383494250.0
147 3 1383494252.0
147 3 1383494267.0
147 2 1383494310.0
147 2 1383494390.0
147 2 1383494431.0
156 1 1228225550.0
156 1 1228226968.0
156 1 1228227018.0
156 1 1228227050.0
156 5 1281880975.0
156 0 1289651706.0
156 3 1313607542.0
157 1 1207078091.0
157 1 1228836161.0
157 4 1232376427.0
157 4 1232699852.0
157 21 1249136032.0
157 5 1254083108.0
157 1 1262528278.0
157 21 1266282092.0
157 9 1289829577.0
162 10 1209466260.0
162 10 1209466855.0
162 10 1209467274.0
162 10 1209467746.0
162 10 1209468557.0
162 10 1209468835.0
162 10 1209469095.0
162 10 1209469252.0
162 10 1209469410.0
162 10 1209471326.0
162 10 1209471830.0
162 10 1209472364.0
162 10 1209472538.0
162 10 1209472573.0
162 10 1209473143.0
162 10 1209473827.0
162 10 1209476315.0
162 10 1209477240.0
162 10 1209477269.0
162 10 1209477378.0
162 10 1209478655.0
162 10 1209485167.0
162 10 1209487632.0
162 10 1209487964.0
162 10 1209488106.0
162 10 1209488192.0
162 14 1209488579.0
162 7 1209488928.0
162 0 1209638145.0
162 0 1209638227.0
162 0 1209638236.0
162 0 1209638671.0
162 14 1209643463.0
162 0 1209643751.0
162 0 1209643875.0
162 0 1209643952.0
162 5 1209644280.0
162 5 1209644720.0
162 1 1209645222.0
182 2 1357395317.0
182 3 1357490078.0
182 1 1357490085.0
182 1 1357490085.0
182 13 1357506142.0
182 13 1357506150.0
182 13 1357506160.0
182 13 1357506369.0
182 13 1357506386.0
182 13 1357506399.0
182 13 1357506405.0
182 13 1357506418.0
182 13 1357506419.0
182 13 1357506433.0
182 13 1357506433.0
182 13 1357506443.0
182 13 1357506468.0
182 13 1357506491.0
182 13 1357506492.0
182 13 1357506499.0
182 13 1357506503.0
182 13 1357506516.0
182 13 1357506546.0
182 13 1357506547.0
182 13 1357506554.0
182 13 1357506555.0
182 13 1357506560.0
182 13 1357506567.0
182 13 1357506572.0
182 13 1357506573.0
182 13 1357506576.0
182 13 1357506577.0
182 13 1357506607.0
182 13 1357506626.0
182 13 1357506670.0
182 13 1357506689.0
182 1 1357514043.0
182 1 1357514044.0
182 5 1357514472.0
182 5 1357514473.0
182 5 1357515375.0
182 5 1357515380.0
182 5 1357515394.0
182 5 1357515403.0
182 5 1357515424.0
182 5 1357515433.0
182 5 1357515620.0
182 5 1357515840.0
183 4 1352118344.0
183 4 1352118351.0
183 4 1352118359.0
183 4 1352118364.0
183 4 1352118373.0
183 4 1352118423.0
183 4 1352118454.0
183 4 1352118508.0
183 2 1354618726.0
183 0 1397828476.0
185 21 1299172818.0
185 12 1311324930.0
185 12 1311324973.0
185 10 1330789957.0
185 10 1330791510.0
185 10 1330792125.0
185 19 1331820573.0
186 13 1183983289.0
186 7 1184084552.0
187 1 1035452153.0
187 1 1035452174.0
187 1 1035452220.0
187 1 1035464353.0
187 1 1035464390.0
187 1 1035464451.0
187 1 1035464464.0
187 1 1035464487.0
187 1 1035466720.0
187 1 1035540811.0
187 1 1035540867.0
187 1 1035540873.0
187 1 1035540913.0
187 1 1035558556.0
187 1 1035558568.0
187 1 1035558573.0
187 1 1035558628.0
187 1 1035558698.0
187 1 1035558792.0
187 1 1035558805.0
187 1 1035558814.0
187 1 1035558819.0
187 1 1035558834.0
187 1 1035558955.0
187 1 1194775825.0
187 13 1194799433.0
187 13 1194799443.0
187 13 1194799467.0
187 13 1194799664.0
187 13 1194799700.0
187 13 1194799707.0
187 13 1194799714.0
187 13 1194799723.0
187 13 1194799732.0
187 13 1194799742.0
187 13 1194799781.0
187 13 1194799789.0
187 13 1194799794.0
187 13 1194799851.0
187 13 1194799858.0
187 13 1194799865.0
187 13 1194799873.0
187 13 1194799917.0
187 13 1194799939.0
187 13 1194799972.0
187 13 1194800228.0
187 1 1194881347.0
187 1 1194881994.0
187 1 1194882058.0
187 1 1194882076.0
187 1 1194882093.0
187 1 1194882223.0
187 1 1194882370.0
187 1 1194882375.0
187 1 1194882543.0
187 1 1194882574.0
187 1 1194882588.0
187 1 1194882597.0
187 1 1194882603.0
187 1 1194882611.0
187 1 1194883252.0
187 1 1194883258.0
187 1 1194883264.0
187 1 1194883271.0
187 1 1194883368.0
196 1 1216777183.0
196 10 1216877391.0
196 10 1216878043.0
196 10 1216878251.0
196 10 1216879240.0
197 12 1170167667.0
197 4 1175698301.0
197 9 1175698348.0
197 12 1217515383.0
197 17 1251904260.0
197 17 1251904410.0
197 6 1251905319.0
197 6 1251905496.0
198 17 1219846371.0
198 12 1219848527.0
198 12 1219848537.0
198 12 1243080640.0
198 12 1243080675.0
198 12 1243080691.0
198 12 1243080698.0
198 12 1243080749.0
198 12 1243080758.0
198 12 1243080831.0
198 12 1243080844.0
198 12 1243080886.0
198 12 1243080903.0
198 12 1243080968.0
198 12 1243080987.0
198 12 1243081027.0
198 12 1243081047.0
198 12 1243081180.0
198 12 1243081189.0
198 12 1243081206.0
198 12 1243081213.0
198 12 1243081234.0
198 12 1243081244.0
198 12 1243081338.0
198 12 1243081349.0
198 12 1243083741.0
198 12 1243083753.0
198 12 1243083761.0
198 12 1243083776.0
198 12 1243083794.0
198 12 1243083878.0
198 12 1243083899.0
198 12 1243083920.0
198 12 1243083932.0
198 12 1243083975.0
198 12 1243084003.0
198 12 1243084020.0
198 12 1243084029.0
198 12 1243084047.0
198 12 1243084051.0
198 12 1243084061.0
198 12 1243084073.0
198 12 1243084085.0
198 12 1243084101.0
198 12 1243084132.0
198 12 1243084147.0
198 12 1243084165.0
198 12 1243084179.0
198 12 1243084193.0
198 12 1243084224.0
198 12 1243084242.0
198 12 1243084254.0
198 12 1243084270.0
198 12 1243084283.0
198 12 1243084300.0
198 12 1243084317.0
198 12 1243084330.0
198 12 1243084346.0
198 12 1243084410.0
198 12 1243084427.0
198 12 1243084467.0
198 12 1243084476.0
198 12 1243084492.0
198 12 1243084512.0
198 12 1243084532.0
198 12 1243084561.0
198 12 1243084574.0
198 12 1243084578.0
198 12 1243084590.0
198 12 1243084597.0
198 12 1243084610.0
198 12 1243084627.0
198 12 1243084642.0
198 12 1243084726.0
198 12 1243084765.0
198 12 1243084786.0
198 12 1243084798.0
198 12 1243084983.0
198 12 1243085001.0
198 12 1243085039.0
198 12 1243085052.0
198 12 1243085062.0
198 12 1243085075.0
198 12 1243085082.0
198 12 1243085098.0
198 12 1243085107.0
198 12 1243085135.0
198 12 1243085143.0
198 12 1243085181.0
198 12 1243085193.0
198 12 1243085208.0
198 12 1243085223.0
198 12 1243085243.0
198 12 1243085273.0
198 12 1243085300.0
198 12 1243085322.0
198 12 1243085332.0
198 12 1243085365.0
198 12 1243085403.0
198 12 1243085432.0
198 12 1243085481.0
198 12 1243085489.0
198 12 1243085518.0
198 12 1243085570.0
198 12 1243085589.0
198 12 1243085698.0
198 12 1243085706.0
198 12 1243085737.0
198 12 1243085802.0
198 12 1243085839.0
198 12 1243085864.0
198 12 1243085995.0
198 12 1243086010.0
198 12 1243086016.0
198 12 1243086046.0
198 12 1243086056.0
198 12 1243086099.0
198 12 1243086130.0
198 12 1243086165.0
198 12 1243086203.0
198 12 1243086225.0
198 12 1243086283.0
198 12 1243086314.0
198 12 1243086323.0
198 12 1243086378.0
198 12 1243086390.0
198 12 1243086406.0
198 12 1243086439.0
198 12 1243086608.0
198 12 1243086625.0
198 12 1243086669.0
198 12 1243086673.0
198 12 1243086702.0
198 12 1243086706.0
200 4 1230134764.0
200 2 1258806002.0
200 2 1258806128.0
200 4 1258844180.0
209 14 1274163078.0
209 5 1274164131.0
210 9 1188326762.0
210 0 1188418802.0
210 5 1188660794.0
210 14 1188661708.0
210 14 1188661732.0
210 9 1188758558.0
210 1 1188848256.0
210 12 1188854428.0
210 3 1188985962.0
210 7 1189165174.0
210 10 1239201229.0
210 10 1239202317.0
222 14 1316949103.0
222 7 1316973323.0
232 12 1276877074.0
232 6 1276878849.0
232 5 1276888784.0
239 7 1345221703.0
239 0 1345221783.0
239 0 1345221918.0
239 0 1345222042.0
242 17 1210170061.0
242 12 1210340784.0
255 10 1302270879.0
255 10 1302272175.0
255 10 1302273272.0
255 10 1302274262.0
255 10 1302274702.0
255 10 1302276948.0
255 4 1303739215.0
255 4 1303739270.0
255 4 1303739412.0
255 4 1303740130.0
255 4 1303740199.0
255 4 1303740451.0
255 17 1303744592.0
255 17 1303745191.0
255 3 1305381282.0
255 3 1305381414.0
255 3 1305383352.0
255 0 1310906936.0
255 0 1310907130.0
255 0 1310908709.0
255 1 1311428513.0
255 17 1312465462.0
255 1 1313691772.0
255 1 1313691930.0
255 1 1313692152.0
255 1 1313692367.0
255 1 1313692559.0
255 3 1313693369.0
255 3 1313693727.0
255 3 1313693840.0
255 3 1313694728.0
255 3 1313694786.0
255 1 1322428482.0
255 1 1344254499.0
255 1 1344254795.0
255 2 1344258686.0
255 3 1344258878.0
255 3 1344259942.0
255 7 1350761466.0
255 7 1350762014.0
255 7 1350764113.0
255 7 1350764563.0
255 7 1350767928.0
255 7 1350768487.0
255 5 1356790929.0
255 3 1358022819.0
255 3 1358024399.0
255 3 1358024696.0
255 1 1361716383.0
255 10 1364127916.0
258 3 1251033229.0
258 2 1251033476.0
258 2 1251034997.0
258 2 1251035272.0
258 19 1251043129.0
258 19 1251045624.0
258 19 1251045822.0
258 19 1251045945.0
258 0 1251053930.0
258 10 1251058085.0
258 10 1251058308.0
258 10 1251058461.0
258 10 1251058830.0
258 1 1251060215.0
258 3 1251060442.0
258 1 1251060892.0
266 11 1287606618.0
266 11 1287606709.0
266 11 1287608522.0
266 11 1287608565.0
266 11 1287608729.0
266 4 1330029802.0
266 4 1330029837.0
266 4 1330029841.0
266 4 1330029844.0
266 4 1330029873.0
266 4 1330029881.0
266 4 1330029902.0
266 4 1330029905.0
266 4 1330029911.0
266 4 1330029934.0
266 4 1330029977.0
266 4 1330029985.0
266 4 1330029991.0
266 4 1330030006.0
266 4 1330033240.0
266 4 1330033260.0
266 4 1330033268.0
266 4 1330033271.0
266 4 1330033282.0
266 4 1330033285.0
266 4 1330033290.0
266 4 1330033297.0
266 4 1330033310.0
266 4 1330033343.0
266 4 1330033346.0
266 4 1330033349.0
266 4 1330033363.0
266 4 1330033641.0
266 4 1330033643.0
266 4 1330033646.0
266 4 1330033657.0
266 4 1330033679.0
266 4 1330033701.0
266 4 1330033717.0
266 4 1330033728.0
266 4 1330033752.0
266 4 1330033759.0
266 4 1330034512.0
266 4 1330034514.0
266 4 1330034516.0
266 4 1330034518.0
266 4 1330034520.0
266 4 1330034541.0
266 4 1330034561.0
266 4 1330034572.0
266 4 1330034611.0
266 4 1330034614.0
266 9 1376086833.0
266 9 1376086842.0
266 9 1376086850.0
266 9 1376086852.0
266 9 1376086902.0
266 9 1376086907.0
266 9 1376086913.0
266 9 1376086915.0
266 9 1376088775.0
266 9 1376088782.0
266 9 1376088784.0
266 9 1376088786.0
266 9 1376088788.0
266 9 1376088791.0
266 9 1376088795.0
266 9 1376088807.0
266 9 1376088809.0
266 9 1376088812.0
266 9 1376088815.0
266 9 1376088818.0
266 9 1376088822.0
266 9 1376088827.0
266 9 1376088833.0
266 9 1376088835.0
266 9 1379012992.0
266 9 1379012994.0
266 9 1379012995.0
266 9 1379013193.0
266 9 1379013199.0
266 9 1379013206.0
266 9 1379013213.0
266 9 1379013218.0
266 9 1379013231.0
266 9 1379013250.0
266 9 1379013263.0
266 9 1379013286.0
266 9 1379015742.0
266 9 1379015753.0
266 9 1379015765.0
266 9 1379015787.0
266 9 1379015794.0
266 9 1379015801.0
266 9 1379015816.0
266 9 1379015843.0
266 9 1379015861.0
266 9 1379015886.0
266 9 1379015907.0
266 9 1379015928.0
266 9 1379015936.0
266 9 1379015957.0
266 9 1379015982.0
266 9 1379018538.0
266 9 1379018610.0
266 9 1379018645.0
266 9 1379018652.0
266 9 1379018660.0
266 9 1379018672.0
266 9 1379018683.0
266 9 1379018691.0
266 9 1379018705.0
266 9 1379018723.0
266 9 1379018738.0
266 9 1379018767.0
266 9 1379018778.0
266 9 1379018806.0
266 9 1379018836.0
266 9 1379018866.0
266 9 1379018886.0
266 9 1379018896.0
266 9 1379018904.0
266 9 1379018956.0
266 9 1379018981.0
266 9 1379019001.0
266 9 1379022744.0
266 9 1379022757.0
266 9 1379022765.0
266 9 1379022770.0
266 9 1379022782.0
266 9 1379022796.0
272 2 1165928980.0
272 2 1165929011.0
272 14 1165931511.0
277 0 949363200.0
277 0 1107275265.0
277 0 1109119315.0
277 0 1122143962.0
277 2 1152296481.0
277 2 1152296535.0
277 2 1152296848.0
277 2 1152298673.0
277 2 1152298701.0
277 3 1156795827.0
277 3 1156796133.0
277 3 1156796212.0
277 3 1156796921.0
277 3 1156796926.0
277 4 1181486078.0
277 12 1185293724.0
277 12 1185293724.0
277 12 1185293729.0
277 12 1185293768.0
277 12 1185293771.0
277 9 1193172381.0
277 9 1193172732.0
277 9 1193172735.0
277 9 1193173344.0
277 9 1193174122.0
277 9 1193174123.0
277 14 1193337945.0
277 14 1193340889.0
277 14 1193341070.0
277 14 1193341435.0
277 14 1193341899.0
277 14 1193343299.0
277 14 1193344737.0
277 14 1193345575.0
277 14 1193345592.0
277 14 1193345635.0
277 14 1193345666.0
277 2 1208981265.0
277 2 1208981310.0
277 2 1208981527.0
277 2 1208981919.0
277 9 1208982072.0
277 9 1208982124.0
277 9 1208982389.0
277 9 1208982475.0
277 9 1208982563.0
277 2 1242770394.0
277 16 1285328335.0
282 2 1214487625.0
282 2 1214487685.0
282 2 1214487805.0
282 2 1214487865.0
282 2 1214487925.0
282 12 1216638195.0
282 12 1216638228.0
282 12 1216638982.0
282 12 1216638999.0
282 12 1216640029.0
282 12 1216640108.0
282 12 1217006519.0
282 12 1217006537.0
282 5 1229523857.0
282 5 1229524929.0
282 5 1229524946.0
282 15 1309259196.0
282 14 1323449401.0
282 14 1323450193.0
1 2 1307830058.0
2 5 1284124033.0
3 5 1382028583.0
4 2 1365853619.0
5 10 1308397705.0
6 11 1256323953.0
7 6 1389701260.0
8 13 1109377222.0
9 17 1276454819.0
10 9 1204625301.0
12 0 1347797188.0
13 2 1329838107.0
15 18 1238672024.0
17 1 1247910761.0
18 4 1354979120.0
20 4 1214499073.0
21 2 1214768225.0
22 0 1255082982.0
24 12 1219086797.0
25 9 1316583310.0
27 7 1348649643.0
28 4 1282678119.0
29 2 1334932478.0
30 14 1237476311.0
32 3 1069350075.0
33 10 1310187194.0
36 1 1182322481.0
38 13 1342083585.0
39 12 1240661024.0
40 1 1282236726.0
41 6 904608000.0
42 2 1303735416.0
43 3 1353754782.0
44 12 1222819200.0
45 4 1370155309.0
46 3 1235068327.0
47 9 1308496447.0
48 12 1365070755.0
49 13 1264789086.0
50 2 1100200156.0
51 1 1266405222.0
52 14 1154084791.0
53 3 1270274276.0
54 12 1190634763.0
55 12 1206357618.0
56 2 1252067257.0
57 1 1330655169.0
58 14 1252924671.0
60 13 1227353028.0
61 12 1000188263.0
62 2 1216377841.0
63 2 1186242400.0
64 2 1271465020.0
66 6 1257005889.0
69 6 1222091961.0
70 9 1209374426.0
72 2 1253477844.0
73 1 1355758978.0
74 1 1234306797.0
75 9 1364200607.0
77 0 1104537600.0
79 17 1222184723.0
80 1 1359293148.0
81 2 1221396826.0
82 1 1145877825.0
83 1 1232128024.0
84 1 1277210688.0
85 13 1175892592.0
88 3 1227938358.0
89 1 1365850379.0
91 5 1233917969.0
92 1 1183164407.0
93 10 1208903007.0
94 2 1340545857.0
97 9 1252862926.0
98 13 1210278101.0
100 1 1311756378.0
101 9 1097559267.0
102 3 1373692776.0
103 5 1349749912.0
105 18 1178695917.0
106 4 1252847737.0
107 12 1118398906.0
108 6 893980800.0
109 1 1187430864.0
110 0 908802000.0
112 3 1396705694.0
114 2 1115029832.0
115 2 1344371552.0
116 14 1350725694.0
117 2 -1704153600.0
118 6 1259199102.0
119 2 1335885300.0
120 6 1263561104.0
121 15 1197096086.0
122 0 1155699304.0
123 4 1184415460.0
124 16 1266621389.0
125 18 1144954431.0
126 2 1241277489.0
128 2 1355528498.0
130 2 1165344812.0
131 12 1347633993.0
132 2 1332762759.0
133 5 1179491040.0
134 12 1310443363.0
135 24 1251557874.0
136 14 1217686511.0
137 6 1234143173.0
138 12 1203133270.0
139 10 1208965044.0
140 2 1373370878.0
142 9 1150375706.0
146 2 1278008902.0
148 12 1209046710.0
149 13 1342565933.0
150 25 1162293005.0
151 16 1335266199.0
152 1 1282827430.0
153 2 1370806054.0
154 1 1368889252.0
155 3 1290690993.0
158 16 980800765.0
159 9 1169806694.0
160 0 1304100231.0
161 10 1386076642.0
163 4 1150275712.0
164 3 1184532414.0
165 6 1220025964.0
166 5 1330284570.0
167 4 1322922816.0
168 10 1171847381.0
169 10 1372859671.0
170 13 1384703055.0
171 5 1327355882.0
172 4 1382283289.0
173 24 1263114671.0
174 6 1291136264.0
175 2 1224325703.0
176 9 1328256007.0
177 10 1304179565.0
178 6 1369827152.0
179 13 1379306720.0
180 1 1344341030.0
181 9 1373833199.0
184 3 1299283212.0
188 2 1335765950.0
189 20 1334308431.0
190 10 1353685230.0
191 12 1242277284.0
192 0 1208449861.0
193 14 1249808019.0
194 13 1159635013.0
195 0 1308145507.0
199 3 1293640317.0
201 3 1343411676.0
202 25 1203617025.0
203 4 1309009332.0
204 21 1328538819.0
205 12 1218979515.0
206 14 1340992522.0
207 1 1339160378.0
208 13 1222271966.0
211 14 1250779300.0
212 12 1219582369.0
213 3 1249295061.0
214 12 1171130065.0
215 17 1197042688.0
216 9 1305701942.0
217 1 1144447196.0
218 6 1260551805.0
219 1 1200501265.0
220 1 1275239380.0
221 9 1307391985.0
223 14 1253372878.0
224 13 1344012111.0
225 13 1074987116.0
226 18 1095421535.0
227 17 1191725378.0
228 13 1196483470.0
229 13 1222253139.0
230 2 1299867683.0
231 9 1323308353.0
233 3 1333197286.0
234 11 1189359060.0
235 1 1364667033.0
236 1 1216060221.0
237 12 1313253040.0
238 15 1190553972.0
240 1 1336000369.0
241 1 1350208668.0
243 9 1211762393.0
244 1 1172317289.0
245 21 1234128277.0
246 12 1205260049.0
247 13 1163193349.0
248 3 1266412756.0
249 1 1279015401.0
250 3 1180793024.0
251 9 1336828517.0
252 3 1339594037.0
253 9 1123148098.0
254 10 1146277571.0
256 7 1350686187.0
257 9 1281548273.0
259 2 1303903371.0
260 2 1188029210.0
261 4 1385391581.0
262 2 1287233623.0
263 3 1329241492.0
264 2 1382049804.0
265 6 1397299774.0
267 9 1372160903.0
268 18 1167857132.0
269 9 1239301639.0
270 3 1346679943.0
271 9 1206144920.0
273 5 1342619318.0
274 2 1238511141.0
275 19 1205939421.0
276 9 1245538397.0
278 1 1179308003.0
279 13 1267446570.0
280 3 1368796874.0
281 5 1382727364.0
283 9 1195221068.0
284 13 1159620851.0
285 18 1208279702.0
286 0 1339099037.0
287 10 1202049447.0
288 10 1227459389.0
289 9 1151265109.0
290 8 1253797442.0
