1 2 1307830058.0
1 7 1308395301.0
1 2 1308395312.0
4 2 1365853619.0
4 9 1365853722.0
4 9 1365853800.0
4 9 1365853979.0
4 9 1365854052.0
4 9 1365854418.0
5 10 1308397705.0
5 10 1308397749.0
5 10 1308398304.0
5 10 1308399043.0
5 10 1308402396.0
5 1 1308412102.0
5 1 1308412173.0
5 1 1308490575.0
5 1 1308497617.0
5 3 1308498069.0
5 2 1308498167.0
5 3 1315493081.0
5 3 1315493103.0
5 3 1337881728.0
5 9 1339507467.0
5 9 1339507585.0
5 9 1339507604.0
5 3 1355499831.0
5 3 1355499874.0
5 1 1355500033.0
5 1 1355500177.0
5 1 1355500307.0
5 1 1355500397.0
5 9 1370357813.0
5 9 1370357901.0
6 11 1256323953.0
6 11 1256324158.0
6 11 1256324502.0
6 11 1256329177.0
6 11 1256329279.0
6 11 1256330006.0
6 11 1256330269.0
6 11 1256330320.0
6 11 1256330388.0
6 11 1256330442.0
6 11 1256506003.0
6 11 1256506171.0
6 12 1379428236.0
6 12 1379428311.0
6 12 1379428400.0
7 6 1389701260.0
7 6 1389701268.0
7 1 1389865409.0
7 6 1389880225.0
7 6 1389880229.0
7 6 1389880267.0
7 6 1389880282.0
7 6 1389880282.0
7 6 1389880288.0
7 6 1389880288.0
7 6 1389880288.0
7 6 1389880289.0
7 6 1389880289.0
7 6 1389880302.0
7 3 1389892507.0
7 3 1389892527.0
7 6 1389892687.0
7 6 1389892695.0
7 6 1389892695.0
7 6 1389892699.0
7 6 1389892700.0
7 6 1389892707.0
7 6 1389892715.0
7 6 1389892721.0
7 6 1389892914.0
7 6 1389892915.0
7 6 1389892918.0
7 6 1389892918.0
7 12 1389894232.0
7 12 1389894244.0
7 12 1389894250.0
7 12 1389894737.0
7 12 1389894784.0
7 12 1389894798.0
7 12 1389894825.0
7 12 1389894833.0
7 12 1389894845.0
7 12 1389894869.0
7 12 1389894896.0
7 12 1389894922.0
7 12 1389894923.0
7 12 1389894927.0
7 12 1389894938.0
7 12 1389895052.0
7 12 1389895052.0
7 12 1389895075.0
7 12 1389895081.0
7 12 1389895168.0
7 12 1389895172.0
7 12 1389895250.0
7 12 1389895301.0
7 12 1389895301.0
7 12 1389895302.0
7 12 1389895345.0
7 12 1389895352.0
7 12 1389895357.0
7 12 1389895368.0
7 12 1389895374.0
7 12 1389895380.0
7 12 1389895392.0
7 12 1389895397.0
7 12 1389895398.0
7 12 1389895403.0
7 12 1389895416.0
7 12 1389895422.0
7 12 1389895451.0
7 12 1389895451.0
7 12 1389895497.0
7 12 1389895509.0
7 12 1389895534.0
7 12 1389895535.0
7 12 1389895558.0
7 12 1389895575.0
7 12 1389895588.0
7 12 1389895589.0
7 12 1389895677.0
7 12 1389895791.0
7 12 1389895791.0
7 12 1389895855.0
7 12 1389895856.0
7 12 1389895893.0
7 12 1389896005.0
7 12 1389896005.0
8 13 1109377222.0
8 13 1149567320.0
8 13 1155729920.0
8 14 1159019420.0
8 1 1159019830.0
8 10 1159020219.0
8 10 1159020390.0
8 10 1159020759.0
8 10 1159020853.0
8 10 1159021485.0
8 10 1159021504.0
8 10 1159021672.0
8 10 1159021672.0
8 10 1159021926.0
8 9 1160391057.0
8 12 1160395965.0
8 12 1160396041.0
8 12 1160397993.0
8 12 1160398059.0
8 12 1160398125.0
8 12 1160398245.0
8 12 1160398456.0
8 13 1172990126.0
8 13 1172990129.0
8 13 1172990206.0
8 13 1172990214.0
8 12 1174286654.0
8 12 1174286727.0
8 12 1174286734.0
8 14 1271719666.0
8 1 1313609194.0
8 1 1313609241.0
8 1 1313610300.0
8 1 1313610440.0
8 1 1313610491.0
8 1 1313610509.0
8 1 1313610565.0
8 1 1313610609.0
8 1 1313610679.0
8 15 1358087944.0
8 6 1358088061.0
8 6 1358088068.0
8 16 1358450175.0
8 13 1377217406.0
8 7 1396982483.0
12 0 1347797188.0
12 0 1347797225.0
12 0 1347802671.0
12 12 1347804179.0
12 12 1347804405.0
12 12 1347804501.0
12 12 1347804592.0
12 12 1347804732.0
12 12 1347805788.0
12 12 1347805825.0
12 12 1347806367.0
12 12 1347806412.0
12 12 1347807290.0
12 12 1347807407.0
12 12 1347807616.0
12 12 1347807628.0
12 12 1347807843.0
12 12 1347809203.0
12 12 1347809751.0
12 12 1347810175.0
12 12 1347810883.0
12 12 1347811922.0
12 12 1347812656.0
12 12 1347812689.0
12 12 1347812989.0
12 12 1347813348.0
12 12 1347813655.0
12 12 1347814480.0
12 12 1347814480.0
12 17 1347814720.0
12 17 1347814756.0
12 17 1347814905.0
12 17 1347814915.0
12 5 1347823348.0
12 5 1347823387.0
12 14 1347825620.0
12 0 1347825971.0
17 1 1247910761.0
17 1 1247910904.0
17 2 1247913206.0
17 2 1247913450.0
17 2 1247914458.0
17 9 1247915409.0
17 9 1247916446.0
17 9 1247916530.0
17 9 1247916728.0
17 9 1247917641.0
17 9 1247917786.0
17 7 1247921532.0
17 7 1247921674.0
17 3 1247922453.0
17 8 1247925851.0
17 8 1247925917.0
18 4 1354979120.0
18 0 1355010682.0
18 0 1355019652.0
19 6 1114022424.0
19 15 1114798636.0
19 6 1115223073.0
19 6 1115223123.0
19 9 1146516985.0
19 9 1146520441.0
19 9 1146520517.0
19 9 1146521131.0
19 9 1146521256.0
19 9 1146521291.0
19 9 1146521346.0
19 9 1146521430.0
19 9 1146523055.0
19 9 1146523330.0
19 9 1146524061.0
19 9 1146524110.0
19 9 1146524211.0
19 9 1146524257.0
19 9 1146524265.0
19 9 1146524334.0
19 9 1146524520.0
19 9 1146524634.0
19 9 1146524653.0
19 9 1150060625.0
19 9 1150060980.0
19 9 1150064871.0
19 9 1150066021.0
19 9 1150066104.0
19 9 1150066115.0
19 9 1150066196.0
19 9 1150066244.0
19 9 1150066430.0
19 9 1150066471.0
19 9 1150066615.0
19 9 1150066694.0
19 9 1150066735.0
19 9 1150066745.0
19 9 1150066788.0
19 17 1155567689.0
19 12 1155572601.0
19 12 1155572992.0
19 9 1157577507.0
19 9 1157577797.0
19 9 1157578001.0
19 9 1157578372.0
19 9 1157578884.0
19 9 1157578890.0
19 9 1157578958.0
19 9 1157579237.0
19 9 1157579254.0
19 9 1157579361.0
19 9 1157579388.0
19 9 1157580013.0
19 9 1157580321.0
19 9 1157581436.0
19 9 1157581486.0
19 15 1178021134.0
19 15 1178021195.0
19 15 1178021505.0
19 15 1178021850.0
19 15 1178023042.0
19 6 1178023490.0
19 4 1178025443.0
19 4 1178026073.0
19 4 1178026073.0
19 4 1178026086.0
19 4 1178026131.0
19 4 1178026158.0
19 4 1178026177.0
19 4 1178026191.0
19 4 1178027159.0
19 4 1178027329.0
19 4 1178027329.0
19 4 1178028373.0
19 4 1178028389.0
19 4 1178029001.0
19 4 1178029258.0
19 4 1178029271.0
19 4 1178029287.0
19 4 1178029297.0
19 4 1190417363.0
19 4 1190417460.0
19 4 1190417511.0
19 4 1190417555.0
19 4 1190417674.0
19 4 1190417690.0
19 4 1190417703.0
19 4 1190417830.0
19 4 1190417973.0
19 4 1190418161.0
19 4 1190418168.0
19 4 1190418232.0
19 4 1190434600.0
19 4 1190434649.0
19 4 1190434685.0
19 4 1190434702.0
19 4 1190434709.0
19 4 1190434713.0
19 4 1190434807.0
19 4 1190434817.0
19 4 1190434881.0
19 4 1190434899.0
19 4 1190434971.0
19 4 1190434991.0
19 4 1197367221.0
19 15 1197670857.0
19 15 1197671200.0
19 15 1197671249.0
19 15 1197671560.0
19 15 1197674669.0
19 15 1197676138.0
19 15 1197677982.0
19 15 1197678477.0
19 15 1197678516.0
19 15 1197678545.0
19 15 1197678845.0
19 4 1197682542.0
21 2 1214768225.0
21 2 1214768233.0
21 2 1214771207.0
21 2 1214771635.0
21 2 1214773795.0
21 19 1237546587.0
21 19 1237546637.0
21 19 1237546750.0
21 19 1237546803.0
21 19 1237547062.0
21 19 1237547230.0
21 19 1237547400.0
23 0 1252076157.0
23 5 1252084958.0
27 7 1348649643.0
27 7 1348649701.0
27 7 1348650052.0
27 7 1348650158.0
27 9 1348652483.0
27 2 1348652811.0
27 2 1348653509.0
27 2 1348654101.0
27 3 1348672897.0
27 1 1348673446.0
29 2 1334932478.0
29 3 1334932729.0
29 9 1359707887.0
29 2 1359709095.0
29 2 1359710711.0
29 2 1359710717.0
29 2 1359710722.0
29 2 1359712976.0
29 2 1359717087.0
29 2 1359725837.0
29 2 1359725847.0
29 2 1359725914.0
29 2 1359725973.0
29 2 1359731980.0
29 2 1359731985.0
29 2 1359735121.0
29 2 1359738607.0
30 14 1237476311.0
30 0 1237476504.0
30 0 1237476759.0
30 0 1237476783.0
30 0 1237477821.0
30 2 1237491703.0
32 3 1069350075.0
32 3 1069350127.0
32 3 1125952898.0
32 2 1251973816.0
32 21 1319887908.0
32 21 1319888627.0
36 1 1182322481.0
36 1 1182322756.0
36 7 1182323571.0
36 7 1182323716.0
37 15 1300639216.0
37 12 1300640515.0
37 1 1300644202.0
38 13 1342083585.0
38 2 1342163246.0
39 12 1240661024.0
39 17 1240661495.0
39 12 1240661716.0
39 12 1240662328.0
39 12 1240662511.0
39 12 1240662576.0
39 12 1240662767.0
39 12 1240662927.0
39 12 1240663203.0
39 12 1240663231.0
39 12 1240663381.0
39 12 1240663382.0
39 12 1240663393.0
39 12 1240663413.0
39 12 1240663499.0
39 12 1240664093.0
39 12 1240664961.0
39 12 1240664991.0
39 12 1240665032.0
39 12 1240666343.0
39 12 1240667173.0
39 12 1240671504.0
39 12 1240671518.0
39 2 1277064030.0
39 1 1285451784.0
42 2 1303735416.0
42 7 1320430724.0
42 9 1325770225.0
42 0 1336218114.0
42 0 1336222743.0
42 3 1339763935.0
42 1 1339768160.0
42 3 1342186726.0
42 3 1342186796.0
42 3 1342555023.0
42 9 1343302513.0
42 9 1343597688.0
42 3 1343668658.0
42 3 1343673271.0
42 3 1343675692.0
42 9 1343749837.0
42 9 1343750731.0
42 1 1343860437.0
42 9 1347267642.0
42 0 1349096160.0
42 0 1349096679.0
42 4 1349718004.0
42 0 1353526905.0
42 2 1356006656.0
42 2 1357821766.0
42 5 1358533201.0
42 17 1358942694.0
42 0 1361230800.0
42 12 1362252851.0
42 6 1362419869.0
42 11 1364747500.0
42 4 1366401002.0
42 21 1367311343.0
42 21 1367312327.0
42 21 1367315935.0
42 9 1367671782.0
42 7 1377803590.0
42 3 1378923945.0
42 2 1379612648.0
42 13 1381233789.0
42 9 1382305717.0
42 3 1384451346.0
42 9 1384850862.0
42 9 1385372809.0
42 1 1386350544.0
42 2 1386765692.0
42 1 1390636215.0
42 13 1392817142.0
43 3 1353754782.0
43 9 1367974487.0
43 3 1390185759.0
44 12 1222819200.0
44 12 1222819200.0
44 12 1222819200.0
44 12 1222819200.0
44 1 1225497600.0
44 6 1225497600.0
44 15 1225497600.0
44 6 1225497600.0
44 3 1225497600.0
44 3 1225497600.0
44 1 1225497600.0
44 6 1225497600.0
44 3 1225497600.0
44 3 1225497600.0
44 3 1225497600.0
44 3 1225497600.0
44 3 1225497600.0
44 3 1225497600.0
44 3 1225497600.0
44 1 1225497600.0
44 3 1225497600.0
44 17 1230768000.0
44 19 1238544000.0
44 12 1254355200.0
44 12 1257033600.0
44 3 1257033600.0
44 2 1257033600.0
44 3 1257033600.0
44 3 1257033600.0
44 3 1257033600.0
44 3 1257033600.0
44 3 1257033600.0
44 12 1257033600.0
44 12 1257033600.0
44 12 1257033600.0
44 3 1257033600.0
44 3 1257033600.0
44 3 1257033600.0
44 2 1257033600.0
44 12 1259415884.0
44 17 1259625600.0
44 12 1259625600.0
44 12 1259625600.0
44 12 1260635910.0
44 19 1262304000.0
44 19 1262304000.0
44 19 1262304000.0
44 19 1262304000.0
44 12 1262304000.0
44 21 1264982400.0
44 21 1264982400.0
44 21 1264982400.0
44 17 1264982400.0
44 21 1264982400.0
44 21 1264982400.0
44 21 1264982400.0
44 17 1264982400.0
44 17 1264982400.0
44 21 1264982400.0
44 21 1264982400.0
44 17 1264982400.0
44 17 1264982400.0
44 12 1267401600.0
44 12 1270080000.0
44 12 1270080000.0
44 12 1270080000.0
44 12 1270080000.0
44 12 1270080000.0
44 6 1272672000.0
44 19 1272672000.0
44 0 1275350400.0
44 0 1275350400.0
44 0 1276346617.0
44 0 1276346798.0
44 19 1285891200.0
44 12 1285891200.0
44 12 1285891200.0
44 12 1285891200.0
44 20 1285891200.0
44 19 1285891200.0
44 19 1285891200.0
44 12 1291161600.0
44 12 1291161600.0
44 12 1291161600.0
44 17 1291161600.0
44 17 1291161600.0
44 12 1291161600.0
44 4 1291161600.0
44 12 1291161600.0
44 4 1291161600.0
44 6 1292170809.0
44 1 1293840000.0
44 1 1293840000.0
44 1 1293840000.0
44 1 1293840000.0
44 1 1293840000.0
44 1 1293840000.0
44 1 1293840000.0
44 1 1293840000.0
44 1 1293840000.0
44 1 1293840000.0
44 1 1293840000.0
44 1 1293840000.0
44 1 1293840000.0
44 1 1293840000.0
44 1 1293840000.0
44 1 1293840000.0
44 1 1293840000.0
44 1 1293840000.0
44 1 1293840000.0
44 1 1293840000.0
44 1 1293840000.0
44 1 1293840000.0
44 5 1293840000.0
44 1 1293840000.0
44 1 1293840000.0
44 1 1293840000.0
44 1 1293840000.0
44 1 1293840000.0
44 1 1293840000.0
44 1 1293840000.0
44 1 1293840000.0
44 1 1293840000.0
44 1 1293840000.0
44 1 1293840000.0
44 1 1293840000.0
44 1 1293840000.0
44 1 1293840000.0
44 1 1293840000.0
44 1 1293840000.0
44 1 1293840000.0
44 1 1293840000.0
44 1 1293840000.0
44 1 1293840000.0
44 1 1293840000.0
44 1 1293840000.0
44 1 1293840000.0
44 1 1293840000.0
44 1 1293840000.0
44 1 1293840000.0
44 1 1293840000.0
44 1 1293840000.0
44 1 1293840000.0
44 1 1293840000.0
44 1 1293840000.0
44 1 1293840000.0
44 1 1293840000.0
44 1 1293840000.0
44 1 1293840000.0
44 1 1296136148.0
44 1 1296146024.0
44 9 1304208000.0
44 3 1322697600.0
44 3 1322697600.0
44 16 1325376000.0
44 16 1333238400.0
44 9 1356998400.0
44 0 1396372772.0
44 0 1396372855.0
44 0 1396373747.0
44 0 1396376684.0
44 0 1396380914.0
44 0 1396381529.0
44 0 1396392640.0
44 0 1397417485.0
47 9 1308496447.0
47 3 1308496530.0
47 1 1308496640.0
48 12 1365070755.0
48 12 1365070810.0
48 12 1365070978.0
48 0 1365226639.0
50 2 1100200156.0
50 2 1100200158.0
50 2 1133886088.0
50 2 1133886096.0
50 5 1135627861.0
50 9 1137009737.0
50 9 1137009737.0
50 10 1138358174.0
50 10 1138974489.0
50 2 1150524634.0
50 2 1150524634.0
50 2 1150524680.0
50 2 1150524680.0
50 2 1150524842.0
50 2 1150524868.0
50 2 1150524923.0
50 2 1150524931.0
50 2 1150525378.0
50 2 1150525472.0
50 2 1150525563.0
50 2 1150526178.0
50 2 1150526281.0
50 2 1150526363.0
50 9 1166588519.0
50 9 1166588519.0
50 17 1182151134.0
50 10 1200009929.0
50 10 1200036572.0
50 16 1201482461.0
50 10 1202807531.0
50 10 1204191451.0
50 10 1204191471.0
50 10 1205753255.0
50 3 1220121641.0
50 9 1221348132.0
50 9 1221352763.0
50 9 1221352847.0
50 9 1221358609.0
50 9 1221358764.0
50 12 1262527950.0
51 1 1266405222.0
51 6 1332848956.0
51 6 1332848969.0
51 6 1332854450.0
51 6 1332854612.0
51 6 1349697020.0
51 6 1349697079.0
51 10 1394206361.0
51 10 1394208118.0
51 3 1394365015.0
51 3 1394365387.0
52 14 1154084791.0
52 0 1154087696.0
52 12 1185455380.0
52 13 1185462984.0
52 1 1185480643.0
56 2 1252067257.0
56 2 1252067589.0
56 9 1252067946.0
57 1 1330655169.0
57 5 1331481503.0
57 5 1336117486.0
59 10 1351488505.0
59 10 1351488850.0
59 10 1351488962.0
59 10 1351488982.0
59 10 1351489075.0
59 10 1351489168.0
59 10 1351489170.0
59 10 1351489317.0
59 10 1351489319.0
59 10 1351489425.0
59 10 1351490370.0
59 10 1351490496.0
59 10 1351490920.0
59 1 1351496769.0
59 1 1351499788.0
59 1 1351500092.0
59 1 1351500320.0
59 1 1351500360.0
59 10 1351508531.0
59 10 1351508655.0
59 10 1351508662.0
59 10 1351508686.0
59 5 1351513365.0
61 12 1000188263.0
61 12 1000188827.0
61 12 1000188913.0
61 1 1000191473.0
61 1 1000191595.0
61 1 1000200297.0
62 2 1216377841.0
62 3 1216452669.0
62 3 1216452753.0
62 3 1216452793.0
62 1 1216453298.0
62 1 1216453407.0
62 0 1216477592.0
62 0 1216478181.0
62 0 1216481528.0
62 0 1216481672.0
62 0 1216484133.0
62 0 1216484560.0
64 2 1271465020.0
64 2 1271465027.0
64 2 1271465061.0
64 4 1301676017.0
64 3 1365194693.0
65 5 1216464315.0
65 12 1218381795.0
65 12 1218382669.0
65 12 1220193315.0
65 12 1220194787.0
67 14 1041429607.0
67 14 1041480846.0
67 14 1041480846.0
67 14 1041480846.0
67 14 1041480846.0
67 14 1041480846.0
67 14 1041480846.0
67 1 1041489547.0
67 1 1041490727.0
67 1 1041493644.0
67 1 1041493668.0
67 14 1168538400.0
69 6 1222091961.0
69 1 1233342885.0
73 1 1355758978.0
73 3 1355759738.0
73 16 1357295458.0
73 16 1357748439.0
73 10 1364914589.0
73 10 1364914673.0
73 10 1364914715.0
73 10 1364916066.0
73 10 1364916998.0
73 10 1364917058.0
73 10 1364917221.0
73 3 1384881290.0
76 5 1315056564.0
76 9 1316274607.0
80 1 1359293148.0
80 3 1359293556.0
88 3 1227938358.0
88 3 1227938391.0
88 2 1227938420.0
88 3 1227938448.0
88 3 1227938477.0
88 3 1227938506.0
88 3 1227938535.0
88 3 1227938626.0
88 1 1227938657.0
88 1 1227938713.0
90 1 1234267176.0
90 1 1234277355.0
90 9 1249057833.0
90 9 1249060026.0
90 9 1249060874.0
90 9 1249061047.0
91 5 1233917969.0
91 5 1233926364.0
91 5 1233926460.0
91 5 1233926812.0
91 5 1233926896.0
91 5 1233927216.0
91 5 1233928227.0
91 5 1233928588.0
91 5 1233929365.0
91 5 1233931421.0
91 5 1233931446.0
91 5 1233931518.0
91 5 1233931671.0
91 2 1381332259.0
91 2 1381332301.0
91 15 1382383794.0
92 1 1183164407.0
92 1 1183169473.0
92 2 1240792519.0
92 2 1303224519.0
92 7 1375721227.0
92 7 1375723925.0
92 7 1375735239.0
92 7 1375735252.0
92 7 1375739407.0
93 10 1208903007.0
93 10 1208903054.0
93 16 1279450925.0
93 0 1333399235.0
95 1 1120176019.0
95 1 1120176022.0
95 1 1120176023.0
95 1 1120176031.0
95 1 1120176039.0
95 1 1120176043.0
95 1 1120176065.0
95 1 1120176070.0
95 1 1120176102.0
95 1 1120176129.0
95 1 1120176149.0
95 1 1120176185.0
95 3 1151804589.0
95 1 1151804591.0
95 1 1192725783.0
95 1 1192726238.0
95 1 1196026534.0
95 1 1196026724.0
95 1 1196026892.0
95 1 1196026906.0
95 1 1196027111.0
95 3 1204991272.0
96 2 1388010079.0
96 3 1388011446.0
98 13 1210278101.0
98 13 1210278877.0
98 13 1210279424.0
98 13 1210279448.0
98 13 1210279506.0
98 13 1210279701.0
98 13 1210279778.0
98 13 1210279806.0
98 13 1210281010.0
98 13 1210281082.0
98 13 1210281233.0
98 13 1210281292.0
98 13 1210281345.0
98 13 1210281661.0
98 13 1210282480.0
98 13 1210282510.0
98 14 1225470219.0
98 14 1227722435.0
98 13 1248533439.0
98 13 1248533908.0
98 13 1248533918.0
98 13 1248534007.0
98 13 1248536507.0
98 13 1248536941.0
101 9 1097559267.0
101 2 1097559281.0
101 14 1097559353.0
101 9 1105871691.0
101 9 1105871698.0
101 9 1105871702.0
101 14 1105871707.0
101 9 1105871726.0
101 5 1105871732.0
101 15 1105875112.0
101 14 1143799775.0
101 4 1158335115.0
101 4 1158335401.0
101 3 1163872318.0
101 4 1185634255.0
102 3 1373692776.0
102 3 1373704823.0
102 9 1373727704.0
104 4 1369435424.0
104 3 1369478476.0
104 3 1370198223.0
107 12 1118398906.0
107 2 1121439611.0
107 9 1121827515.0
107 0 1136073354.0
107 0 1155841773.0
107 0 1155841859.0
107 9 1157922586.0
112 3 1396705694.0
112 3 1396705867.0
112 2 1396705965.0
112 2 1396705980.0
112 2 1396705986.0
112 9 1396706237.0
112 9 1396706265.0
112 9 1396706270.0
112 12 1396712530.0
112 12 1396712549.0
112 15 1396712936.0
112 15 1396712959.0
112 15 1396712972.0
112 15 1396712992.0
112 15 1396713003.0
112 15 1396713021.0
112 15 1396713040.0
112 15 1396713054.0
112 15 1396713064.0
112 15 1396713131.0
112 15 1396713210.0
112 15 1396713216.0
112 15 1396713229.0
112 15 1396713274.0
112 15 1396713290.0
112 15 1396713326.0
112 15 1396713343.0
112 15 1396713350.0
112 15 1396713366.0
112 6 1396713405.0
112 6 1396713414.0
112 6 1396713441.0
112 6 1396713457.0
112 6 1396713497.0
112 6 1396713517.0
112 6 1396713548.0
112 6 1396713567.0
112 6 1396713684.0
112 6 1396713708.0
112 6 1396713746.0
112 6 1396713776.0
112 6 1396713832.0
112 6 1396713869.0
112 6 1396713895.0
112 6 1396713971.0
112 6 1396714005.0
112 6 1396714026.0
112 6 1396714060.0
112 6 1396714105.0
112 6 1396714157.0
112 6 1396714193.0
112 6 1396714248.0
112 6 1396714270.0
112 6 1396714291.0
112 6 1396714308.0
112 6 1396714340.0
112 6 1396714367.0
112 6 1396714373.0
112 6 1396714376.0
112 6 1396714502.0
112 6 1396714536.0
112 6 1396714603.0
112 6 1396714631.0
112 6 1396714654.0
112 6 1396714740.0
112 6 1396714770.0
112 6 1396714801.0
112 6 1396714865.0
112 6 1396714925.0
112 6 1396714988.0
112 6 1396715155.0
112 6 1396715272.0
112 6 1396715301.0
112 6 1396715328.0
112 6 1396715347.0
112 6 1396715368.0
112 6 1396715432.0
112 6 1396715457.0
112 6 1396715460.0
112 6 1396715465.0
112 6 1396715523.0
112 6 1396715532.0
112 6 1396715546.0
112 6 1396715598.0
112 6 1396715616.0
112 6 1396715637.0
112 6 1396715717.0
112 6 1396715724.0
112 6 1396715747.0
112 6 1396715760.0
112 6 1396715805.0
112 6 1396715835.0
112 4 1396716078.0
112 18 1396790006.0
112 18 1396790010.0
112 18 1396790020.0
112 18 1396790025.0
112 18 1396790201.0
112 18 1396790249.0
112 18 1396790347.0
112 18 1396790377.0
112 18 1396790383.0
112 2 1396792963.0
112 2 1396792969.0
112 1 1396800637.0
112 1 1396800667.0
112 1 1396800788.0
112 1 1396800791.0
112 1 1396800803.0
112 2 1396800889.0
112 2 1396803648.0
112 2 1396803661.0
114 2 1115029832.0
114 4 1118293806.0
114 3 1119792730.0
114 10 1121771353.0
114 17 1138379205.0
114 1 1165518366.0
114 1 1165519268.0
114 1 1165519754.0
114 3 1177850338.0
114 3 1177850391.0
114 3 1177850498.0
114 3 1177850524.0
114 3 1177850552.0
114 10 1212152255.0
114 10 1212152439.0
114 10 1212153500.0
114 21 1215693856.0
114 21 1215694502.0
114 10 1215778813.0
114 10 1215778827.0
114 10 1215778840.0
114 1 1216126555.0
114 1 1219320502.0
114 1 1225715281.0
114 5 1225889650.0
114 5 1225889651.0
114 5 1225889652.0
114 5 1225889653.0
114 11 1227271112.0
114 11 1227271118.0
114 11 1227271126.0
114 2 1228334383.0
114 2 1228334388.0
114 13 1228334483.0
114 2 1262443975.0
114 10 1262785967.0
114 10 1262785976.0
114 10 1262785984.0
114 10 1262785992.0
114 10 1262786000.0
114 10 1262786008.0
114 10 1262786016.0
114 10 1262786024.0
114 10 1262786032.0
114 10 1262786039.0
114 10 1262786047.0
114 10 1262786055.0
114 10 1262786063.0
114 10 1262786071.0
114 10 1262786080.0
114 10 1262786089.0
114 10 1262786097.0
114 10 1262786108.0
114 10 1262786120.0
114 10 1262786128.0
114 10 1262786142.0
114 10 1262786150.0
114 10 1262786159.0
114 10 1262786174.0
114 10 1262786191.0
114 10 1262786196.0
114 10 1262786205.0
114 10 1262786214.0
114 10 1262786224.0
114 10 1262786231.0
114 10 1262786239.0
114 10 1262786247.0
114 10 1262786255.0
114 10 1262786263.0
114 10 1262786271.0
114 10 1262786280.0
114 10 1262786290.0
114 14 1268937499.0
114 14 1268937508.0
114 7 1270217647.0
114 12 1270934002.0
114 12 1270934024.0
114 17 1270934049.0
114 17 1270934070.0
114 17 1270934094.0
114 17 1270934115.0
114 17 1270934134.0
114 17 1270934148.0
114 17 1270934163.0
114 17 1270934193.0
114 17 1270934206.0
114 17 1270934223.0
114 17 1270934242.0
114 17 1270934281.0
114 7 1271846240.0
114 7 1271846445.0
114 9 1272211755.0
114 12 1272891006.0
114 12 1272891009.0
114 9 1287757401.0
114 7 1293009573.0
114 7 1297241859.0
114 14 1299038454.0
114 8 1301029046.0
114 7 1301107984.0
114 18 1302236252.0
114 0 1307803432.0
118 6 1259199102.0
118 6 1270120824.0
118 6 1270120860.0
118 17 1304021188.0
121 15 1197096086.0
121 15 1197096149.0
121 15 1197101403.0
121 19 1202564894.0
121 19 1202565397.0
121 12 1209297017.0
121 12 1209297182.0
121 10 1209300417.0
121 10 1209300453.0
121 10 1209301021.0
121 10 1209301533.0
121 10 1209301556.0
121 5 1209309281.0
121 5 1209309410.0
121 5 1209309470.0
122 0 1155699304.0
122 0 1155699355.0
122 0 1155699397.0
122 9 1155706479.0
122 2 1155707141.0
122 2 1155707209.0
122 2 1155708582.0
122 2 1155712556.0
122 2 1155712639.0
122 2 1155713834.0
122 2 1155713850.0
122 2 1155713867.0
122 9 1155714791.0
122 15 1155718486.0
122 15 1155718677.0
122 15 1155718720.0
122 15 1155718792.0
124 16 1266621389.0
124 16 1266621399.0
124 1 1266622012.0
124 1 1266622023.0
124 16 1266636726.0
124 16 1269656317.0
124 16 1275325078.0
124 16 1275325092.0
124 16 1275325103.0
124 16 1275325156.0
124 16 1275325167.0
124 16 1275334136.0
124 16 1275334145.0
124 16 1275358451.0
124 16 1282258600.0
124 16 1282258706.0
125 18 1144954431.0
125 13 1145059643.0
125 13 1158885997.0
125 13 1158886046.0
126 2 1241277489.0
126 2 1241277880.0
126 0 1241279626.0
127 1 1293124228.0
127 1 1293124306.0
127 1 1293124512.0
127 1 1293124544.0
127 2 1293126041.0
127 1 1296138176.0
127 1 1296138240.0
127 1 1296138276.0
127 1 1296138288.0
127 1 1296138332.0
127 1 1296138340.0
127 1 1296138388.0
127 1 1296138400.0
127 1 1296138408.0
127 1 1296138430.0
127 1 1296138438.0
127 1 1296138468.0
127 1 1296138560.0
127 1 1296138614.0
127 1 1296139294.0
127 1 1296139396.0
127 1 1296139444.0
127 1 1296139454.0
127 1 1296139492.0
127 1 1296139510.0
127 1 1296139524.0
127 1 1296139536.0
127 1 1296139552.0
127 1 1296139598.0
127 1 1296139656.0
127 1 1296139666.0
127 1 1296139742.0
127 1 1296139746.0
127 1 1296139750.0
127 1 1296139790.0
127 1 1296139864.0
127 1 1296139914.0
127 1 1296139926.0
127 1 1296140042.0
127 1 1296140106.0
127 1 1296146224.0
127 1 1296146240.0
127 1 1296146254.0
127 1 1296146340.0
127 1 1296146384.0
127 1 1296146446.0
127 1 1296146456.0
127 1 1296146480.0
127 1 1296146524.0
127 1 1296146530.0
127 1 1296150640.0
127 1 1296150642.0
127 1 1296150984.0
127 1 1296150986.0
127 1 1296151284.0
127 1 1296151290.0
130 2 1165344812.0
130 16 1169486025.0
130 1 1170160308.0
130 16 1170411019.0
130 3 1170764486.0
130 3 1171050664.0
130 7 1172598497.0
130 16 1175511438.0
130 16 1232701797.0
133 5 1179491040.0
133 5 1179491068.0
133 14 1179510205.0
136 14 1217686511.0
136 12 1244116880.0
136 12 1244117148.0
137 6 1234143173.0
137 4 1238955684.0
137 4 1238955731.0
137 6 1267381003.0
137 6 1269196356.0
137 15 1273207545.0
137 15 1273207706.0
137 15 1273207756.0
137 15 1273207897.0
137 15 1273207922.0
137 15 1273207977.0
137 15 1273208089.0
137 15 1273208152.0
137 15 1273208190.0
137 15 1273208422.0
137 15 1273208458.0
137 15 1273208503.0
137 15 1273208563.0
137 15 1273208609.0
137 15 1273210400.0
137 15 1273210409.0
137 15 1273210505.0
137 15 1273210720.0
137 15 1273210764.0
137 2 1276354896.0
137 2 1276354963.0
137 2 1276354987.0
137 2 1276355143.0
137 2 1276355334.0
137 2 1276356802.0
137 2 1276356824.0
137 6 1286328077.0
137 6 1287579867.0
137 0 1288401139.0
137 0 1288497343.0
137 0 1288497357.0
137 17 1294593887.0
137 7 1295655583.0
137 7 1295655617.0
137 7 1295655704.0
137 7 1295656526.0
137 7 1295661865.0
137 7 1295662864.0
137 15 1295894834.0
137 0 1299280862.0
137 2 1318124753.0
137 2 1318124784.0
137 2 1318124808.0
137 2 1318125368.0
137 2 1318125472.0
137 2 1327173786.0
137 7 1329439820.0
137 7 1329441493.0
137 7 1329442189.0
137 7 1329442235.0
137 7 1329442620.0
137 7 1329718259.0
137 4 1331398087.0
137 6 1332799752.0
137 6 1332799856.0
138 12 1203133270.0
138 12 1203133715.0
138 12 1203133743.0
138 12 1203137658.0
138 6 1203139495.0
138 6 1203139630.0
138 6 1203139675.0
138 6 1203139811.0
138 6 1203139945.0
138 6 1203140013.0
138 15 1203140154.0
138 1 1210870424.0
139 10 1208965044.0
139 10 1208966687.0
139 10 1208967010.0
139 3 1209028565.0
139 12 1209036390.0
139 12 1209036533.0
139 12 1209036893.0
139 12 1209036969.0
139 12 1209038183.0
139 12 1209038560.0
139 12 1209038679.0
139 12 1209039467.0
139 12 1209041827.0
139 9 1209074821.0
139 9 1209189135.0
142 9 1150375706.0
142 0 1169561454.0
142 0 1223585768.0
142 0 1223588057.0
142 12 1229033346.0
142 1 1231083637.0
142 2 1244744776.0
142 5 1245083459.0
142 5 1245083699.0
142 7 1279375420.0
142 3 1296856594.0
142 14 1316458865.0
142 5 1324144673.0
142 1 1324154782.0
142 9 1324245654.0
142 2 1324492407.0
142 9 1340906389.0
142 14 1342218073.0
142 2 1343071687.0
142 14 1343329155.0
142 12 1347652510.0
142 4 1352401296.0
142 13 1352581909.0
142 5 1352920027.0
142 12 1355568883.0
142 1 1355778613.0
142 3 1356202204.0
142 9 1357002449.0
142 12 1358550585.0
142 0 1358694600.0
142 0 1358698309.0
142 0 1359217646.0
142 0 1359227950.0
142 12 1360965417.0
142 14 1372976085.0
142 6 1376566762.0
142 0 1378236156.0
142 7 1378756711.0
142 12 1397836621.0
143 2 1370594378.0
143 14 1370619974.0
143 1 1370668610.0
143 10 1395819581.0
143 14 1395829972.0
143 1 1395830395.0
143 12 1395837920.0
143 12 1395838841.0
143 12 1395839464.0
144 18 1314569803.0
144 7 1314613435.0
148 12 1209046710.0
148 12 1209047058.0
148 17 1209050184.0
148 17 1209050522.0
149 13 1342565933.0
149 12 1345481512.0
149 12 1345481868.0
149 12 1345481905.0
149 12 1345481916.0
149 17 1345484196.0
149 4 1348327677.0
149 4 1348327740.0
149 15 1354207800.0
149 12 1354208397.0
149 14 1370698593.0
149 17 1370790603.0
150 25 1162293005.0
150 1 1162908224.0
150 9 1210800922.0
152 1 1282827430.0
152 1 1282827501.0
152 5 1282827611.0
152 12 1282830036.0
152 1 1341223903.0
152 1 1341223922.0
152 1 1341224005.0
152 1 1341226520.0
152 1 1341226529.0
152 1 1341226538.0
152 1 1341226578.0
152 1 1341226588.0
152 1 1341226598.0
152 1 1341231049.0
152 1 1341231262.0
152 1 1341232230.0
152 1 1341232245.0
152 1 1341232301.0
152 1 1341233527.0
152 1 1341233764.0
152 1 1341233824.0
152 1 1356350500.0
156 1 1228225550.0
156 1 1228226968.0
156 1 1228227018.0
156 1 1228227050.0
156 5 1281880975.0
156 0 1289651706.0
156 3 1313607542.0
160 0 1304100231.0
160 7 1304100399.0
160 14 1304107266.0
160 7 1304107884.0
160 7 1304107985.0
160 0 1304109658.0
160 0 1304109787.0
160 0 1304109898.0
161 10 1386076642.0
161 2 1386086359.0
164 3 1184532414.0
164 1 1184532856.0
164 1 1184533062.0
165 6 1220025964.0
165 6 1220026047.0
165 6 1220026111.0
165 6 1220026118.0
165 6 1220026142.0
165 6 1220026146.0
165 6 1220026164.0
165 6 1220026200.0
165 6 1220026281.0
165 6 1220026395.0
165 6 1220026443.0
165 6 1220026501.0
165 6 1220026693.0
165 6 1220026727.0
165 6 1220026736.0
165 6 1220026774.0
165 6 1220026784.0
165 6 1220026844.0
165 6 1220027121.0
165 6 1220027241.0
165 6 1220027257.0
165 6 1220027357.0
165 6 1220027386.0
165 6 1220027412.0
165 6 1252888204.0
165 13 1292785171.0
165 13 1292785290.0
165 1 1314109893.0
165 1 1314109899.0
165 1 1314109921.0
165 1 1314109938.0
165 1 1314109945.0
165 1 1314109954.0
165 1 1314109963.0
165 1 1314110021.0
165 1 1314110047.0
165 1 1314110260.0
165 1 1314110435.0
165 1 1314110492.0
165 1 1314110500.0
165 1 1314110535.0
165 1 1314110595.0
165 1 1314110614.0
165 6 1325769898.0
165 6 1325769912.0
165 6 1325769977.0
165 6 1379689896.0
166 5 1330284570.0
166 5 1330284693.0
166 7 1335616283.0
166 7 1335618361.0
166 7 1341061786.0
166 7 1341061802.0
166 7 1341061832.0
166 7 1341061864.0
166 7 1341061884.0
166 7 1341061938.0
166 7 1341061991.0
166 7 1341062090.0
166 7 1341062123.0
166 7 1341062211.0
166 7 1341062248.0
166 7 1341062280.0
166 7 1341062414.0
166 7 1341062509.0
166 7 1341062520.0
166 7 1341062727.0
166 7 1341067137.0
166 7 1341067156.0
166 7 1341067181.0
166 7 1341067286.0
166 7 1341067318.0
166 7 1341067371.0
166 7 1341067828.0
166 7 1341067838.0
166 7 1341067879.0
166 7 1341067949.0
166 7 1341068021.0
166 7 1341068082.0
166 7 1341068100.0
166 7 1341068147.0
166 1 1341072726.0
166 1 1341072726.0
166 1 1341072728.0
166 1 1341072728.0
166 5 1344356086.0
166 5 1344356575.0
166 5 1344356623.0
166 14 1344359896.0
166 7 1344361261.0
166 7 1344361327.0
166 7 1344361352.0
166 7 1344361375.0
166 7 1344361437.0
166 7 1344361541.0
166 7 1344361607.0
166 2 1344361647.0
166 7 1344361713.0
166 7 1344361806.0
166 9 1344362190.0
166 9 1344362205.0
166 14 1356896242.0
166 9 1361707661.0
170 13 1384703055.0
170 17 1384715448.0
171 5 1327355882.0
171 9 1327447777.0
171 9 1327448017.0
172 4 1382283289.0
172 10 1384685323.0
172 10 1384686002.0
172 10 1384686010.0
172 10 1384687868.0
173 24 1263114671.0
173 1 1264858116.0
173 3 1264861392.0
173 1 1266054243.0
173 4 1272880844.0
173 4 1273256570.0
177 10 1304179565.0
177 5 1304185831.0
184 3 1299283212.0
184 21 1336953604.0
184 21 1336953605.0
184 21 1336953606.0
184 21 1336953609.0
185 21 1299172818.0
185 12 1311324930.0
185 12 1311324973.0
185 10 1330789957.0
185 10 1330791510.0
185 10 1330792125.0
185 19 1331820573.0
186 13 1183983289.0
186 7 1184084552.0
187 1 1035452153.0
187 1 1035452174.0
187 1 1035452220.0
187 1 1035464353.0
187 1 1035464390.0
187 1 1035464451.0
187 1 1035464464.0
187 1 1035464487.0
187 1 1035466720.0
187 1 1035540811.0
187 1 1035540867.0
187 1 1035540873.0
187 1 1035540913.0
187 1 1035558556.0
187 1 1035558568.0
187 1 1035558573.0
187 1 1035558628.0
187 1 1035558698.0
187 1 1035558792.0
187 1 1035558805.0
187 1 1035558814.0
187 1 1035558819.0
187 1 1035558834.0
187 1 1035558955.0
187 1 1194775825.0
187 13 1194799433.0
187 13 1194799443.0
187 13 1194799467.0
187 13 1194799664.0
187 13 1194799700.0
187 13 1194799707.0
187 13 1194799714.0
187 13 1194799723.0
187 13 1194799732.0
187 13 1194799742.0
187 13 1194799781.0
187 13 1194799789.0
187 13 1194799794.0
187 13 1194799851.0
187 13 1194799858.0
187 13 1194799865.0
187 13 1194799873.0
187 13 1194799917.0
187 13 1194799939.0
187 13 1194799972.0
187 13 1194800228.0
187 1 1194881347.0
187 1 1194881994.0
187 1 1194882058.0
187 1 1194882076.0
187 1 1194882093.0
187 1 1194882223.0
187 1 1194882370.0
187 1 1194882375.0
187 1 1194882543.0
187 1 1194882574.0
187 1 1194882588.0
187 1 1194882597.0
187 1 1194882603.0
187 1 1194882611.0
187 1 1194883252.0
187 1 1194883258.0
187 1 1194883264.0
187 1 1194883271.0
187 1 1194883368.0
189 20 1334308431.0
189 20 1334326021.0
189 20 1334396619.0
189 10 1334571193.0
189 10 1334571333.0
189 1 1335117544.0
190 10 1353685230.0
190 9 1353687937.0
190 9 1353687937.0
190 9 1353687940.0
190 9 1353687940.0
190 0 1353692416.0
190 0 1353692416.0
191 12 1242277284.0
191 12 1242277979.0
191 12 1242278081.0
191 12 1242281775.0
191 4 1242283764.0
192 0 1208449861.0
192 12 1210073511.0
192 12 1210073626.0
193 14 1249808019.0
193 4 1249840777.0
194 13 1159635013.0
194 17 1159639835.0
194 12 1159640442.0
195 0 1308145507.0
195 10 1347709007.0
195 10 1347709629.0
195 10 1347709786.0
195 10 1347710195.0
195 6 1353157859.0
195 6 1353157961.0
195 6 1353158420.0
195 6 1353159069.0
195 6 1353159218.0
195 6 1353159535.0
195 6 1353159938.0
195 6 1353160464.0
195 17 1369482749.0
195 12 1369484444.0
197 12 1170167667.0
197 4 1175698301.0
197 9 1175698348.0
197 12 1217515383.0
197 17 1251904260.0
197 17 1251904410.0
197 6 1251905319.0
197 6 1251905496.0
198 17 1219846371.0
198 12 1219848527.0
198 12 1219848537.0
198 12 1243080640.0
198 12 1243080675.0
198 12 1243080691.0
198 12 1243080698.0
198 12 1243080749.0
198 12 1243080758.0
198 12 1243080831.0
198 12 1243080844.0
198 12 1243080886.0
198 12 1243080903.0
198 12 1243080968.0
198 12 1243080987.0
198 12 1243081027.0
198 12 1243081047.0
198 12 1243081180.0
198 12 1243081189.0
198 12 1243081206.0
198 12 1243081213.0
198 12 1243081234.0
198 12 1243081244.0
198 12 1243081338.0
198 12 1243081349.0
198 12 1243083741.0
198 12 1243083753.0
198 12 1243083761.0
198 12 1243083776.0
198 12 1243083794.0
198 12 1243083878.0
198 12 1243083899.0
198 12 1243083920.0
198 12 1243083932.0
198 12 1243083975.0
198 12 1243084003.0
198 12 1243084020.0
198 12 1243084029.0
198 12 1243084047.0
198 12 1243084051.0
198 12 1243084061.0
198 12 1243084073.0
198 12 1243084085.0
198 12 1243084101.0
198 12 1243084132.0
198 12 1243084147.0
198 12 1243084165.0
198 12 1243084179.0
198 12 1243084193.0
198 12 1243084224.0
198 12 1243084242.0
198 12 1243084254.0
198 12 1243084270.0
198 12 1243084283.0
198 12 1243084300.0
198 12 1243084317.0
198 12 1243084330.0
198 12 1243084346.0
198 12 1243084410.0
198 12 1243084427.0
198 12 1243084467.0
198 12 1243084476.0
198 12 1243084492.0
198 12 1243084512.0
198 12 1243084532.0
198 12 1243084561.0
198 12 1243084574.0
198 12 1243084578.0
198 12 1243084590.0
198 12 1243084597.0
198 12 1243084610.0
198 12 1243084627.0
198 12 1243084642.0
198 12 1243084726.0
198 12 1243084765.0
198 12 1243084786.0
198 12 1243084798.0
198 12 1243084983.0
198 12 1243085001.0
198 12 1243085039.0
198 12 1243085052.0
198 12 1243085062.0
198 12 1243085075.0
198 12 1243085082.0
198 12 1243085098.0
198 12 1243085107.0
198 12 1243085135.0
198 12 1243085143.0
198 12 1243085181.0
198 12 1243085193.0
198 12 1243085208.0
198 12 1243085223.0
198 12 1243085243.0
198 12 1243085273.0
198 12 1243085300.0
198 12 1243085322.0
198 12 1243085332.0
198 12 1243085365.0
198 12 1243085403.0
198 12 1243085432.0
198 12 1243085481.0
198 12 1243085489.0
198 12 1243085518.0
198 12 1243085570.0
198 12 1243085589.0
198 12 1243085698.0
198 12 1243085706.0
198 12 1243085737.0
198 12 1243085802.0
198 12 1243085839.0
198 12 1243085864.0
198 12 1243085995.0
198 12 1243086010.0
198 12 1243086016.0
198 12 1243086046.0
198 12 1243086056.0
198 12 1243086099.0
198 12 1243086130.0
198 12 1243086165.0
198 12 1243086203.0
198 12 1243086225.0
198 12 1243086283.0
198 12 1243086314.0
198 12 1243086323.0
198 12 1243086378.0
198 12 1243086390.0
198 12 1243086406.0
198 12 1243086439.0
198 12 1243086608.0
198 12 1243086625.0
198 12 1243086669.0
198 12 1243086673.0
198 12 1243086702.0
198 12 1243086706.0
202 25 1203617025.0
202 25 1203617043.0
202 25 1203617065.0
202 25 1203619631.0
202 3 1203621069.0
202 3 1203621085.0
202 3 1203621134.0
202 3 1203621145.0
202 2 1203621216.0
202 13 1204460866.0
202 13 1204460960.0
202 13 1206166989.0
202 3 1227035609.0
202 25 1267401600.0
202 25 1267401600.0
202 25 1267401600.0
202 25 1267401600.0
202 25 1267401600.0
202 25 1267401600.0
202 25 1267401600.0
202 25 1267401600.0
202 25 1267401600.0
202 25 1267401600.0
202 25 1267401600.0
202 25 1267401600.0
202 25 1267401600.0
202 25 1267401600.0
202 25 1267401600.0
202 25 1267401600.0
202 25 1267401600.0
202 25 1267401600.0
202 25 1267401600.0
202 25 1267401600.0
202 25 1267401600.0
202 25 1267401600.0
202 25 1267401600.0
202 25 1267401600.0
202 25 1267401600.0
202 25 1267401600.0
202 25 1267401600.0
202 25 1267401600.0
202 25 1267401600.0
202 25 1285247761.0
202 25 1285329004.0
202 25 1285329009.0
202 25 1285329018.0
202 25 1285329024.0
202 25 1285329028.0
202 25 1285329033.0
202 25 1285329040.0
202 25 1285329040.0
202 25 1287673936.0
202 25 1287673937.0
202 1 1290556816.0
202 1 1290556817.0
202 1 1290556818.0
202 1 1290556819.0
202 1 1290556820.0
202 1 1290556821.0
202 1 1290556822.0
202 1 1290556823.0
202 1 1326413493.0
203 4 1309009332.0
203 14 1370807220.0
204 21 1328538819.0
204 5 1335609985.0
204 5 1335696723.0
204 2 1350140462.0
204 21 1358177505.0
204 21 1362669917.0
204 2 1368976996.0
204 7 1368980866.0
204 21 1374241111.0
204 1 1385757053.0
204 7 1390598879.0
204 1 1392324717.0
205 12 1218979515.0
205 2 1234535662.0
205 2 1239881608.0
205 2 1240075219.0
205 2 1245933065.0
205 2 1246904263.0
205 1 1248061241.0
205 12 1249216356.0
205 21 1249229479.0
205 2 1249585414.0
205 2 1249585432.0
205 2 1250147220.0
205 12 1250339269.0
205 12 1250339362.0
205 12 1250339580.0
205 12 1250340233.0
205 12 1250340352.0
205 13 1255632657.0
205 13 1255632674.0
205 13 1255632689.0
205 2 1258546087.0
205 14 1269124490.0
205 13 1277502902.0
205 1 1280703393.0
205 1 1280704912.0
205 4 1282415283.0
205 13 1282525242.0
205 2 1283122551.0
205 9 1299450693.0
205 13 1300732154.0
205 13 1300732217.0
205 13 1306895401.0
205 5 1307736088.0
205 5 1307736230.0
205 5 1307736396.0
205 5 1307807290.0
205 5 1307807604.0
205 2 1307809149.0
205 2 1307809173.0
205 2 1307809200.0
205 2 1307809213.0
205 2 1307809286.0
205 2 1307809420.0
205 2 1307809563.0
205 2 1307809988.0
205 2 1307810205.0
205 2 1307810306.0
205 2 1307810776.0
205 1 1307813670.0
205 2 1310132072.0
205 5 1310837575.0
205 5 1310837638.0
205 5 1310837832.0
205 5 1310838068.0
205 5 1310838123.0
205 3 1313500489.0
205 3 1313500522.0
205 3 1313500720.0
205 1 1313501184.0
205 17 1324044246.0
205 13 1345313969.0
205 13 1345314082.0
205 13 1345314122.0
205 13 1345314322.0
205 10 1348409186.0
205 10 1348409555.0
205 10 1348410068.0
205 10 1348410925.0
205 10 1348410967.0
205 10 1348411131.0
205 1 1353780994.0
205 3 1366998271.0
205 3 1366998332.0
205 3 1366998763.0
205 20 1383491130.0
205 19 1383494552.0
205 1 1392142835.0
207 1 1339160378.0
207 20 1340116869.0
207 20 1340117388.0
207 20 1340117511.0
207 20 1340117687.0
207 12 1340129984.0
207 12 1340130183.0
207 2 1341407191.0
207 2 1341407942.0
207 2 1341409545.0
207 2 1341409555.0
207 2 1341409887.0
210 9 1188326762.0
210 0 1188418802.0
210 5 1188660794.0
210 14 1188661708.0
210 14 1188661732.0
210 9 1188758558.0
210 1 1188848256.0
210 12 1188854428.0
210 3 1188985962.0
210 7 1189165174.0
210 10 1239201229.0
210 10 1239202317.0
212 12 1219582369.0
212 12 1219582530.0
212 12 1219584838.0
212 12 1219588854.0
212 12 1219588960.0
212 12 1219594575.0
212 5 1219680207.0
212 1 1219681131.0
212 1 1219681522.0
212 2 1219682111.0
212 2 1219683135.0
212 2 1219683443.0
212 2 1219684087.0
215 17 1197042688.0
215 17 1197042722.0
215 18 1197107672.0
215 18 1197108036.0
215 18 1197108216.0
217 1 1144447196.0
217 1 1145313367.0
217 1 1145314666.0
217 1 1145315838.0
217 21 1348231241.0
217 21 1348231782.0
217 21 1348232608.0
217 21 1348232816.0
217 21 1348232838.0
217 21 1348835703.0
217 21 1348835711.0
217 21 1348835751.0
217 21 1348835773.0
217 21 1349180710.0
217 21 1349438820.0
217 21 1349438893.0
217 21 1349956707.0
217 21 1349956766.0
217 21 1349957031.0
217 21 1349957039.0
217 21 1349957049.0
217 21 1349957301.0
217 21 1350304778.0
217 21 1350304852.0
217 21 1350996817.0
217 21 1350996864.0
217 21 1350996870.0
217 21 1350996885.0
217 21 1350997015.0
217 21 1350997037.0
218 6 1260551805.0
218 15 1261399073.0
218 0 1261517683.0
218 15 1262797523.0
218 5 1263073004.0
218 15 1263298922.0
218 4 1263489119.0
218 6 1263992715.0
218 15 1267106127.0
218 5 1267226910.0
218 5 1267228738.0
218 4 1271803785.0
218 6 1271803842.0
218 15 1291645138.0
218 6 1336653300.0
218 6 1337689062.0
218 6 1337949483.0
218 6 1339153224.0
218 15 1347627867.0
218 6 1349693981.0
220 1 1275239380.0
220 2 1275240469.0
220 2 1275241041.0
220 2 1275241143.0
220 2 1275241189.0
221 9 1307391985.0
221 9 1307451243.0
221 9 1307470805.0
221 9 1307552590.0
221 9 1307558624.0
221 9 1307558722.0
221 2 1307559316.0
221 5 1307560726.0
223 14 1253372878.0
223 14 1253373034.0
223 14 1253373055.0
223 14 1253373708.0
223 14 1253373777.0
223 14 1253373822.0
223 14 1253373846.0
223 14 1253373903.0
223 14 1253373954.0
223 14 1253373982.0
223 14 1253374026.0
223 14 1253374236.0
223 0 1253393592.0
223 0 1253393702.0
223 0 1253393758.0
223 0 1253393816.0
223 0 1253393880.0
223 0 1253393933.0
223 0 1253394011.0
223 0 1253394086.0
223 0 1253394151.0
223 10 1340303285.0
223 10 1340303295.0
223 5 1359212098.0
223 5 1359212118.0
223 5 1359212161.0
223 1 1359212596.0
223 1 1359212607.0
223 3 1359212756.0
223 3 1359212765.0
223 3 1359212837.0
223 2 1359213518.0
223 5 1359241618.0
223 5 1359241669.0
223 3 1359735598.0
223 3 1359735610.0
223 3 1359735650.0
223 3 1359735684.0
223 2 1359735796.0
223 2 1359735821.0
223 2 1359735842.0
223 2 1359735871.0
223 2 1359736000.0
223 7 1359736482.0
223 7 1359736536.0
223 7 1359736562.0
223 7 1359736575.0
223 7 1359736588.0
223 7 1359736607.0
223 7 1359736616.0
223 7 1359736623.0
223 7 1359736632.0
223 7 1359736639.0
223 7 1359736803.0
223 7 1359736864.0
223 7 1359736885.0
223 5 1359750909.0
223 5 1359750998.0
223 5 1359751022.0
223 1 1359751133.0
223 9 1395074689.0
223 9 1395074708.0
223 9 1395074749.0
223 2 1395075627.0
223 9 1395075642.0
223 0 1395086590.0
223 0 1395086662.0
223 0 1395086709.0
223 0 1395087525.0
224 13 1344012111.0
224 13 1344012783.0
224 0 1344507098.0
224 2 1344508438.0
226 18 1095421535.0
226 18 1095421545.0
226 18 1095422067.0
226 18 1095422126.0
226 3 1215900210.0
226 3 1215900491.0
226 3 1215900512.0
226 3 1215900608.0
226 3 1215900723.0
226 3 1215900849.0
226 3 1215900877.0
226 3 1215900895.0
226 3 1215900935.0
226 3 1215900978.0
226 3 1215906038.0
226 3 1215906151.0
226 9 1220097947.0
226 9 1220098221.0
226 9 1220098294.0
226 9 1220098369.0
226 9 1220098434.0
226 9 1220098451.0
226 9 1220098459.0
226 9 1220098616.0
226 3 1220098739.0
226 3 1220099091.0
226 3 1220099226.0
226 3 1220099326.0
226 3 1220099335.0
226 3 1220099340.0
226 3 1220099348.0
226 1 1220099927.0
226 1 1220100157.0
226 1 1220100599.0
226 1 1220100679.0
226 1 1220101874.0
226 1 1220106154.0
226 1 1220107954.0
226 1 1220107962.0
226 3 1225494301.0
226 3 1225494334.0
226 3 1225494413.0
226 3 1225494438.0
226 3 1225498985.0
226 3 1225499031.0
226 3 1225499131.0
226 3 1225499220.0
226 3 1225499351.0
226 13 1236712341.0
226 13 1236712565.0
226 13 1236712705.0
226 13 1236712726.0
226 13 1236713115.0
226 12 1236714420.0
226 12 1236714562.0
226 12 1236714712.0
226 12 1236715170.0
226 12 1236715211.0
226 3 1265245725.0
226 3 1265245823.0
226 3 1265245910.0
226 3 1265246011.0
226 3 1265246053.0
226 3 1265246431.0
226 3 1265246570.0
226 10 1266772205.0
226 14 1273940542.0
226 14 1273940600.0
226 14 1273948022.0
226 14 1273948025.0
226 14 1273948033.0
226 14 1273948199.0
226 14 1273948486.0
226 14 1273949721.0
226 14 1273950377.0
226 14 1273950383.0
226 14 1273950446.0
226 14 1273950517.0
226 14 1273950589.0
226 14 1273950632.0
226 14 1273950818.0
226 14 1273954736.0
226 14 1273954743.0
226 14 1273954748.0
226 14 1273954758.0
226 14 1273954896.0
226 14 1273954906.0
226 14 1273954914.0
226 14 1273954926.0
226 14 1273954938.0
226 14 1273955040.0
226 14 1273955137.0
226 14 1273955551.0
226 14 1273955577.0
226 14 1273955802.0
226 14 1273955886.0
226 14 1273956054.0
226 14 1273956059.0
226 14 1273956190.0
226 14 1273956200.0
226 14 1273956525.0
226 14 1273956661.0
226 14 1273960478.0
226 14 1273964965.0
226 14 1273964988.0
226 14 1273966165.0
226 14 1273967438.0
226 14 1273967455.0
226 14 1273967472.0
226 14 1273968154.0
226 14 1273968334.0
226 14 1273968358.0
226 14 1273968380.0
226 14 1273968498.0
226 14 1273968537.0
226 14 1273968539.0
226 7 1280600032.0
226 7 1280609259.0
226 7 1280609394.0
226 7 1280610214.0
226 7 1280610282.0
226 7 1280610284.0
226 7 1280610762.0
226 7 1280611513.0
226 7 1280611524.0
226 7 1280611526.0
226 7 1280611566.0
226 7 1280611576.0
226 7 1280611615.0
226 7 1280611769.0
226 7 1280612431.0
226 7 1280612708.0
226 7 1280612712.0
226 7 1280612750.0
226 7 1280613133.0
226 7 1280613133.0
226 7 1280613144.0
226 7 1280613762.0
226 7 1280613901.0
226 7 1280613911.0
226 7 1280613957.0
226 7 1280614691.0
226 7 1280614736.0
226 7 1280614739.0
226 7 1280614826.0
226 7 1280614854.0
226 7 1280614874.0
226 7 1280614905.0
226 7 1280614947.0
226 7 1280615127.0
226 7 1280615156.0
226 7 1280615360.0
226 7 1280615372.0
226 7 1280617131.0
226 7 1280617157.0
226 7 1280617165.0
226 7 1280617185.0
226 7 1280619123.0
226 7 1280619132.0
226 7 1280619206.0
226 7 1280619284.0
226 7 1280619293.0
226 7 1280619309.0
226 7 1280619372.0
226 7 1280619476.0
226 7 1280619601.0
226 7 1280623251.0
226 7 1280623265.0
226 7 1280623314.0
226 7 1280623345.0
226 7 1280623402.0
226 7 1280623535.0
226 7 1280623585.0
226 7 1280623596.0
226 21 1347178772.0
226 21 1347179784.0
226 21 1347180245.0
226 21 1347180438.0
227 17 1191725378.0
227 6 1193236191.0
228 13 1196483470.0
228 5 1214504147.0
228 5 1214504599.0
228 5 1214504702.0
228 5 1214514840.0
228 5 1214516935.0
228 5 1214517903.0
229 13 1222253139.0
229 13 1222257512.0
229 13 1222257512.0
229 13 1222266161.0
229 13 1222268630.0
229 13 1222268659.0
229 13 1222272899.0
229 13 1222273002.0
229 13 1222274069.0
229 13 1222275012.0
229 13 1222275048.0
229 13 1222275080.0
229 13 1222275169.0
229 13 1222275864.0
229 13 1222277350.0
229 13 1222283136.0
229 13 1222283184.0
229 13 1222283243.0
229 13 1222283539.0
229 13 1222284644.0
229 13 1222287387.0
229 13 1222287477.0
229 13 1222287501.0
229 13 1222342698.0
229 13 1222345596.0
229 13 1222358130.0
229 13 1222359002.0
229 13 1222360935.0
229 13 1222360958.0
229 13 1222361014.0
229 13 1222361191.0
229 4 1339240001.0
229 4 1339240009.0
229 4 1339240023.0
229 6 1371746386.0
230 2 1299867683.0
230 2 1299867687.0
230 4 1367605286.0
230 4 1367608788.0
230 14 1367668023.0
230 14 1367668046.0
231 9 1323308353.0
231 9 1328752700.0
231 9 1328755270.0
231 9 1330566374.0
231 9 1331771527.0
231 9 1331780580.0
231 7 1332538970.0
231 9 1334793875.0
231 9 1334800710.0
231 9 1336009351.0
231 9 1338423660.0
231 9 1343258385.0
231 9 1343260651.0
231 9 1343262956.0
231 9 1343264029.0
231 9 1343264051.0
231 9 1343267626.0
231 9 1345081938.0
231 9 1345082207.0
231 9 1345082698.0
231 9 1345679234.0
231 9 1345686246.0
231 9 1346279532.0
231 9 1346290721.0
231 9 1346881989.0
231 9 1346886739.0
231 9 1346896673.0
231 9 1346897239.0
231 2 1347065606.0
231 2 1347072832.0
231 9 1348702070.0
231 9 1348713264.0
231 9 1349309425.0
231 9 1349313974.0
231 9 1349921226.0
231 9 1350522374.0
231 9 1350522562.0
231 9 1351121603.0
231 9 1351124399.0
231 9 1351127660.0
231 9 1351733598.0
231 9 1351735768.0
231 9 1351740127.0
231 9 1351741674.0
231 2 1353031117.0
231 0 1363729762.0
231 0 1363729930.0
231 9 1365731342.0
231 0 1367528850.0
232 12 1276877074.0
232 6 1276878849.0
232 5 1276888784.0
237 12 1313253040.0
237 12 1313253096.0
237 12 1313253448.0
237 12 1313253499.0
237 12 1313254188.0
237 12 1313254653.0
237 12 1313254797.0
237 12 1313256106.0
237 12 1313256270.0
237 12 1313256617.0
237 12 1313256656.0
237 12 1313256779.0
237 12 1313257002.0
237 1 1313328157.0
237 1 1313328190.0
237 1 1313328249.0
237 10 1313329845.0
237 10 1313330776.0
238 15 1190553972.0
238 15 1190553972.0
238 6 1190554471.0
238 17 1237558187.0
238 17 1237558213.0
238 12 1237558694.0
238 12 1237558970.0
238 12 1237559023.0
240 1 1336000369.0
240 1 1339089097.0
240 12 1339157214.0
240 12 1339157229.0
240 12 1339157252.0
240 12 1339157267.0
240 12 1339157286.0
240 12 1339157371.0
240 12 1339158002.0
240 12 1339158015.0
240 12 1339158033.0
240 12 1339158079.0
240 12 1339158092.0
241 1 1350208668.0
241 1 1350208877.0
241 1 1350209662.0
241 3 1350211487.0
241 3 1350211717.0
243 9 1211762393.0
243 9 1211762634.0
243 9 1211766693.0
243 9 1211769123.0
243 6 1212532354.0
243 12 1213544737.0
243 12 1213544791.0
243 12 1213544831.0
243 12 1213545028.0
243 12 1213545505.0
243 12 1213545576.0
243 12 1213545590.0
243 12 1213545773.0
243 21 1217166470.0
243 21 1217166731.0
243 21 1217166805.0
243 21 1217167214.0
243 21 1217167513.0
243 21 1217167538.0
243 21 1217169436.0
243 21 1217169578.0
243 21 1217169694.0
243 9 1224881213.0
243 9 1224881377.0
243 9 1224881530.0
243 9 1224881672.0
243 9 1224882248.0
243 9 1224882265.0
243 6 1225380094.0
243 12 1244991810.0
243 12 1244993786.0
243 12 1244993874.0
243 12 1244994024.0
243 12 1244994029.0
243 12 1244994061.0
243 12 1244994548.0
243 12 1244994573.0
243 12 1244994655.0
243 12 1244994667.0
243 1 1260031186.0
243 3 1280575923.0
243 3 1280575946.0
243 3 1280575997.0
243 3 1280576011.0
243 3 1280576017.0
243 3 1280576057.0
243 3 1280576217.0
243 3 1280576265.0
243 21 1280580681.0
243 21 1280580681.0
243 21 1280580733.0
243 21 1280588521.0
243 21 1280588719.0
243 21 1280588769.0
243 21 1280589109.0
243 21 1280589169.0
243 21 1280589229.0
243 21 1280589327.0
243 21 1280589428.0
243 21 1280589681.0
243 9 1280747481.0
243 9 1280751297.0
244 1 1172317289.0
244 1 1217755216.0
244 2 1282818309.0
244 6 1282830033.0
244 3 1353084448.0
244 2 1353084629.0
244 3 1353084708.0
244 3 1353084792.0
244 3 1353084841.0
244 2 1353085956.0
244 2 1353086505.0
244 1 1353086920.0
244 2 1358597163.0
244 3 1358601916.0
244 3 1358601921.0
244 3 1358601928.0
244 3 1358602314.0
244 3 1358603408.0
244 3 1358603888.0
244 3 1358603909.0
244 2 1358606825.0
244 2 1358606837.0
244 2 1358606846.0
244 2 1358606857.0
244 2 1358606861.0
244 2 1358606875.0
244 2 1358606886.0
244 5 1358611534.0
244 2 1359807628.0
244 3 1359813904.0
244 3 1359814540.0
244 3 1359814558.0
244 3 1359814889.0
244 3 1359814891.0
244 3 1359814903.0
244 3 1359814908.0
244 3 1359816602.0
244 5 1359824093.0
244 3 1371301018.0
244 3 1371301021.0
244 3 1371301066.0
244 3 1371301069.0
244 3 1371301074.0
244 3 1371301936.0
244 3 1371301938.0
244 5 1371306993.0
244 5 1371306995.0
244 1 1396695331.0
244 1 1396695407.0
244 1 1396695423.0
244 2 1396696264.0
244 9 1396696613.0
244 1 1396697877.0
244 1 1396697888.0
244 3 1396698305.0
244 1 1396698562.0
244 1 1396700659.0
244 1 1396701009.0
244 1 1396702103.0
245 21 1234128277.0
245 21 1234128376.0
245 10 1234170386.0
245 7 1252606681.0
246 12 1205260049.0
246 12 1205347836.0
246 12 1205347840.0
246 12 1205347845.0
246 12 1205347851.0
246 12 1205347857.0
246 18 1205347882.0
246 12 1205363243.0
248 3 1266412756.0
248 3 1266500574.0
248 3 1266587629.0
248 3 1266846910.0
248 3 1267018209.0
248 5 1267019134.0
248 2 1267101314.0
248 3 1267192022.0
248 3 1267451977.0
248 3 1267534916.0
248 3 1267534991.0
248 1 1267535077.0
248 3 1267621446.0
248 3 1267621540.0
248 3 1267796894.0
248 3 1268245575.0
248 3 1282125173.0
248 3 1282901180.0
248 3 1288099672.0
248 3 1289402874.0
248 3 1292584905.0
248 3 1292585127.0
248 3 1293109951.0
248 1 1293463584.0
248 3 1295269206.0
248 3 1299766334.0
248 12 1302100644.0
248 12 1302101717.0
248 1 1305721221.0
248 21 1305895889.0
248 21 1305897310.0
248 3 1308832310.0
248 3 1325700252.0
248 3 1327399400.0
248 3 1346764218.0
248 12 1347116734.0
248 12 1347116797.0
248 12 1347116852.0
248 12 1347125369.0
248 3 1348860189.0
248 3 1348860230.0
248 3 1355915347.0
248 3 1355915670.0
248 3 1362679080.0
248 14 1370092068.0
248 3 1370348127.0
248 3 1374068510.0
248 3 1374236532.0
248 3 1374237103.0
248 3 1374237618.0
248 3 1379682757.0
248 3 1387544586.0
248 3 1387544608.0
248 3 1387544652.0
248 3 1387544689.0
248 3 1387544712.0
248 3 1387544750.0
248 3 1387544779.0
248 3 1387545161.0
248 3 1387546310.0
248 12 1392037097.0
249 1 1279015401.0
249 6 1279018944.0
249 10 1279019065.0
249 6 1279019109.0
249 6 1279019277.0
249 6 1279019321.0
249 6 1279019511.0
249 6 1279019808.0
249 6 1279020228.0
249 6 1279020324.0
249 10 1279022862.0
249 10 1279022914.0
249 10 1279023306.0
249 10 1279023794.0
249 10 1279023865.0
249 10 1279023900.0
249 10 1279023966.0
249 10 1279024248.0
249 10 1279024631.0
249 10 1279024739.0
250 3 1180793024.0
250 2 1180794229.0
250 2 1188012357.0
250 2 1188012405.0
250 2 1188014033.0
250 2 1188014184.0
250 2 1188014720.0
250 2 1188014722.0
250 2 1188014723.0
250 2 1188015404.0
250 2 1188015839.0
250 2 1188019000.0
250 2 1188019085.0
250 2 1188021809.0
250 2 1188022561.0
250 2 1188022796.0
250 2 1188022857.0
250 2 1188024143.0
250 2 1188025558.0
250 2 1188027321.0
250 2 1188027436.0
250 2 1188027523.0
250 2 1188027543.0
250 2 1188028376.0
250 2 1188030019.0
250 2 1188030127.0
250 2 1188032261.0
250 2 1188032269.0
250 2 1188032307.0
250 2 1188032326.0
250 2 1188032458.0
250 2 1188032496.0
250 2 1188032507.0
250 2 1188032513.0
250 2 1188032531.0
250 2 1188032551.0
250 2 1188032575.0
250 2 1188032575.0
250 2 1188032668.0
250 2 1188032672.0
250 2 1188032704.0
251 9 1336828517.0
251 9 1336828624.0
251 9 1336828630.0
251 9 1336828871.0
251 9 1336829587.0
251 3 1366752272.0
251 3 1366752339.0
252 3 1339594037.0
252 9 1339601703.0
254 10 1146277571.0
254 10 1146277613.0
254 10 1146277695.0
254 10 1146278204.0
254 10 1146278382.0
254 10 1146278970.0
254 10 1146279489.0
254 10 1146280226.0
254 10 1146280426.0
254 1 1146454129.0
254 1 1208014660.0
254 1 1208014807.0
258 3 1251033229.0
258 2 1251033476.0
258 2 1251034997.0
258 2 1251035272.0
258 19 1251043129.0
258 19 1251045624.0
258 19 1251045822.0
258 19 1251045945.0
258 0 1251053930.0
258 10 1251058085.0
258 10 1251058308.0
258 10 1251058461.0
258 10 1251058830.0
258 1 1251060215.0
258 3 1251060442.0
258 1 1251060892.0
259 2 1303903371.0
259 2 1303903792.0
259 5 1303904301.0
259 18 1303909366.0
259 9 1303918554.0
259 9 1306168506.0
259 9 1306168590.0
259 9 1306168613.0
259 9 1306168702.0
259 2 1336565895.0
259 2 1336565928.0
259 9 1336573790.0
259 8 1344960233.0
259 8 1344960257.0
259 13 1347818134.0
259 13 1347818560.0
259 13 1347818604.0
261 4 1385391581.0
261 6 1385457398.0
261 6 1385457512.0
261 4 1385587369.0
261 4 1385587375.0
261 4 1385588921.0
261 4 1385593925.0
261 10 1385643810.0
261 10 1385644263.0
261 10 1385644782.0
261 10 1385644852.0
263 3 1329241492.0
263 3 1329414515.0
263 0 1331479178.0
263 3 1333478514.0
263 0 1333926033.0
263 0 1340454296.0
263 21 1346958947.0
264 2 1382049804.0
264 1 1382105750.0
264 1 1382105817.0
267 9 1372160903.0
267 9 1372160913.0
267 1 1372161532.0
267 1 1372349101.0
273 5 1342619318.0
273 5 1342619449.0
273 5 1342625396.0
273 12 1342803168.0
273 5 1342876964.0
273 10 1342879603.0
273 5 1342895059.0
273 5 1342895086.0
279 13 1267446570.0
279 13 1267446643.0
279 13 1267446714.0
279 13 1267446731.0
279 13 1267446779.0
279 13 1267446824.0
279 5 1285015135.0
281 5 1382727364.0
281 1 1382727642.0
283 9 1195221068.0
283 2 1195222949.0
288 10 1227459389.0
288 10 1227459856.0
288 10 1227460187.0
288 10 1227460920.0
288 1 1227462129.0
288 3 1227462564.0
288 1 1284721660.0
288 2 1284723110.0
288 16 1287864136.0
288 23 1287927979.0
288 0 1289434854.0
288 0 1289435256.0
288 3 1339864925.0
288 3 1339864942.0
288 5 1339877639.0
288 23 1352850809.0
289 9 1151265109.0
289 1 1153838567.0
289 1 1153838834.0
0 0 1160752026.0
2 5 1284124033.0
3 5 1382028583.0
9 17 1276454819.0
10 9 1204625301.0
11 12 1174228973.0
13 2 1329838107.0
14 1 1279992233.0
15 18 1238672024.0
16 16 1196026398.0
20 4 1214499073.0
22 0 1255082982.0
24 12 1219086797.0
25 9 1316583310.0
26 13 1331286335.0
28 4 1282678119.0
31 9 1183290562.0
33 10 1310187194.0
34 10 1253176469.0
35 2 1167334672.0
40 1 1282236726.0
41 6 904608000.0
45 4 1370155309.0
46 3 1235068327.0
49 13 1264789086.0
53 3 1270274276.0
54 12 1190634763.0
55 12 1206357618.0
58 14 1252924671.0
60 13 1227353028.0
63 2 1186242400.0
66 6 1257005889.0
68 6 1337862617.0
70 9 1209374426.0
71 3 1341575690.0
72 2 1253477844.0
74 1 1234306797.0
75 9 1364200607.0
77 0 1104537600.0
78 12 1321871229.0
79 17 1222184723.0
81 2 1221396826.0
82 1 1145877825.0
83 1 1232128024.0
84 1 1277210688.0
85 13 1175892592.0
86 1 1246369715.0
87 21 1297485673.0
89 1 1365850379.0
94 2 1340545857.0
97 9 1252862926.0
99 10 1213620305.0
100 1 1311756378.0
103 5 1349749912.0
105 18 1178695917.0
106 4 1252847737.0
108 6 893980800.0
109 1 1187430864.0
110 0 908802000.0
111 9 1271253101.0
113 2 1287239966.0
115 2 1344371552.0
116 14 1350725694.0
117 2 -1704153600.0
119 2 1335885300.0
120 6 1263561104.0
123 4 1184415460.0
128 2 1355528498.0
129 3 1170286385.0
131 12 1347633993.0
132 2 1332762759.0
134 12 1310443363.0
135 24 1251557874.0
140 2 1373370878.0
141 5 1180656000.0
145 1 312854400.0
146 2 1278008902.0
147 10 1383391993.0
151 16 1335266199.0
153 2 1370806054.0
154 1 1368889252.0
155 3 1290690993.0
157 1 1207078091.0
158 16 980800765.0
159 9 1169806694.0
162 10 1209466260.0
163 4 1150275712.0
167 4 1322922816.0
168 10 1171847381.0
169 10 1372859671.0
174 6 1291136264.0
175 2 1224325703.0
176 9 1328256007.0
178 6 1369827152.0
179 13 1379306720.0
180 1 1344341030.0
181 9 1373833199.0
182 2 1357395317.0
183 4 1352118344.0
188 2 1335765950.0
196 1 1216777183.0
199 3 1293640317.0
200 4 1230134764.0
201 3 1343411676.0
206 14 1340992522.0
208 13 1222271966.0
209 14 1274163078.0
211 14 1250779300.0
213 3 1249295061.0
214 12 1171130065.0
216 9 1305701942.0
219 1 1200501265.0
222 14 1316949103.0
225 13 1074987116.0
233 3 1333197286.0
234 11 1189359060.0
235 1 1364667033.0
236 1 1216060221.0
239 7 1345221703.0
242 17 1210170061.0
247 13 1163193349.0
253 9 1123148098.0
255 10 1302270879.0
256 7 1350686187.0
257 9 1281548273.0
260 2 1188029210.0
262 2 1287233623.0
265 6 1397299774.0
266 11 1287606618.0
268 18 1167857132.0
269 9 1239301639.0
270 3 1346679943.0
271 9 1206144920.0
272 2 1165928980.0
274 2 1238511141.0
275 19 1205939421.0
276 9 1245538397.0
277 0 949363200.0
278 1 1179308003.0
280 3 1368796874.0
282 2 1214487625.0
284 13 1159620851.0
285 18 1208279702.0
286 0 1339099037.0
287 10 1202049447.0
290 8 1253797442.0
