0 0 1382647361.0
0 0 1382647374.0
0 1 1382647412.0
0 2 1382647479.0
0 2 1382647495.0
0 2 1382648146.0
0 2 1382648158.0
0 2 1382648175.0
0 2 1382648188.0
0 2 1382648199.0
0 2 1382648216.0
0 2 1382648228.0
0 3 1382648244.0
1 0 1364325848.0
1 0 1364325855.0
1 0 1364325877.0
1 0 1364325881.0
1 0 1364326422.0
1 0 1364326676.0
1 0 1364326831.0
1 2 1364328681.0
1 2 1364328691.0
1 4 1364328718.0
1 5 1364471316.0
1 5 1364471341.0
1 5 1364471429.0
1 5 1364471438.0
1 5 1364471523.0
1 5 1364471534.0
1 6 1364471696.0
1 1 1364486807.0
1 1 1364486877.0
1 1 1364486892.0
1 1 1364486919.0
1 1 1364486934.0
1 1 1364487393.0
1 1 1364487457.0
1 1 1364487465.0
1 1 1364487900.0
1 1 1364487933.0
2 7 1302096364.0
2 1 1302442813.0
2 8 1350223375.0
2 8 1350223613.0
3 2 1337845353.0
3 2 1337845385.0
3 2 1337848401.0
3 9 1337855689.0
3 10 1337860801.0
3 10 1337861651.0
3 10 1337862088.0
3 5 1337879092.0
3 11 1337970598.0
8 9 1245585721.0
8 9 1245586958.0
8 9 1245587008.0
8 3 1245596025.0
14 2 1177241477.0
14 17 1182009601.0
14 7 1189865660.0
18 12 1239426271.0
18 18 1239430500.0
18 18 1239430620.0
18 18 1239430680.0
18 1 1239433260.0
18 1 1239433500.0
18 1 1239434340.0
18 1 1239434760.0
18 1 1239434760.0
18 12 1239460320.0
19 6 1333981830.0
19 1 1333986708.0
19 1 1333989878.0
19 1 1333991765.0
20 6 1234268779.0
20 6 1234268780.0
20 6 1234268781.0
20 6 1234268783.0
20 5 1234268787.0
20 6 1234268798.0
20 6 1234268799.0
23 2 1303076383.0
23 16 1309616482.0
23 6 1321444601.0
24 3 1239379707.0
24 3 1239379745.0
24 3 1239379794.0
24 3 1239379884.0
24 3 1239379896.0
24 3 1239380007.0
24 3 1239380110.0
24 3 1239380115.0
24 3 1239380123.0
24 3 1239380204.0
24 3 1239380224.0
24 3 1239380270.0
24 3 1239380282.0
24 3 1239380283.0
24 3 1239380283.0
24 3 1239380283.0
24 3 1239380325.0
24 3 1239380348.0
24 3 1239380604.0
24 3 1239380605.0
24 3 1239380605.0
24 3 1239380606.0
24 3 1239380606.0
24 3 1239380663.0
24 3 1239380667.0
24 3 1239380673.0
24 3 1239380700.0
24 3 1239380770.0
24 3 1239381250.0
24 3 1239381260.0
24 3 1239382734.0
24 3 1239382743.0
24 3 1239382802.0
24 1 1239451085.0
24 1 1239451094.0
24 1 1239451468.0
24 1 1239451945.0
25 0 1242061309.0
25 0 1242061370.0
25 16 1254635507.0
29 17 1345379538.0
29 17 1349528925.0
29 1 1353768737.0
29 1 1353769628.0
29 1 1353769903.0
29 1 1353770822.0
29 17 1383771856.0
29 17 1389544376.0
31 20 1211629176.0
31 20 1211629206.0
31 8 1212944068.0
31 8 1212944111.0
31 8 1224523576.0
31 21 1230899696.0
31 8 1248814746.0
31 8 1248814752.0
31 8 1248814760.0
31 20 1251802062.0
31 20 1251802070.0
31 16 1260221079.0
32 15 1292680806.0
32 15 1292681060.0
32 15 1292683376.0
32 15 1292683420.0
32 15 1292683428.0
32 15 1292683433.0
32 15 1292683496.0
32 15 1292684103.0
32 15 1292684257.0
32 15 1292684277.0
32 15 1292684557.0
32 15 1292689697.0
32 15 1292689953.0
32 15 1292701299.0
32 15 1292701418.0
32 15 1292701489.0
32 15 1292701539.0
32 15 1292701567.0
32 15 1292701621.0
32 15 1292701680.0
32 15 1292701693.0
32 15 1292701727.0
32 15 1292703324.0
32 15 1292703346.0
32 15 1292703377.0
32 15 1292703502.0
32 15 1292703562.0
32 15 1292703630.0
32 15 1292703639.0
32 15 1292703701.0
32 15 1292703713.0
32 15 1292703786.0
32 15 1292703816.0
32 15 1292704188.0
32 15 1292704191.0
32 15 1292704858.0
32 15 1292704865.0
32 15 1292705485.0
32 15 1292705594.0
32 15 1292705781.0
32 22 1300580741.0
32 22 1300582670.0
32 22 1300582705.0
32 16 1300584079.0
33 5 1204986270.0
33 5 1204986285.0
33 5 1204986358.0
33 5 1204986405.0
33 6 1204986509.0
33 6 1204986517.0
33 6 1204986572.0
33 6 1204986598.0
33 6 1204986670.0
33 6 1204986681.0
33 6 1204986939.0
33 6 1204986967.0
33 6 1204987259.0
33 6 1204987281.0
33 6 1204987296.0
33 6 1204987360.0
33 6 1204987610.0
33 6 1204988375.0
33 6 1204989102.0
33 6 1204989126.0
33 6 1204990590.0
33 6 1204990710.0
33 6 1204991187.0
33 6 1204991331.0
33 6 1204991871.0
33 6 1204992086.0
33 6 1204992103.0
33 6 1204992242.0
33 6 1204992252.0
33 6 1204992551.0
33 6 1204992975.0
33 6 1204993329.0
33 6 1204993414.0
33 6 1204993741.0
33 6 1204993756.0
33 22 1205014175.0
34 0 1310139496.0
34 16 1321750206.0
34 17 1366546962.0
35 1 1196170106.0
35 3 1196178083.0
35 3 1196178826.0
35 3 1196179392.0
35 3 1196182249.0
35 3 1196183668.0
35 3 1196184386.0
35 3 1196184447.0
35 3 1196185529.0
35 3 1196185777.0
35 3 1196186217.0
35 3 1196186267.0
37 1 1284287924.0
37 1 1284288199.0
37 2 1284291699.0
37 2 1284292678.0
37 2 1284293101.0
38 15 1382910544.0
38 6 1382989551.0
40 5 1325240657.0
40 5 1325240686.0
40 5 1325240721.0
40 5 1325240763.0
40 6 1325242004.0
40 6 1325242052.0
40 6 1325242385.0
40 6 1325243259.0
40 6 1325243372.0
40 6 1325243473.0
40 6 1325243542.0
40 6 1325243800.0
40 6 1325243840.0
40 6 1325244065.0
40 6 1325244500.0
40 6 1325244805.0
40 6 1325245076.0
40 6 1325245128.0
40 6 1325245274.0
40 6 1325245515.0
40 6 1325245555.0
40 6 1325245739.0
40 6 1325245983.0
40 6 1325247623.0
40 6 1325247794.0
40 6 1325247811.0
40 6 1325248023.0
40 6 1325248112.0
40 6 1325248352.0
40 6 1325248420.0
40 6 1325248480.0
40 6 1325248511.0
40 6 1325249240.0
40 6 1325249797.0
40 6 1325251709.0
40 5 1325251976.0
40 6 1325252609.0
40 6 1325252628.0
40 5 1325254051.0
40 2 1325257424.0
40 2 1325257869.0
40 2 1325259049.0
40 2 1325261821.0
40 2 1325261825.0
40 2 1325261865.0
40 2 1325262227.0
40 2 1325267927.0
40 2 1325268078.0
40 2 1325268244.0
40 12 1325270965.0
40 1 1325275657.0
40 1 1325275778.0
40 1 1325275921.0
40 1 1325275956.0
40 1 1325276839.0
43 1 1255227973.0
43 1 1255228284.0
43 1 1255229763.0
43 1 1255230150.0
43 1 1255231465.0
43 6 1255237438.0
43 6 1255239304.0
43 6 1255239865.0
43 6 1255240248.0
43 6 1255241070.0
43 6 1255241087.0
43 6 1255241425.0
43 6 1255241633.0
43 6 1255242811.0
43 6 1255242970.0
43 6 1255243298.0
43 6 1255243426.0
43 6 1255244333.0
44 7 1369642069.0
44 0 1369681633.0
44 12 1369682058.0
44 12 1369685802.0
44 12 1369688045.0
44 1 1369747428.0
44 1 1369748067.0
44 12 1369770920.0
44 12 1369770939.0
44 12 1369770951.0
44 2 1369851671.0
44 2 1369851848.0
44 2 1369853135.0
44 2 1369853324.0
44 2 1369855650.0
44 2 1369855692.0
44 2 1369855861.0
44 2 1369856648.0
44 2 1369856684.0
44 2 1369856717.0
44 2 1369856749.0
44 2 1369856816.0
44 2 1369856867.0
44 2 1369857350.0
44 2 1369857682.0
44 16 1370106893.0
44 16 1370107133.0
44 16 1370107403.0
44 22 1370111581.0
44 22 1370111735.0
44 22 1370112210.0
44 22 1370112460.0
44 22 1370112556.0
44 22 1370112582.0
44 22 1370112601.0
44 22 1370116189.0
44 3 1370170168.0
44 22 1370203897.0
44 3 1370277757.0
48 19 1145802680.0
48 19 1145802728.0
48 19 1145802789.0
48 19 1145803000.0
48 19 1145803175.0
48 19 1145803239.0
48 19 1145803295.0
48 19 1145803347.0
48 19 1145803727.0
48 19 1145803750.0
48 1 1145810015.0
48 1 1145810507.0
48 14 1145960053.0
48 14 1145960367.0
48 14 1145960659.0
48 14 1145960726.0
48 2 1145961425.0
48 2 1145962072.0
48 2 1145962114.0
48 2 1145962313.0
48 2 1145962326.0
48 2 1145962583.0
48 2 1145962641.0
48 2 1145962688.0
48 2 1145962710.0
48 2 1145962779.0
48 2 1145962849.0
48 2 1145964223.0
48 2 1145964420.0
50 6 1233273600.0
50 6 1233273601.0
50 6 1233273602.0
50 6 1233273603.0
50 6 1233273604.0
50 6 1233273605.0
50 6 1233273606.0
50 6 1233273607.0
50 6 1233273608.0
50 6 1233273609.0
50 6 1233273610.0
50 6 1233273611.0
50 6 1233273612.0
50 15 1233360016.0
52 1 1352653922.0
52 1 1352654398.0
52 1 1352655081.0
52 1 1352655938.0
52 1 1352656054.0
52 0 1352680865.0
52 16 1352680968.0
52 16 1352742519.0
52 16 1352743577.0
52 16 1352743760.0
52 16 1352744113.0
54 6 1236964003.0
54 0 1250363943.0
54 0 1250363959.0
54 0 1250364217.0
54 0 1250364222.0
54 0 1250366100.0
54 22 1250370586.0
54 22 1250370589.0
54 16 1250466495.0
54 16 1250493878.0
54 8 1293016801.0
54 1 1293020491.0
54 8 1293052374.0
54 8 1293052377.0
54 8 1293052387.0
54 8 1293054134.0
54 8 1293054231.0
54 5 1293108665.0
54 6 1293108970.0
54 6 1293110149.0
54 6 1293113084.0
54 6 1293119518.0
54 6 1293119956.0
54 6 1293120510.0
54 6 1293121468.0
54 6 1293121971.0
54 6 1293122249.0
54 6 1293126443.0
56 2 1241430007.0
56 4 1241430097.0
59 8 1180037562.0
59 0 1181059511.0
59 0 1293833713.0
59 0 1293835815.0
59 0 1293840924.0
60 5 1224224057.0
60 6 1224224477.0
60 6 1224224749.0
60 6 1224225595.0
60 6 1224225632.0
60 6 1224226069.0
60 6 1224226256.0
60 6 1224226843.0
60 6 1224227039.0
60 6 1224227111.0
60 6 1224227240.0
60 6 1224227259.0
60 6 1224227305.0
60 6 1224227765.0
60 6 1224227877.0
60 6 1224228035.0
60 6 1224228372.0
60 6 1224228390.0
60 6 1224228523.0
60 12 1225457592.0
60 1 1364406894.0
60 1 1364407065.0
61 11 1270824892.0
61 11 1270825084.0
61 12 1270829232.0
61 13 1294660313.0
62 12 1081449938.0
62 6 1142176888.0
62 6 1142178122.0
62 6 1142181287.0
62 5 1142191095.0
62 5 1142191888.0
62 12 1144540735.0
62 6 1147433496.0
62 5 1147433562.0
62 5 1147433648.0
62 5 1147721518.0
62 5 1147928716.0
62 7 1153932713.0
63 1 1186823066.0
63 12 1186831786.0
63 12 1186831892.0
63 12 1186832313.0
64 16 1388084479.0
64 16 1388084953.0
64 1 1388139589.0
64 1 1388140182.0
64 1 1388140309.0
64 1 1388140614.0
64 1 1388141141.0
64 1 1388142089.0
64 1 1388142942.0
64 1 1388145440.0
64 6 1388154398.0
64 6 1388154430.0
64 6 1388154500.0
64 6 1388154871.0
64 6 1388154958.0
64 6 1388156172.0
64 6 1388156521.0
64 6 1388156658.0
64 6 1388157064.0
64 6 1388161515.0
64 6 1388161654.0
66 1 1289062240.0
66 1 1289062499.0
66 0 1318577592.0
66 0 1318580148.0
66 0 1318588203.0
66 0 1331889513.0
66 2 1336159586.0
66 0 1348235941.0
67 12 1212078126.0
67 12 1212078126.0
67 12 1212078791.0
67 12 1212078791.0
67 12 1212078923.0
67 12 1212078923.0
67 12 1212078959.0
67 12 1212078959.0
67 12 1212079020.0
67 12 1212079020.0
67 12 1212080221.0
67 12 1212080221.0
67 15 1212136656.0
67 15 1212136656.0
67 15 1212136668.0
67 15 1212136668.0
67 15 1212141070.0
67 15 1212141070.0
67 15 1212141199.0
67 15 1212141199.0
67 15 1212141523.0
67 15 1212141523.0
67 15 1212141587.0
67 15 1212141587.0
67 15 1212141591.0
67 15 1212141591.0
67 15 1212141637.0
67 15 1212141637.0
67 15 1212141679.0
67 15 1212141679.0
67 15 1212141711.0
67 15 1212141711.0
67 15 1212141721.0
67 15 1212141721.0
67 15 1212141755.0
67 15 1212141755.0
67 15 1212141843.0
67 15 1212141843.0
67 15 1212141891.0
67 15 1212141891.0
67 15 1212141901.0
67 15 1212141901.0
67 15 1212141965.0
67 15 1212141965.0
67 15 1212142012.0
67 15 1212142012.0
67 15 1212142043.0
67 15 1212142043.0
67 15 1212142073.0
67 15 1212142073.0
67 15 1212142085.0
67 15 1212142085.0
67 15 1212142102.0
67 15 1212142102.0
67 15 1212142117.0
67 15 1212142117.0
67 15 1212142162.0
67 15 1212142162.0
67 15 1212142211.0
67 15 1212142211.0
67 15 1212142244.0
67 15 1212142244.0
67 15 1212142284.0
67 15 1212142284.0
67 15 1212142337.0
67 15 1212142337.0
67 15 1212142374.0
67 15 1212142374.0
67 15 1212142389.0
67 15 1212142389.0
67 15 1212142436.0
67 15 1212142436.0
67 15 1212142454.0
67 15 1212142454.0
67 15 1212142490.0
67 15 1212142490.0
67 15 1212142504.0
67 15 1212142504.0
67 15 1212142525.0
67 15 1212142525.0
67 15 1212142593.0
67 15 1212142593.0
67 15 1212142623.0
67 15 1212142623.0
67 15 1212142636.0
67 15 1212142636.0
67 15 1212142742.0
67 15 1212142742.0
67 15 1212142778.0
67 15 1212142778.0
67 15 1212142798.0
67 15 1212142798.0
67 15 1212142805.0
67 15 1212142805.0
67 15 1212142821.0
67 15 1212142821.0
67 15 1212142846.0
67 15 1212142846.0
67 15 1212142914.0
67 15 1212142914.0
67 15 1212142922.0
67 15 1212142922.0
67 15 1212142945.0
67 15 1212142945.0
67 15 1212143079.0
67 15 1212143079.0
67 15 1212143371.0
67 15 1212143371.0
67 15 1212143390.0
67 15 1212143390.0
67 15 1212144107.0
67 15 1212144107.0
67 15 1212145406.0
67 15 1212145406.0
67 15 1212145423.0
67 15 1212145423.0
67 15 1212147265.0
67 15 1212147265.0
67 15 1212147388.0
67 15 1212147388.0
67 15 1212149376.0
67 15 1212149376.0
67 15 1212156263.0
67 15 1212156263.0
67 15 1212156316.0
67 15 1212156316.0
67 15 1212156346.0
67 15 1212156346.0
67 15 1212156468.0
67 15 1212156468.0
67 15 1212157165.0
67 15 1212157165.0
67 15 1212161349.0
67 15 1212161349.0
67 15 1212163485.0
67 15 1212163485.0
67 15 1212165429.0
67 15 1212165429.0
67 1 1212328815.0
67 1 1212328815.0
67 1 1212328930.0
67 1 1212328930.0
67 1 1212328973.0
67 1 1212328973.0
67 1 1212329086.0
67 1 1212329086.0
67 1 1212329173.0
67 1 1212329173.0
67 1 1212329209.0
67 1 1212329209.0
67 1 1212329231.0
67 1 1212329231.0
67 1 1212329474.0
67 1 1212329474.0
67 1 1212329658.0
67 1 1212329658.0
67 1 1212329733.0
67 1 1212329733.0
67 2 1212337275.0
67 2 1212337275.0
67 2 1212337315.0
67 2 1212337315.0
67 2 1212337393.0
67 2 1212337393.0
67 2 1212337485.0
67 2 1212337485.0
67 2 1212337554.0
67 2 1212337554.0
67 2 1212337646.0
67 2 1212337646.0
67 2 1212337796.0
67 2 1212337796.0
67 2 1212338137.0
67 2 1212338137.0
67 2 1212338376.0
67 2 1212338376.0
67 2 1212338915.0
67 2 1212338915.0
67 2 1212339349.0
67 2 1212339349.0
67 2 1212339440.0
67 2 1212339440.0
67 2 1212339524.0
67 2 1212339524.0
67 2 1212339613.0
67 2 1212339613.0
67 2 1212339659.0
67 2 1212339659.0
71 9 1366705470.0
71 9 1366706114.0
71 1 1366711697.0
71 6 1366721263.0
71 6 1366722549.0
71 6 1366723795.0
71 6 1366724069.0
71 3 1366730963.0
71 3 1366734094.0
71 3 1366734891.0
71 3 1366735013.0
71 3 1366736120.0
71 3 1366737427.0
74 14 1219830744.0
74 14 1219830832.0
74 14 1219830855.0
74 4 1219837051.0
74 4 1219838100.0
74 4 1219838734.0
74 4 1219839354.0
74 4 1219839759.0
74 4 1219839765.0
74 4 1219839899.0
74 4 1219840099.0
75 0 1224766976.0
75 12 1224767382.0
78 1 1288457239.0
78 1 1288457370.0
78 1 1288457613.0
78 1 1288457898.0
78 6 1288525714.0
78 6 1288525995.0
78 6 1288526160.0
78 6 1288526163.0
78 6 1288526164.0
78 6 1288527896.0
78 6 1288527904.0
78 17 1295467910.0
80 22 1331321367.0
80 22 1331321600.0
80 22 1331322100.0
80 22 1331322787.0
80 22 1331323376.0
80 22 1331328889.0
80 16 1331332314.0
82 1 1288780512.0
82 1 1288781164.0
82 1 1288782591.0
82 1 1288783004.0
82 1 1288783116.0
82 1 1288783172.0
82 1 1288783455.0
82 12 1288796215.0
82 12 1289164738.0
85 3 1073925832.0
85 3 1073925853.0
85 3 1073925944.0
85 3 1073926021.0
85 3 1073926355.0
85 3 1073926415.0
85 3 1073926415.0
85 3 1073926498.0
85 3 1073926606.0
85 3 1073926703.0
85 3 1073926732.0
85 3 1325431868.0
85 3 1325436298.0
85 3 1325436311.0
85 3 1325436523.0
85 3 1325436534.0
85 3 1325436542.0
85 3 1325438827.0
85 3 1325494791.0
85 2 1325589116.0
85 2 1325589163.0
85 2 1325589206.0
85 2 1325589552.0
85 2 1325589560.0
85 2 1325589588.0
85 2 1325589590.0
85 2 1325589592.0
85 2 1325589637.0
85 2 1325589640.0
85 2 1325589682.0
85 2 1325589687.0
85 2 1325589704.0
85 2 1325589720.0
85 2 1325589772.0
85 2 1325589773.0
85 2 1325589787.0
85 2 1325589793.0
85 2 1325589807.0
85 2 1325589807.0
85 2 1325589818.0
85 2 1325589831.0
85 2 1325589833.0
85 2 1325589853.0
85 2 1325589853.0
85 2 1325589855.0
85 2 1325589855.0
85 2 1325589860.0
85 2 1325589874.0
85 2 1325589880.0
85 2 1325589880.0
85 2 1325589939.0
85 2 1325589940.0
85 2 1325589940.0
85 2 1325590042.0
85 2 1325590042.0
85 2 1325590053.0
85 2 1325590105.0
85 2 1325590114.0
85 2 1325590141.0
85 2 1325590188.0
85 2 1325590188.0
85 2 1325590199.0
85 2 1325590223.0
85 2 1325590237.0
85 2 1325590237.0
85 2 1325590241.0
85 2 1325590241.0
85 2 1325590376.0
85 3 1325665701.0
85 3 1325665705.0
86 1 1339933462.0
86 1 1339934230.0
86 1 1339935144.0
86 1 1339935168.0
86 1 1339935260.0
86 1 1339936696.0
86 3 1339944370.0
86 3 1339944798.0
86 3 1339945170.0
86 6 1340009022.0
86 6 1340016814.0
87 23 1225124353.0
87 23 1225124562.0
87 10 1225626337.0
87 0 1252159454.0
87 0 1252164152.0
87 0 1252164244.0
87 0 1252166930.0
87 23 1252170380.0
87 23 1252170521.0
87 0 1326297093.0
87 0 1326881520.0
87 0 1326881725.0
87 0 1327659761.0
87 0 1328696696.0
87 0 1328696805.0
87 0 1328699290.0
87 0 1328891429.0
87 10 1333551140.0
87 10 1333551848.0
87 10 1333554377.0
87 0 1348670569.0
87 0 1348671685.0
87 22 1353778357.0
87 10 1359823185.0
87 0 1360671377.0
87 3 1372854811.0
87 22 1373394458.0
87 23 1376405492.0
87 0 1382030040.0
87 22 1384623525.0
87 4 1395570089.0
87 4 1395572444.0
87 4 1395578497.0
87 16 1396361587.0
88 16 1215783677.0
88 3 1215787913.0
88 3 1215787934.0
88 3 1215788400.0
88 16 1215791305.0
88 16 1215792184.0
88 16 1215792262.0
88 12 1215795917.0
88 12 1215796061.0
88 12 1215796357.0
88 11 1215798935.0
88 11 1215800794.0
88 11 1215800912.0
88 12 1215804284.0
88 12 1215804378.0
88 12 1215804786.0
88 12 1215805780.0
88 12 1215806736.0
88 12 1215807320.0
88 7 1215807655.0
88 12 1215810199.0
88 5 1216226941.0
88 6 1216227122.0
88 6 1216227142.0
88 6 1216227164.0
88 6 1216227199.0
88 6 1216227224.0
88 6 1216227335.0
88 6 1216227368.0
88 6 1216227384.0
88 5 1216229462.0
88 5 1216229469.0
88 5 1216230218.0
88 5 1216230272.0
88 5 1216230394.0
88 5 1216230549.0
88 5 1343639089.0
89 16 1373521682.0
89 16 1373522155.0
89 5 1373582498.0
89 17 1374436930.0
95 8 1346155861.0
95 24 1346349253.0
95 24 1346848083.0
98 3 1384633711.0
98 3 1384633729.0
98 3 1384633740.0
98 6 1384781419.0
98 6 1384781655.0
98 6 1384781946.0
98 6 1384782028.0
98 6 1384782095.0
98 6 1384782098.0
98 6 1384782112.0
98 6 1384782128.0
98 6 1384782240.0
98 6 1384782293.0
98 6 1384782564.0
98 6 1384782828.0
98 6 1384783374.0
100 6 1247221377.0
100 6 1247221771.0
100 6 1247222254.0
100 6 1247223010.0
100 6 1247223289.0
100 6 1247224322.0
100 6 1247228093.0
100 6 1247228820.0
100 6 1247229633.0
100 6 1247229830.0
100 6 1247229908.0
100 6 1247230551.0
100 6 1247230801.0
100 6 1247231460.0
100 6 1247231876.0
100 6 1247231887.0
100 6 1247232246.0
100 6 1247232265.0
100 6 1247232727.0
100 6 1247234111.0
100 6 1247234354.0
100 6 1314872766.0
100 6 1314873933.0
100 6 1314874695.0
100 6 1314875519.0
100 6 1314876928.0
100 6 1314877284.0
100 6 1314877690.0
100 6 1314877826.0
100 6 1314877964.0
100 5 1386495929.0
100 6 1386496783.0
100 6 1386497912.0
100 6 1386498270.0
100 6 1386498397.0
100 6 1386498933.0
100 6 1386502515.0
100 6 1386503934.0
100 6 1386504177.0
101 1 1311326190.0
101 1 1311326342.0
101 1 1311326381.0
101 1 1311326652.0
101 1 1311327016.0
101 1 1311327615.0
101 1 1311332253.0
101 0 1311336108.0
101 0 1311336668.0
101 11 1311347002.0
101 11 1311348188.0
101 2 1311349668.0
101 2 1311349683.0
101 2 1311349939.0
101 14 1311350377.0
101 14 1311350966.0
101 14 1311351696.0
101 14 1311352982.0
101 14 1311353003.0
101 0 1311355081.0
101 0 1311371890.0
101 19 1311492549.0
101 19 1311492712.0
101 19 1311493995.0
101 19 1311495655.0
101 19 1311495945.0
101 19 1311495997.0
101 19 1311496000.0
101 19 1311496081.0
101 19 1311496146.0
101 19 1311496156.0
101 19 1311496166.0
101 19 1311496243.0
101 19 1311496344.0
101 19 1311496437.0
101 8 1311500357.0
101 8 1311500769.0
101 11 1311591914.0
101 11 1311595480.0
101 11 1311595488.0
101 11 1311595626.0
101 19 1311609033.0
101 19 1311609051.0
101 19 1311609267.0
101 19 1311609308.0
101 19 1311609405.0
101 19 1311609442.0
101 19 1311609531.0
101 19 1311609618.0
101 19 1311609734.0
101 19 1311609935.0
101 19 1311610509.0
101 19 1311610523.0
101 19 1311610554.0
101 19 1311610657.0
101 19 1311610705.0
101 19 1311610886.0
101 19 1311610933.0
101 19 1311610934.0
101 19 1311610945.0
101 19 1311611478.0
101 19 1311611518.0
101 19 1311611542.0
101 19 1311611558.0
101 19 1311611735.0
101 19 1311611752.0
101 19 1311613719.0
101 19 1311614478.0
101 21 1386506834.0
101 21 1386507398.0
101 21 1386507693.0
101 21 1386507776.0
101 21 1386507790.0
101 21 1386507800.0
101 21 1386508024.0
101 21 1386508180.0
101 0 1386533882.0
101 0 1386533893.0
103 16 1345235048.0
103 16 1345235776.0
103 20 1347217866.0
103 3 1354279138.0
103 3 1354279138.0
103 3 1354279138.0
103 4 1357471987.0
103 4 1357473676.0
103 22 1367689626.0
103 3 1376314443.0
103 3 1376314443.0
103 3 1376314443.0
103 3 1379435356.0
103 3 1379438530.0
103 3 1379438557.0
103 3 1379438585.0
103 3 1379438592.0
103 3 1379438618.0
103 3 1379438624.0
103 3 1379438652.0
103 3 1379438656.0
103 3 1379438660.0
103 3 1379438701.0
103 3 1379438703.0
103 3 1379438722.0
103 3 1379438754.0
103 3 1380303875.0
103 3 1380303882.0
103 3 1380303927.0
103 3 1380303936.0
103 3 1380303945.0
103 3 1380304004.0
103 3 1380876125.0
103 3 1380876131.0
103 3 1380876149.0
103 3 1380876156.0
103 3 1380876163.0
103 3 1380876193.0
103 3 1380876212.0
103 3 1380876214.0
103 3 1380876217.0
103 3 1380876230.0
103 3 1380876233.0
103 3 1380876239.0
103 3 1380876242.0
103 3 1380990592.0
103 3 1380990644.0
103 3 1380990692.0
103 16 1380992569.0
103 16 1380992605.0
103 3 1384245946.0
103 3 1384246056.0
103 16 1391782429.0
107 1 1338404853.0
107 2 1338472159.0
108 12 1337420020.0
108 0 1337467537.0
108 1 1337483218.0
108 0 1351384476.0
108 15 1352610663.0
108 6 1376266991.0
108 1 1376289388.0
109 12 1206710571.0
109 1 1206721005.0
109 3 1206730132.0
110 2 1327505423.0
110 0 1327587240.0
111 2 1262275569.0
111 12 1262281099.0
113 2 1312668046.0
113 12 1312919797.0
113 15 1312977785.0
113 15 1312977800.0
113 15 1312981323.0
113 15 1312984594.0
113 15 1312984641.0
113 15 1312984743.0
113 15 1312985061.0
113 15 1312985132.0
113 15 1312985665.0
113 15 1312985990.0
113 15 1312988535.0
113 15 1312988873.0
113 15 1312988903.0
113 15 1312990660.0
113 15 1312990904.0
113 15 1312990912.0
113 15 1312990917.0
113 15 1312990926.0
113 15 1312991297.0
113 15 1312991963.0
113 15 1312991969.0
113 15 1312992720.0
113 15 1312992729.0
113 15 1312998474.0
113 15 1313003264.0
113 15 1313003388.0
113 15 1313003408.0
113 15 1313003596.0
113 15 1313003644.0
113 15 1313003657.0
113 15 1313004057.0
113 12 1363377533.0
121 3 1289665943.0
121 16 1290946711.0
121 7 1326035191.0
121 0 1326640753.0
124 12 1385662549.0
124 3 1385667961.0
124 3 1385668086.0
124 3 1385674647.0
124 12 1385680784.0
124 1 1385721103.0
124 21 1385732537.0
124 21 1385735578.0
126 7 1382470457.0
126 7 1382474657.0
126 7 1382475463.0
126 0 1382561869.0
126 7 1382561950.0
126 0 1382614494.0
126 0 1382616021.0
126 0 1382616069.0
126 0 1382616092.0
126 0 1382627888.0
126 0 1382629175.0
126 7 1382682878.0
127 5 1291928934.0
127 5 1291929023.0
127 5 1291929155.0
127 5 1291929233.0
127 5 1291929298.0
127 16 1291974048.0
127 5 1291978730.0
127 5 1291978766.0
127 5 1291979853.0
127 5 1291980244.0
127 6 1291980446.0
127 6 1291981118.0
127 6 1291983671.0
127 6 1296894168.0
127 6 1296895565.0
127 5 1296912472.0
127 12 1296928303.0
127 12 1296931696.0
129 12 1379618014.0
129 21 1380021704.0
129 21 1380021721.0
132 0 1253954216.0
132 8 1253970076.0
132 12 1253974052.0
132 0 1256213400.0
132 12 1259364053.0
132 12 1260401341.0
132 12 1260406620.0
132 0 1267021082.0
135 16 1144956943.0
135 3 1144966419.0
135 17 1151258307.0
135 17 1160932595.0
135 17 1160932902.0
135 17 1160932995.0
135 17 1160933808.0
135 17 1164135691.0
135 17 1164135776.0
135 17 1164136025.0
135 17 1166733035.0
135 17 1168547530.0
135 17 1169063518.0
135 17 1169063620.0
135 17 1170187900.0
135 17 1184358231.0
135 17 1187121253.0
135 17 1189357348.0
135 17 1199034260.0
135 17 1233418501.0
135 17 1233418553.0
135 17 1233420826.0
135 17 1247314929.0
135 17 1247315671.0
135 17 1248033503.0
135 17 1258916849.0
135 17 1259003680.0
135 17 1259004016.0
135 16 1264166453.0
135 17 1264964063.0
135 17 1274010411.0
135 17 1366314638.0
135 17 1366314823.0
135 17 1381085810.0
135 17 1381774624.0
135 17 1385832536.0
135 17 1385832574.0
136 15 1366903611.0
136 12 1366964925.0
136 1 1366970243.0
136 1 1366974242.0
136 1 1366976279.0
136 5 1367064740.0
136 6 1367086581.0
136 12 1367184455.0
137 7 1244071617.0
137 0 1244072240.0
137 7 1244073189.0
137 24 1244104268.0
137 24 1244104630.0
137 24 1244105174.0
138 12 1249750571.0
138 12 1249751717.0
138 22 1249775111.0
138 22 1249775367.0
138 22 1249775416.0
138 17 1365853116.0
142 6 1317641533.0
142 6 1317641709.0
142 15 1317647313.0
142 15 1317647473.0
142 15 1317654785.0
142 15 1317655826.0
143 9 1325043466.0
143 1 1325093795.0
143 6 1356798197.0
144 16 1382270630.0
144 8 1382271259.0
144 8 1382271261.0
144 8 1382271271.0
144 8 1382271272.0
144 8 1382271325.0
144 8 1382271332.0
144 8 1382271526.0
144 8 1382271536.0
144 8 1382271544.0
144 8 1382277941.0
144 8 1382277945.0
144 8 1382277946.0
144 8 1382277950.0
144 8 1382277954.0
144 8 1382277957.0
144 8 1382277968.0
144 8 1382277970.0
144 8 1382277973.0
144 8 1382277974.0
144 8 1382277976.0
144 8 1382277977.0
144 8 1382277984.0
144 17 1389290471.0
144 17 1389291629.0
144 17 1389291638.0
144 17 1389291648.0
144 17 1389291652.0
144 17 1389291657.0
144 17 1389291660.0
144 17 1389291664.0
144 17 1389291669.0
144 17 1389291671.0
144 17 1389291673.0
144 17 1389291676.0
144 17 1389291679.0
144 17 1389291682.0
144 17 1389291686.0
144 17 1389295095.0
144 17 1389296126.0
144 17 1389296130.0
144 17 1389296134.0
144 17 1389296143.0
144 17 1389629609.0
144 17 1389629610.0
144 17 1389629611.0
144 17 1389629614.0
144 17 1389629617.0
144 17 1389629618.0
144 17 1389629678.0
146 15 1230553882.0
146 15 1230554909.0
146 15 1230555316.0
146 15 1230566536.0
146 15 1230566536.0
146 3 1230817223.0
146 3 1230817223.0
146 3 1230817223.0
146 3 1230829293.0
146 15 1231110371.0
149 12 1380690317.0
149 2 1380753995.0
151 23 1255894198.0
151 0 1292756628.0
151 12 1292756975.0
151 3 1322850619.0
151 3 1322850633.0
153 1 1311414865.0
153 1 1311415394.0
153 1 1311415412.0
153 1 1311415486.0
153 1 1311415550.0
153 1 1311415592.0
153 1 1311415711.0
153 1 1311415765.0
153 1 1311416010.0
153 1 1311416389.0
153 1 1311416474.0
153 1 1311416574.0
153 1 1311416756.0
153 1 1311416816.0
153 1 1311416874.0
153 1 1311417309.0
153 1 1311418036.0
153 1 1311418098.0
153 1 1311418164.0
153 1 1311418271.0
153 1 1311418324.0
153 1 1311418374.0
153 1 1311418510.0
153 1 1311420180.0
153 1 1311420193.0
153 1 1311420201.0
153 1 1311420324.0
153 0 1311441193.0
154 1 1290207595.0
154 1 1290208680.0
154 1 1290208749.0
154 1 1290209784.0
154 1 1290210016.0
154 1 1290210213.0
154 1 1290210279.0
154 1 1290210855.0
154 14 1290292188.0
154 14 1290292288.0
154 26 1290293962.0
154 26 1290294075.0
154 26 1290294095.0
154 26 1290294173.0
154 6 1290421204.0
154 6 1290421470.0
154 6 1290421789.0
154 6 1290423063.0
154 6 1290423226.0
154 6 1290423579.0
154 6 1290423870.0
154 6 1290425125.0
154 6 1290425494.0
154 6 1290425814.0
154 6 1290447671.0
154 6 1290448019.0
154 6 1290450069.0
154 3 1365854696.0
154 3 1365855022.0
154 3 1365855396.0
154 3 1365855725.0
154 3 1365855839.0
154 3 1365855984.0
157 6 1221830139.0
157 6 1221835125.0
157 3 1222084791.0
157 3 1222085121.0
157 3 1222088386.0
158 15 1208598019.0
158 12 1208632194.0
159 12 1335692709.0
159 0 1335717779.0
163 15 1219585761.0
163 15 1219606668.0
163 15 1219606833.0
163 15 1219606917.0
163 15 1219607064.0
163 15 1219607206.0
163 15 1219607337.0
163 15 1219607559.0
163 15 1219612073.0
163 3 1243970958.0
163 6 1249577751.0
164 1 1215785744.0
164 1 1215787726.0
164 1 1215789848.0
164 1 1215793594.0
164 5 1215800046.0
164 6 1215800386.0
164 5 1215801688.0
164 6 1215804498.0
168 15 1372247932.0
168 15 1372247932.0
168 15 1372249514.0
168 15 1372249514.0
168 15 1372255207.0
168 15 1372255207.0
168 15 1372255209.0
168 15 1372255209.0
168 15 1372255212.0
168 15 1372255220.0
168 15 1372255220.0
168 15 1372255222.0
168 15 1372255222.0
168 15 1372260094.0
168 15 1372260094.0
168 15 1372260146.0
168 15 1372260146.0
168 15 1372266708.0
168 15 1372266708.0
168 15 1372266730.0
168 15 1372266730.0
168 23 1372350922.0
168 23 1372350928.0
169 12 1195465930.0
169 12 1195465950.0
169 12 1195466239.0
169 0 1195467317.0
169 0 1195467321.0
169 0 1195467362.0
169 12 1195479764.0
169 12 1195479774.0
169 12 1195479783.0
169 12 1195479800.0
169 12 1195479817.0
169 12 1195479834.0
171 20 1349525114.0
171 20 1349525138.0
171 20 1349525147.0
171 20 1349525652.0
171 20 1349525692.0
171 20 1349525704.0
171 20 1349525820.0
171 20 1349525917.0
171 20 1349525988.0
171 20 1349526230.0
171 20 1349526652.0
171 20 1349526773.0
171 20 1349526845.0
171 20 1349527101.0
171 20 1349527129.0
171 20 1349527134.0
171 20 1349527144.0
171 16 1349529154.0
171 16 1349529235.0
171 16 1349529250.0
171 16 1349529268.0
171 16 1349529275.0
171 16 1349529288.0
171 16 1349529294.0
171 16 1349529329.0
171 16 1349529389.0
171 16 1349529395.0
171 16 1349529570.0
173 17 1262465934.0
173 17 1262465946.0
173 17 1262465946.0
173 1 1272888293.0
173 1 1272889225.0
173 1 1272889483.0
173 1 1272889899.0
173 1 1272890082.0
173 1 1272890230.0
173 1 1272890618.0
173 1 1272890647.0
173 1 1272892164.0
173 1 1272892296.0
173 1 1272892349.0
173 1 1272892432.0
173 1 1272892640.0
173 1 1272893785.0
173 1 1272894030.0
173 1 1272894469.0
173 1 1272899803.0
173 1 1272900021.0
174 1 1379507129.0
174 1 1379507368.0
174 1 1379507633.0
174 1 1379507661.0
174 1 1379507678.0
174 1 1379507762.0
174 1 1379507915.0
174 1 1379508155.0
174 1 1379508171.0
174 1 1379508177.0
174 1 1379512146.0
174 1 1379512170.0
174 1 1379512183.0
174 1 1379512201.0
174 1 1379512262.0
174 1 1379512279.0
174 1 1379512297.0
174 1 1379512378.0
174 1 1379512415.0
174 1 1379512430.0
174 1 1379512437.0
174 1 1379512521.0
174 1 1379512566.0
174 1 1379514801.0
174 1 1379514939.0
174 1 1379515613.0
174 0 1379686190.0
177 12 1287952540.0
177 12 1287952601.0
177 12 1287952648.0
177 12 1287953487.0
177 2 1288015864.0
177 2 1288015971.0
177 2 1288015987.0
177 2 1288015996.0
177 2 1288016041.0
177 2 1288016195.0
177 2 1288016322.0
177 2 1288016348.0
177 2 1288016382.0
177 2 1288016441.0
177 2 1288016956.0
177 2 1288016990.0
177 2 1288017001.0
177 2 1288017758.0
177 2 1288018276.0
177 2 1288018596.0
177 2 1288018620.0
177 2 1288018670.0
177 2 1288018689.0
177 2 1288018829.0
177 2 1288019161.0
177 2 1288019169.0
177 2 1288019913.0
177 2 1288019946.0
177 2 1288019959.0
177 2 1288019976.0
177 2 1288020024.0
177 2 1288020124.0
177 2 1288020291.0
177 2 1288020795.0
177 2 1288020826.0
177 2 1288022264.0
177 2 1288022276.0
177 2 1288022339.0
177 2 1288022548.0
177 2 1288022561.0
177 2 1288022626.0
177 3 1288036401.0
177 3 1288036553.0
177 3 1288036610.0
177 3 1288036614.0
177 3 1288036696.0
177 3 1288036918.0
177 3 1288036948.0
177 3 1288037075.0
177 3 1288037083.0
177 3 1288037118.0
177 3 1288037512.0
177 3 1288037517.0
177 3 1288037546.0
177 3 1288037669.0
177 3 1288037727.0
177 3 1288037807.0
177 3 1288037843.0
177 3 1288037880.0
177 3 1288037936.0
177 3 1288039149.0
177 3 1288039283.0
177 3 1288039365.0
177 3 1288039472.0
177 3 1288039772.0
177 3 1288039878.0
177 3 1288040073.0
177 3 1288040113.0
177 3 1288040177.0
177 3 1288040186.0
177 3 1288040284.0
177 3 1288040340.0
177 3 1288040415.0
177 3 1288040472.0
177 3 1288040664.0
177 3 1288040697.0
177 3 1288040786.0
177 3 1288040813.0
177 3 1288041408.0
177 3 1288041455.0
177 3 1288041718.0
177 3 1288042684.0
177 3 1288042742.0
177 3 1288042792.0
177 3 1288043052.0
177 16 1288044613.0
177 16 1288044690.0
177 16 1288044817.0
177 16 1288044982.0
177 16 1288045331.0
177 16 1288045371.0
177 16 1288046536.0
177 16 1288046546.0
177 9 1288086259.0
177 9 1288086294.0
177 9 1288086508.0
177 9 1288086543.0
177 9 1288086784.0
177 9 1288086829.0
177 9 1288086876.0
177 9 1288086905.0
177 9 1288086929.0
177 9 1288086950.0
177 9 1288087019.0
177 9 1288087086.0
177 9 1288087168.0
177 9 1288087184.0
177 9 1288087412.0
177 9 1288087586.0
177 9 1288087649.0
177 9 1288087670.0
177 9 1288087970.0
177 9 1288088088.0
177 9 1288088684.0
177 9 1288088709.0
177 9 1288089013.0
177 9 1288089051.0
177 9 1288089123.0
177 9 1288089209.0
177 9 1288089461.0
177 9 1288089534.0
177 9 1288089722.0
177 9 1288089789.0
177 9 1288091513.0
177 9 1288091537.0
177 9 1288092589.0
177 9 1288092618.0
177 9 1288092646.0
177 9 1288092679.0
177 9 1288092758.0
177 9 1288093067.0
177 9 1288093127.0
177 9 1288093555.0
177 9 1288093645.0
177 14 1288095184.0
177 14 1288095240.0
177 14 1288095259.0
177 14 1288095354.0
177 14 1288095888.0
177 14 1288096220.0
177 14 1288096402.0
177 14 1288096461.0
177 14 1288096654.0
177 14 1288096800.0
177 14 1288097047.0
177 14 1288097059.0
177 14 1288097075.0
177 14 1288097231.0
177 1 1288104886.0
177 1 1288104941.0
177 1 1288105013.0
177 1 1288105025.0
177 1 1288105084.0
177 1 1288105357.0
177 1 1288105588.0
177 1 1288105672.0
177 1 1288105748.0
177 1 1288105903.0
177 1 1288105949.0
177 1 1288106346.0
177 1 1288106458.0
177 1 1288106847.0
177 1 1288107003.0
177 1 1288107060.0
177 1 1288107216.0
177 1 1288107263.0
177 1 1288107413.0
177 1 1288107435.0
177 1 1288107539.0
177 1 1288107601.0
177 1 1288107622.0
177 1 1288108415.0
177 1 1288108436.0
177 1 1288108454.0
177 1 1288108640.0
177 1 1288108664.0
177 1 1288109618.0
177 1 1288110074.0
177 1 1288110141.0
177 1 1288110157.0
177 1 1288110165.0
177 1 1288110234.0
177 1 1288110428.0
177 12 1335020001.0
177 2 1335025047.0
177 2 1335025711.0
177 2 1335026691.0
177 2 1335027180.0
177 2 1335027497.0
177 2 1335028176.0
177 2 1335028236.0
177 2 1335028307.0
177 2 1335028377.0
177 2 1335028686.0
177 2 1335028703.0
177 2 1335028709.0
177 2 1335028858.0
177 2 1335028973.0
177 2 1335029070.0
177 2 1335029112.0
177 2 1335029244.0
177 2 1335029348.0
177 2 1335029483.0
177 2 1335029843.0
177 2 1335029997.0
177 2 1335030193.0
177 2 1335030452.0
177 2 1335030566.0
177 2 1335030601.0
177 2 1335030637.0
177 2 1335030826.0
177 2 1335030966.0
177 5 1335034273.0
177 5 1335034364.0
177 5 1335034453.0
177 5 1335034546.0
177 5 1335035069.0
177 5 1335035276.0
177 5 1335035387.0
177 5 1335035445.0
177 5 1335035910.0
177 5 1335036406.0
177 1 1335104579.0
177 1 1335104749.0
177 1 1335104811.0
177 1 1335105216.0
177 1 1335105273.0
177 1 1335105417.0
177 1 1335105525.0
177 1 1335105609.0
177 1 1335106655.0
177 1 1335109424.0
177 1 1335109445.0
177 1 1335109489.0
177 1 1335110959.0
177 1 1335111040.0
177 1 1335111055.0
177 1 1335111399.0
177 1 1335111536.0
177 3 1335122505.0
177 3 1335122641.0
177 3 1335122660.0
177 3 1335122943.0
177 3 1335123019.0
177 3 1335123329.0
177 3 1335123379.0
177 3 1335123600.0
177 3 1335123878.0
177 3 1335124096.0
177 3 1335125093.0
177 3 1335125372.0
177 3 1335125664.0
177 3 1335126213.0
177 3 1335128141.0
177 3 1335128283.0
177 0 1335178357.0
177 0 1335178402.0
177 0 1335178433.0
177 0 1335179669.0
177 0 1335179799.0
177 0 1335179856.0
177 7 1335180169.0
177 7 1335180176.0
177 0 1335181315.0
177 0 1335181334.0
177 0 1335181365.0
177 0 1335181379.0
177 0 1335182828.0
177 0 1335182950.0
177 0 1335182996.0
177 0 1335183035.0
177 0 1335183100.0
177 0 1335183111.0
177 0 1335183116.0
177 0 1335183704.0
177 0 1335183708.0
177 0 1335185349.0
177 0 1335187560.0
177 12 1335261646.0
177 12 1335261652.0
177 12 1335261690.0
177 12 1335261696.0
177 11 1335281399.0
179 6 1223377387.0
179 6 1223377483.0
179 6 1223377692.0
179 6 1223378548.0
179 6 1223378991.0
179 6 1223379276.0
179 6 1223379719.0
179 6 1223379772.0
179 6 1223379870.0
179 6 1223380285.0
179 6 1223380652.0
179 6 1223380791.0
179 6 1223380888.0
179 6 1223381038.0
179 6 1223381473.0
179 6 1223381492.0
179 12 1223836163.0
180 16 1380884692.0
180 1 1380889255.0
180 9 1380896110.0
180 2 1380900605.0
180 2 1380902970.0
181 1 1372507612.0
181 12 1372526542.0
182 1 1349049600.0
182 1 1349049600.0
182 1 1349049600.0
182 1 1349049600.0
182 1 1349049600.0
182 2 1349049600.0
182 1 1349049600.0
182 12 1350671303.0
182 1 1350726896.0
182 1 1350729088.0
184 7 1270327854.0
184 7 1270328305.0
184 7 1270328414.0
184 7 1270328429.0
184 7 1270328453.0
184 7 1270329354.0
184 12 1270330964.0
185 5 1349579113.0
185 1 1349929009.0
4 10 1394377577.0
4 10 1394377628.0
5 2 1312304026.0
5 1 1345039332.0
6 12 1324937257.0
6 12 1324937303.0
7 12 1311784053.0
7 12 1311784226.0
9 1 1290176638.0
9 1 1290176654.0
10 7 1220870412.0
10 1 1221056929.0
11 3 1364968956.0
11 3 1364968981.0
12 6 1319372695.0
12 5 1319372804.0
13 6 1099238409.0
13 2 1112696700.0
15 11 1380995135.0
15 11 1380995949.0
16 16 1293986844.0
16 16 1293986856.0
17 2 1372354593.0
17 2 1372354731.0
21 1 1307539642.0
21 1 1307539750.0
22 19 1289739533.0
22 19 1289739567.0
26 12 1359635311.0
26 16 1385648050.0
27 6 1178990577.0
27 6 1178991014.0
28 1 1333811759.0
28 1 1333811776.0
30 14 1288742423.0
30 2 1288791050.0
36 16 1206039238.0
36 16 1206039443.0
39 3 1341404282.0
39 8 1342811859.0
41 3 1384943215.0
41 3 1384948779.0
42 3 1364669723.0
42 1 1364775049.0
45 7 1289701176.0
45 0 1289734628.0
46 1 1384906838.0
46 1 1384906960.0
47 3 1191703240.0
47 3 1191703582.0
49 20 1299068620.0
49 20 1299068737.0
51 0 1285246211.0
51 19 1294166149.0
53 22 1334399278.0
53 3 1334642490.0
55 6 1232971755.0
55 6 1232971836.0
57 11 1371519797.0
57 11 1371567374.0
58 5 1189570638.0
58 5 1189570990.0
65 23 1279384567.0
65 23 1279385209.0
68 20 1270586660.0
68 3 1274906402.0
69 7 1334419723.0
69 7 1334421494.0
70 0 1318015083.0
70 0 1318015106.0
72 0 1385228757.0
72 0 1385229553.0
73 12 1355061688.0
73 0 1355063545.0
76 15 1371397816.0
76 15 1371397838.0
77 3 1334232139.0
77 3 1334232242.0
79 1 1366409705.0
79 1 1366409812.0
81 5 1258827158.0
81 5 1258827277.0
83 1 1345908203.0
83 1 1345908336.0
84 16 1351641814.0
84 22 1351648928.0
90 0 1349291461.0
90 12 1349354409.0
91 20 1316420330.0
91 16 1334410101.0
92 24 1312717488.0
92 24 1312719410.0
93 12 1380660257.0
93 12 1380660279.0
94 19 1302973220.0
94 25 1358263128.0
96 1 1333659897.0
96 1 1333660016.0
97 6 1383530737.0
97 12 1383594537.0
99 1 1065086705.0
99 1 1065086837.0
102 3 1369729064.0
102 0 1369768842.0
104 6 1184409129.0
104 6 1184409398.0
105 12 1225947182.0
105 12 1225947362.0
106 12 1305980570.0
106 12 1305980571.0
112 22 1367347062.0
112 16 1367349510.0
114 4 1305989371.0
114 4 1305989602.0
115 1 1301906278.0
115 1 1301906378.0
116 0 1310164738.0
116 12 1315760416.0
117 10 1316355371.0
117 6 1316426308.0
118 21 1379617771.0
118 12 1379714684.0
119 1 1304507675.0
119 1 1304507685.0
120 7 1353238529.0
120 9 1353244640.0
122 16 1095341208.0
122 16 1095341726.0
123 12 1368962308.0
123 12 1368962330.0
125 6 1285333401.0
125 6 1285334371.0
128 19 1327773193.0
128 2 1332687259.0
130 3 1305737512.0
130 3 1305737550.0
131 17 1155236994.0
131 17 1155237033.0
133 12 1381607281.0
133 1 1381663154.0
134 0 1203262381.0
134 21 1217684457.0
139 6 1381816845.0
139 15 1381833384.0
140 12 1366640138.0
140 12 1366647919.0
141 6 1274522512.0
141 3 1274563058.0
145 12 1196950113.0
145 12 1196950125.0
147 0 1156737547.0
147 1 1187380901.0
148 6 1345918873.0
148 6 1377972535.0
150 3 1396628028.0
150 3 1396630373.0
152 1 1270043717.0
152 3 1270062839.0
155 16 1387437500.0
155 16 1387437584.0
156 3 1339340206.0
156 3 1339344609.0
160 2 1351172667.0
160 12 1351180079.0
161 2 1157409453.0
161 2 1157409456.0
162 22 1185120036.0
162 11 1185214211.0
165 12 1312334526.0
165 0 1375021498.0
166 16 1268311138.0
166 17 1384268652.0
167 3 1380558455.0
167 3 1380558666.0
170 1 1225146285.0
170 21 1225185371.0
172 6 1376309891.0
172 6 1376310097.0
175 12 1270213871.0
175 12 1270213989.0
176 20 1225505746.0
176 20 1234820683.0
178 1 1380813895.0
178 1 1380813992.0
183 1 1287300007.0
183 1 1287300321.0
