4 10 1394377577.0
4 10 1394377628.0
4 10 1394377735.0
4 10 1394377820.0
4 10 1394377900.0
4 10 1394377983.0
4 10 1394378129.0
4 10 1394378162.0
4 10 1394379038.0
4 5 1395578220.0
4 5 1395578341.0
4 5 1395578470.0
4 5 1395578474.0
4 5 1395578475.0
4 6 1395578624.0
4 6 1395578627.0
4 6 1395578628.0
4 6 1395578629.0
4 6 1395578631.0
4 6 1395578662.0
4 6 1395578696.0
4 5 1395578861.0
4 6 1395578973.0
4 6 1395579068.0
4 6 1395579132.0
4 6 1395579154.0
4 6 1395579208.0
4 6 1395579227.0
4 6 1395579228.0
4 6 1395579289.0
4 6 1395579310.0
4 6 1395579361.0
4 6 1395579363.0
4 6 1395579384.0
4 5 1395579456.0
4 5 1395579641.0
4 5 1395579684.0
4 5 1395579688.0
4 5 1395579690.0
4 5 1395579701.0
4 5 1395579722.0
4 5 1395579747.0
4 5 1395579890.0
4 5 1395580123.0
4 5 1395580353.0
4 5 1395580453.0
4 5 1395580583.0
4 5 1395580662.0
4 6 1398589165.0
4 6 1398589385.0
4 6 1398589655.0
4 5 1398589662.0
4 5 1398589797.0
4 5 1398590156.0
4 5 1398590749.0
4 5 1398590964.0
4 5 1398591027.0
4 5 1398591540.0
4 5 1398591630.0
4 5 1398591709.0
4 6 1398591792.0
4 6 1398591807.0
4 6 1398591863.0
4 6 1398591919.0
4 6 1398591970.0
4 6 1398591991.0
4 6 1398592059.0
4 6 1398592070.0
4 5 1398592099.0
4 5 1398592109.0
4 5 1398592180.0
4 6 1398592233.0
4 5 1398592314.0
4 5 1398592331.0
4 5 1398592336.0
4 5 1398592344.0
4 5 1398592356.0
4 5 1398592361.0
4 5 1398592374.0
4 5 1398592387.0
4 5 1398592403.0
4 5 1398592408.0
4 5 1398592421.0
4 5 1398592461.0
4 5 1398592510.0
4 5 1398592555.0
4 5 1398592564.0
4 5 1398592598.0
4 5 1398592704.0
4 5 1398592804.0
4 5 1398592984.0
4 5 1398592995.0
4 5 1398593001.0
4 5 1398593093.0
4 5 1398593196.0
4 5 1398593200.0
4 5 1398593262.0
4 5 1398593277.0
4 5 1398593333.0
4 5 1398593430.0
4 5 1398593435.0
4 5 1398593437.0
4 5 1398593620.0
4 5 1398593632.0
4 5 1398593648.0
4 5 1398593713.0
35 1 1196170106.0
35 3 1196178083.0
35 3 1196178826.0
35 3 1196179392.0
35 3 1196182249.0
35 3 1196183668.0
35 3 1196184386.0
35 3 1196184447.0
35 3 1196185529.0
35 3 1196185777.0
35 3 1196186217.0
35 3 1196186267.0
36 16 1206039238.0
36 16 1206039443.0
36 16 1206039470.0
36 16 1206040581.0
36 16 1206040704.0
36 12 1206048767.0
36 12 1206050131.0
36 0 1206052799.0
36 5 1206102144.0
36 5 1206102352.0
36 6 1206103347.0
36 6 1206103736.0
36 6 1206103849.0
36 6 1206104337.0
36 6 1206104520.0
36 6 1206104539.0
36 6 1206104879.0
36 6 1206105126.0
36 6 1206105140.0
36 6 1206105149.0
36 6 1206105305.0
36 6 1206105583.0
36 6 1206105826.0
36 6 1206106364.0
36 6 1206106388.0
36 6 1206106429.0
36 6 1206107175.0
36 6 1206107235.0
36 6 1206107641.0
36 5 1206112381.0
36 5 1206115130.0
36 5 1206115178.0
36 5 1206115815.0
36 5 1206115878.0
36 5 1206116433.0
36 0 1206147145.0
36 0 1206147200.0
36 12 1206213511.0
36 12 1206213828.0
36 12 1206215492.0
39 3 1341404282.0
39 8 1342811859.0
39 8 1344280292.0
42 3 1364669723.0
42 1 1364775049.0
46 1 1384906838.0
46 1 1384906960.0
46 0 1384929154.0
46 0 1384934978.0
46 0 1384935403.0
46 0 1384997432.0
46 0 1385028090.0
46 12 1385193383.0
46 12 1385197035.0
46 12 1385198989.0
46 0 1385509251.0
46 3 1385509369.0
46 1 1385620254.0
51 0 1285246211.0
51 19 1294166149.0
51 5 1299052641.0
51 8 1319644639.0
51 8 1319647276.0
53 22 1334399278.0
53 3 1334642490.0
54 6 1236964003.0
54 0 1250363943.0
54 0 1250363959.0
54 0 1250364217.0
54 0 1250364222.0
54 0 1250366100.0
54 22 1250370586.0
54 22 1250370589.0
54 16 1250466495.0
54 16 1250493878.0
54 8 1293016801.0
54 1 1293020491.0
54 8 1293052374.0
54 8 1293052377.0
54 8 1293052387.0
54 8 1293054134.0
54 8 1293054231.0
54 5 1293108665.0
54 6 1293108970.0
54 6 1293110149.0
54 6 1293113084.0
54 6 1293119518.0
54 6 1293119956.0
54 6 1293120510.0
54 6 1293121468.0
54 6 1293121971.0
54 6 1293122249.0
54 6 1293126443.0
58 5 1189570638.0
58 5 1189570990.0
58 6 1189571591.0
58 6 1189573594.0
58 6 1189573897.0
58 6 1189574199.0
58 6 1189574501.0
58 6 1189575789.0
58 6 1189576210.0
58 5 1189577965.0
58 5 1189578322.0
58 1 1189585098.0
58 12 1239115335.0
58 12 1239118154.0
60 5 1224224057.0
60 6 1224224477.0
60 6 1224224749.0
60 6 1224225595.0
60 6 1224225632.0
60 6 1224226069.0
60 6 1224226256.0
60 6 1224226843.0
60 6 1224227039.0
60 6 1224227111.0
60 6 1224227240.0
60 6 1224227259.0
60 6 1224227305.0
60 6 1224227765.0
60 6 1224227877.0
60 6 1224228035.0
60 6 1224228372.0
60 6 1224228390.0
60 6 1224228523.0
60 12 1225457592.0
60 1 1364406894.0
60 1 1364407065.0
62 12 1081449938.0
62 6 1142176888.0
62 6 1142178122.0
62 6 1142181287.0
62 5 1142191095.0
62 5 1142191888.0
62 12 1144540735.0
62 6 1147433496.0
62 5 1147433562.0
62 5 1147433648.0
62 5 1147721518.0
62 5 1147928716.0
62 7 1153932713.0
65 23 1279384567.0
65 23 1279385209.0
65 19 1280133327.0
65 8 1355515364.0
70 0 1318015083.0
70 0 1318015106.0
70 0 1318015365.0
70 0 1318015476.0
70 0 1318015581.0
70 8 1319995423.0
70 8 1319995536.0
70 8 1319995548.0
70 8 1319995640.0
70 8 1319995740.0
70 8 1319995795.0
70 8 1319995851.0
70 8 1319995958.0
70 8 1319996007.0
70 8 1319996015.0
70 8 1319996043.0
70 8 1319996295.0
70 8 1319996380.0
70 8 1319996488.0
70 8 1319996528.0
70 8 1319996598.0
70 8 1319996738.0
70 8 1319996794.0
70 14 1365084136.0
70 14 1365084164.0
70 14 1365084261.0
70 14 1365084319.0
70 14 1365084429.0
70 14 1365084441.0
70 14 1365084508.0
70 14 1365084553.0
70 14 1365084586.0
70 14 1365084629.0
70 14 1365084637.0
70 14 1365084721.0
70 14 1365084737.0
70 14 1365084875.0
70 14 1365085006.0
70 14 1365085116.0
70 14 1365085124.0
70 14 1365085167.0
70 14 1365085205.0
70 14 1365085509.0
70 14 1365085572.0
70 4 1378660034.0
70 4 1378660786.0
70 4 1378661048.0
70 4 1378661528.0
70 4 1378661811.0
70 4 1378662216.0
70 4 1378662358.0
70 14 1378663126.0
70 4 1380988332.0
70 4 1380988606.0
70 4 1380988856.0
70 4 1380989176.0
70 4 1380989497.0
70 4 1380989969.0
70 4 1380990454.0
70 4 1380990497.0
70 1 1387120156.0
70 8 1387138682.0
70 8 1387138934.0
70 8 1387139042.0
70 8 1387139054.0
70 8 1387139143.0
70 8 1387139192.0
70 8 1387139487.0
70 8 1387139523.0
70 8 1387139533.0
70 8 1387139547.0
70 8 1387139557.0
70 8 1387141085.0
70 8 1387833968.0
76 15 1371397816.0
76 15 1371397838.0
76 15 1371398595.0
76 15 1371398597.0
76 15 1371398599.0
76 22 1371768724.0
76 20 1371812943.0
76 20 1371812952.0
76 1 1371827137.0
76 1 1371827143.0
76 1 1371827162.0
76 1 1371827302.0
76 1 1371827355.0
76 1 1371827369.0
76 1 1371830066.0
76 1 1371831054.0
76 1 1371831072.0
76 1 1371831092.0
76 2 1371844056.0
76 2 1371844082.0
76 2 1371844787.0
76 2 1371844853.0
76 2 1371844922.0
76 2 1371844932.0
76 2 1371844945.0
76 2 1371844961.0
76 12 1371852096.0
76 12 1371938789.0
76 12 1371938791.0
76 0 1371940286.0
76 19 1373220231.0
76 19 1373220286.0
76 19 1373220394.0
76 19 1373220398.0
76 19 1373220507.0
76 19 1373220516.0
76 19 1373220646.0
76 19 1373220649.0
76 19 1373220691.0
76 19 1373220761.0
76 19 1373220771.0
76 19 1373220865.0
76 19 1373221181.0
76 19 1373221530.0
76 19 1373221667.0
76 19 1373221851.0
76 19 1373221937.0
76 19 1373221988.0
76 19 1373222007.0
76 19 1373222051.0
76 19 1373222097.0
76 19 1373222115.0
76 19 1373222133.0
76 19 1373222198.0
76 19 1373222240.0
76 19 1373222299.0
76 19 1374605066.0
76 19 1374605131.0
76 19 1374684354.0
76 19 1374684464.0
76 19 1374684594.0
76 19 1374684636.0
76 19 1374684883.0
76 19 1374684957.0
76 19 1374684961.0
76 19 1374684965.0
76 19 1374686006.0
76 19 1374686451.0
76 19 1374689914.0
76 19 1374689923.0
76 19 1374689960.0
76 19 1374690224.0
76 19 1374690227.0
76 19 1374690229.0
76 19 1374690231.0
76 19 1374690238.0
76 19 1374690240.0
76 19 1374690260.0
76 19 1374690262.0
76 19 1374690264.0
76 19 1374690273.0
76 19 1374690283.0
76 19 1374690353.0
76 19 1374690409.0
76 19 1374690410.0
76 19 1374690411.0
76 19 1374690412.0
76 19 1374690414.0
76 19 1374690415.0
76 19 1374690417.0
76 19 1374690420.0
76 19 1374690421.0
76 19 1374690422.0
76 19 1374690426.0
76 19 1374690427.0
76 19 1374690428.0
76 19 1374690429.0
76 19 1374690431.0
76 19 1374690432.0
76 19 1374690433.0
76 19 1374690471.0
76 19 1374690476.0
76 19 1374690494.0
76 19 1374690495.0
76 19 1374690627.0
76 19 1374690819.0
76 19 1374690872.0
76 19 1374690875.0
76 19 1374690909.0
76 19 1374690914.0
76 19 1374691068.0
76 19 1374691136.0
76 19 1374691147.0
76 19 1374691153.0
76 19 1374691154.0
76 19 1374691238.0
76 19 1374691245.0
76 19 1374766334.0
76 19 1374766418.0
76 19 1374766419.0
76 19 1374766441.0
76 19 1374766462.0
76 19 1374766487.0
76 19 1374766613.0
76 19 1374767086.0
76 19 1374767088.0
76 19 1374767091.0
76 19 1374767389.0
76 19 1374767627.0
76 19 1374767737.0
76 19 1374767738.0
76 19 1374767738.0
76 19 1374767739.0
76 19 1374767739.0
76 19 1374767739.0
76 19 1374767740.0
76 19 1374767740.0
76 19 1374767740.0
76 19 1374767741.0
76 19 1374767741.0
76 19 1374767741.0
76 19 1374767742.0
76 19 1374767742.0
76 19 1374767778.0
76 19 1374767964.0
76 19 1374768976.0
76 19 1374768978.0
76 19 1374768979.0
76 19 1374768981.0
76 19 1374769002.0
76 19 1374769005.0
76 19 1374769007.0
76 19 1374769030.0
76 19 1374769039.0
76 19 1374769042.0
76 19 1374769044.0
76 19 1374769050.0
76 19 1374769053.0
76 19 1374769059.0
76 19 1374769105.0
76 19 1374769110.0
76 19 1374769112.0
76 19 1374769114.0
76 19 1374769117.0
76 19 1374769120.0
76 19 1374769156.0
76 19 1374769160.0
76 19 1374769168.0
76 19 1374769171.0
76 19 1374769172.0
76 19 1374769176.0
76 19 1374769177.0
76 19 1374769186.0
76 19 1374769187.0
76 19 1374769188.0
76 19 1374769190.0
76 19 1374769191.0
76 19 1374769193.0
76 19 1374769195.0
76 19 1374769203.0
76 19 1374769205.0
76 19 1374769207.0
76 19 1374769209.0
76 19 1374769210.0
76 19 1374769224.0
76 19 1374769225.0
76 19 1374769255.0
76 19 1374769317.0
76 19 1374769320.0
76 19 1374776885.0
76 19 1374776896.0
76 15 1379343348.0
76 15 1379343360.0
76 15 1379343425.0
76 15 1379343457.0
76 15 1379343481.0
76 15 1379343491.0
76 15 1379343493.0
76 15 1379343525.0
76 15 1379343550.0
76 15 1379343575.0
76 15 1379343577.0
76 15 1379343684.0
76 15 1379343686.0
76 15 1379343727.0
76 15 1379343766.0
76 15 1379343847.0
76 15 1379343869.0
76 15 1379343871.0
76 15 1379343872.0
76 15 1379343915.0
76 15 1379343917.0
83 1 1345908203.0
83 1 1345908336.0
83 1 1345908352.0
83 1 1345908359.0
83 1 1345908367.0
83 1 1345908384.0
83 1 1345908571.0
83 1 1345908586.0
83 1 1345908592.0
83 1 1345908606.0
83 1 1345908648.0
83 1 1345908684.0
83 1 1345908731.0
83 1 1345908758.0
83 1 1345908769.0
83 1 1345908792.0
83 1 1345908948.0
83 1 1345908960.0
83 1 1345908989.0
83 1 1345909037.0
83 1 1345909046.0
83 1 1345909074.0
83 1 1345909159.0
83 1 1345909171.0
83 1 1345909813.0
83 1 1345909853.0
83 1 1345910504.0
83 1 1345910518.0
83 1 1345910529.0
83 1 1345912610.0
83 1 1345912803.0
83 1 1345912820.0
83 1 1345912828.0
83 1 1345912858.0
83 1 1345912931.0
83 1 1345912961.0
83 1 1345913136.0
83 1 1345913140.0
83 11 1345930071.0
84 16 1351641814.0
84 22 1351648928.0
84 16 1351662848.0
84 8 1351663421.0
84 8 1351663646.0
90 0 1349291461.0
90 12 1349354409.0
95 8 1346155861.0
95 24 1346349253.0
95 24 1346848083.0
108 12 1337420020.0
108 0 1337467537.0
108 1 1337483218.0
108 0 1351384476.0
108 15 1352610663.0
108 6 1376266991.0
108 1 1376289388.0
110 2 1327505423.0
110 0 1327587240.0
117 10 1316355371.0
117 6 1316426308.0
117 6 1316428602.0
117 6 1316428663.0
117 6 1316428696.0
117 6 1316428782.0
117 6 1316428845.0
117 6 1316428950.0
117 6 1316429053.0
117 6 1316429111.0
117 6 1316429171.0
117 6 1316429253.0
117 6 1316429361.0
117 6 1316429408.0
117 6 1316429651.0
117 6 1316430052.0
117 6 1316430125.0
117 6 1316430294.0
117 6 1316430602.0
117 1 1316433821.0
117 1 1316434209.0
117 1 1316434467.0
117 1 1316434546.0
117 1 1316434958.0
117 1 1316434998.0
117 1 1316435317.0
117 1 1316435948.0
117 1 1316437606.0
128 19 1327773193.0
128 2 1332687259.0
128 2 1332691928.0
128 2 1332692010.0
128 7 1342976277.0
134 0 1203262381.0
134 21 1217684457.0
134 21 1217684528.0
134 21 1217684603.0
134 21 1217684685.0
134 21 1217684967.0
134 21 1217684980.0
134 21 1217685137.0
134 21 1217685195.0
134 21 1217685262.0
134 21 1217685415.0
134 9 1217688901.0
134 9 1217689056.0
134 9 1217689084.0
134 9 1217689203.0
134 9 1217689383.0
134 9 1217690054.0
134 9 1217690118.0
134 12 1361114580.0
134 22 1374952425.0
134 22 1374952445.0
135 16 1144956943.0
135 3 1144966419.0
135 17 1151258307.0
135 17 1160932595.0
135 17 1160932902.0
135 17 1160932995.0
135 17 1160933808.0
135 17 1164135691.0
135 17 1164135776.0
135 17 1164136025.0
135 17 1166733035.0
135 17 1168547530.0
135 17 1169063518.0
135 17 1169063620.0
135 17 1170187900.0
135 17 1184358231.0
135 17 1187121253.0
135 17 1189357348.0
135 17 1199034260.0
135 17 1233418501.0
135 17 1233418553.0
135 17 1233420826.0
135 17 1247314929.0
135 17 1247315671.0
135 17 1248033503.0
135 17 1258916849.0
135 17 1259003680.0
135 17 1259004016.0
135 16 1264166453.0
135 17 1264964063.0
135 17 1274010411.0
135 17 1366314638.0
135 17 1366314823.0
135 17 1381085810.0
135 17 1381774624.0
135 17 1385832536.0
135 17 1385832574.0
137 7 1244071617.0
137 0 1244072240.0
137 7 1244073189.0
137 24 1244104268.0
137 24 1244104630.0
137 24 1244105174.0
139 6 1381816845.0
139 15 1381833384.0
148 6 1345918873.0
148 6 1377972535.0
148 6 1379961976.0
148 6 1381911670.0
148 1 1396349815.0
154 1 1290207595.0
154 1 1290208680.0
154 1 1290208749.0
154 1 1290209784.0
154 1 1290210016.0
154 1 1290210213.0
154 1 1290210279.0
154 1 1290210855.0
154 14 1290292188.0
154 14 1290292288.0
154 26 1290293962.0
154 26 1290294075.0
154 26 1290294095.0
154 26 1290294173.0
154 6 1290421204.0
154 6 1290421470.0
154 6 1290421789.0
154 6 1290423063.0
154 6 1290423226.0
154 6 1290423579.0
154 6 1290423870.0
154 6 1290425125.0
154 6 1290425494.0
154 6 1290425814.0
154 6 1290447671.0
154 6 1290448019.0
154 6 1290450069.0
154 3 1365854696.0
154 3 1365855022.0
154 3 1365855396.0
154 3 1365855725.0
154 3 1365855839.0
154 3 1365855984.0
157 6 1221830139.0
157 6 1221835125.0
157 3 1222084791.0
157 3 1222085121.0
157 3 1222088386.0
163 15 1219585761.0
163 15 1219606668.0
163 15 1219606833.0
163 15 1219606917.0
163 15 1219607064.0
163 15 1219607206.0
163 15 1219607337.0
163 15 1219607559.0
163 15 1219612073.0
163 3 1243970958.0
163 6 1249577751.0
165 12 1312334526.0
165 0 1375021498.0
165 0 1375021696.0
168 15 1372247932.0
168 15 1372247932.0
168 15 1372249514.0
168 15 1372249514.0
168 15 1372255207.0
168 15 1372255207.0
168 15 1372255209.0
168 15 1372255209.0
168 15 1372255212.0
168 15 1372255220.0
168 15 1372255220.0
168 15 1372255222.0
168 15 1372255222.0
168 15 1372260094.0
168 15 1372260094.0
168 15 1372260146.0
168 15 1372260146.0
168 15 1372266708.0
168 15 1372266708.0
168 15 1372266730.0
168 15 1372266730.0
168 23 1372350922.0
168 23 1372350928.0
171 20 1349525114.0
171 20 1349525138.0
171 20 1349525147.0
171 20 1349525652.0
171 20 1349525692.0
171 20 1349525704.0
171 20 1349525820.0
171 20 1349525917.0
171 20 1349525988.0
171 20 1349526230.0
171 20 1349526652.0
171 20 1349526773.0
171 20 1349526845.0
171 20 1349527101.0
171 20 1349527129.0
171 20 1349527134.0
171 20 1349527144.0
171 16 1349529154.0
171 16 1349529235.0
171 16 1349529250.0
171 16 1349529268.0
171 16 1349529275.0
171 16 1349529288.0
171 16 1349529294.0
171 16 1349529329.0
171 16 1349529389.0
171 16 1349529395.0
171 16 1349529570.0
173 17 1262465934.0
173 17 1262465946.0
173 17 1262465946.0
173 1 1272888293.0
173 1 1272889225.0
173 1 1272889483.0
173 1 1272889899.0
173 1 1272890082.0
173 1 1272890230.0
173 1 1272890618.0
173 1 1272890647.0
173 1 1272892164.0
173 1 1272892296.0
173 1 1272892349.0
173 1 1272892432.0
173 1 1272892640.0
173 1 1272893785.0
173 1 1272894030.0
173 1 1272894469.0
173 1 1272899803.0
173 1 1272900021.0
180 16 1380884692.0
180 1 1380889255.0
180 9 1380896110.0
180 2 1380900605.0
180 2 1380902970.0
181 1 1372507612.0
181 12 1372526542.0
0 0 1382647361.0
1 0 1364325848.0
2 7 1302096364.0
3 2 1337845353.0
5 2 1312304026.0
6 12 1324937257.0
7 12 1311784053.0
8 9 1245585721.0
9 1 1290176638.0
10 7 1220870412.0
11 3 1364968956.0
12 6 1319372695.0
13 6 1099238409.0
14 2 1177241477.0
15 11 1380995135.0
16 16 1293986844.0
17 2 1372354593.0
18 12 1239426271.0
19 6 1333981830.0
20 6 1234268779.0
21 1 1307539642.0
22 19 1289739533.0
23 2 1303076383.0
24 3 1239379707.0
25 0 1242061309.0
26 12 1359635311.0
27 6 1178990577.0
28 1 1333811759.0
29 17 1345379538.0
30 14 1288742423.0
31 20 1211629176.0
32 15 1292680806.0
33 5 1204986270.0
34 0 1310139496.0
37 1 1284287924.0
38 15 1382910544.0
40 5 1325240657.0
41 3 1384943215.0
43 1 1255227973.0
44 7 1369642069.0
45 7 1289701176.0
47 3 1191703240.0
48 19 1145802680.0
49 20 1299068620.0
50 6 1233273600.0
52 1 1352653922.0
55 6 1232971755.0
56 2 1241430007.0
57 11 1371519797.0
59 8 1180037562.0
61 11 1270824892.0
63 1 1186823066.0
64 16 1388084479.0
66 1 1289062240.0
67 12 1212078126.0
68 20 1270586660.0
69 7 1334419723.0
71 9 1366705470.0
72 0 1385228757.0
73 12 1355061688.0
74 14 1219830744.0
75 0 1224766976.0
77 3 1334232139.0
78 1 1288457239.0
79 1 1366409705.0
80 22 1331321367.0
81 5 1258827158.0
82 1 1288780512.0
85 3 1073925832.0
86 1 1339933462.0
87 23 1225124353.0
88 16 1215783677.0
89 16 1373521682.0
91 20 1316420330.0
92 24 1312717488.0
93 12 1380660257.0
94 19 1302973220.0
96 1 1333659897.0
97 6 1383530737.0
98 3 1384633711.0
99 1 1065086705.0
100 6 1247221377.0
101 1 1311326190.0
102 3 1369729064.0
103 16 1345235048.0
104 6 1184409129.0
105 12 1225947182.0
106 12 1305980570.0
107 1 1338404853.0
109 12 1206710571.0
111 2 1262275569.0
112 22 1367347062.0
113 2 1312668046.0
114 4 1305989371.0
115 1 1301906278.0
116 0 1310164738.0
118 21 1379617771.0
119 1 1304507675.0
120 7 1353238529.0
121 3 1289665943.0
122 16 1095341208.0
123 12 1368962308.0
124 12 1385662549.0
125 6 1285333401.0
126 7 1382470457.0
127 5 1291928934.0
129 12 1379618014.0
130 3 1305737512.0
131 17 1155236994.0
132 0 1253954216.0
133 12 1381607281.0
136 15 1366903611.0
138 12 1249750571.0
140 12 1366640138.0
141 6 1274522512.0
142 6 1317641533.0
143 9 1325043466.0
144 16 1382270630.0
145 12 1196950113.0
146 15 1230553882.0
147 0 1156737547.0
149 12 1380690317.0
150 3 1396628028.0
151 23 1255894198.0
152 1 1270043717.0
153 1 1311414865.0
155 16 1387437500.0
156 3 1339340206.0
158 15 1208598019.0
159 12 1335692709.0
160 2 1351172667.0
161 2 1157409453.0
162 22 1185120036.0
164 1 1215785744.0
166 16 1268311138.0
167 3 1380558455.0
169 12 1195465930.0
170 1 1225146285.0
172 6 1376309891.0
174 1 1379507129.0
175 12 1270213871.0
176 20 1225505746.0
177 12 1287952540.0
178 1 1380813895.0
179 6 1223377387.0
182 1 1349049600.0
183 1 1287300007.0
184 7 1270327854.0
185 5 1349579113.0
