2 7 1359583424.0
2 8 1360620099.0
2 9 1361564801.0
2 10 1398562485.0
2 10 1398568256.0
3 6 1063454642.0
3 6 1063454655.0
3 6 1063454766.0
3 6 1063454780.0
3 7 1075556366.0
3 7 1075556400.0
3 7 1075556463.0
3 7 1075556488.0
3 7 1075556501.0
3 7 1075556531.0
3 7 1075556551.0
3 7 1075556668.0
3 7 1075556686.0
3 7 1075556711.0
3 7 1075556722.0
3 7 1075556778.0
3 7 1075556808.0
3 7 1075556852.0
3 7 1075556867.0
3 7 1075556908.0
3 7 1075556923.0
3 7 1075556961.0
3 7 1075557460.0
3 7 1075557495.0
3 7 1075557511.0
3 7 1075557522.0
3 7 1075557543.0
3 7 1075557555.0
3 7 1075557625.0
3 7 1075557651.0
3 7 1075557716.0
3 7 1075557726.0
3 7 1075557737.0
3 7 1075557763.0
3 7 1075557803.0
3 7 1075557811.0
3 7 1075557906.0
3 7 1075557914.0
3 7 1075557931.0
3 7 1075557946.0
3 7 1075557961.0
3 11 1079102954.0
3 11 1079102978.0
3 11 1079103014.0
3 11 1079103024.0
3 11 1079103057.0
3 11 1079103104.0
3 11 1079103115.0
3 11 1079103148.0
3 11 1079103163.0
3 11 1079103183.0
3 11 1079103381.0
3 11 1079103394.0
3 6 1079104190.0
3 6 1079104204.0
3 6 1079104220.0
3 6 1079104242.0
3 6 1079104251.0
3 6 1079104272.0
3 6 1079104291.0
3 6 1079104310.0
3 6 1079104439.0
3 6 1192932547.0
3 9 1194292262.0
3 6 1209643792.0
3 6 1223658044.0
3 6 1223658115.0
3 6 1223658153.0
3 6 1223658165.0
3 6 1223658311.0
3 6 1223658329.0
3 6 1223658402.0
3 6 1223658444.0
3 6 1223658451.0
3 6 1223658501.0
3 6 1223658544.0
3 5 1224870825.0
3 1 1226742712.0
3 1 1226742733.0
3 1 1226742744.0
3 1 1226742753.0
3 1 1226742766.0
3 1 1226742775.0
3 1 1226742786.0
3 1 1226742798.0
3 1 1226742944.0
3 1 1226742969.0
3 1 1226742978.0
3 1 1226742990.0
3 11 1226744047.0
3 11 1226744071.0
3 11 1226744107.0
3 11 1226744151.0
3 11 1226744170.0
3 11 1226744192.0
3 1 1226744249.0
3 1 1226744273.0
3 1 1226744317.0
3 1 1226744387.0
3 1 1226744461.0
3 1 1226744471.0
3 1 1226744482.0
3 1 1226744496.0
3 1 1226744516.0
3 1 1226744530.0
3 1 1226744550.0
3 1 1226744569.0
3 1 1226744582.0
3 1 1226744595.0
3 1 1226744612.0
3 1 1226744624.0
3 1 1226744639.0
3 6 1226744884.0
3 6 1226744895.0
3 6 1226744908.0
3 6 1226744923.0
3 6 1226744999.0
3 6 1226745011.0
3 6 1226745024.0
3 6 1226745039.0
3 6 1226745051.0
3 6 1226745062.0
3 6 1226745101.0
3 6 1226745148.0
3 6 1226745161.0
3 12 1226845232.0
3 12 1226845379.0
3 12 1226845563.0
3 12 1226845972.0
3 6 1226847603.0
3 13 1228657519.0
3 1 1229165760.0
3 1 1229165827.0
3 1 1229166321.0
3 1 1229166678.0
3 1 1229167285.0
3 1 1229167329.0
3 1 1229167903.0
3 1 1229167961.0
3 1 1229167970.0
3 1 1229168125.0
3 1 1229168235.0
3 1 1229168296.0
3 1 1229168361.0
3 1 1229168705.0
3 1 1229168726.0
3 1 1229169109.0
3 1 1229169283.0
3 1 1229170049.0
3 1 1229170352.0
3 1 1229170391.0
3 7 1234598491.0
3 7 1234598519.0
3 7 1234598534.0
3 7 1234598561.0
3 7 1234598573.0
3 7 1234598583.0
3 7 1234598597.0
3 7 1234598621.0
3 7 1234598629.0
3 7 1234598686.0
3 0 1235301487.0
3 0 1235301505.0
3 0 1235301519.0
3 0 1235301562.0
3 0 1235301577.0
3 0 1235301599.0
3 0 1235301622.0
3 0 1235301659.0
3 0 1235301721.0
3 0 1235301729.0
3 0 1235301757.0
3 0 1235301791.0
3 0 1235301823.0
3 11 1235301892.0
3 11 1235301904.0
3 11 1235301966.0
3 11 1235301987.0
3 11 1235302011.0
3 11 1235302027.0
3 11 1235302043.0
3 11 1235302059.0
3 11 1235302154.0
3 11 1235302201.0
3 11 1235302241.0
3 11 1235302276.0
3 11 1235302405.0
3 11 1235302434.0
3 11 1235302471.0
3 1 1235302587.0
3 1 1235302605.0
3 1 1235302694.0
3 1 1235302770.0
3 1 1235302794.0
3 1 1235302816.0
3 1 1235302850.0
3 1 1235302922.0
3 1 1235302933.0
3 1 1235302942.0
3 1 1235302969.0
3 1 1235302979.0
3 1 1235303017.0
3 1 1235303041.0
3 1 1235303118.0
3 1 1235303310.0
3 1 1235303319.0
3 1 1235303329.0
3 1 1235303341.0
3 1 1235303377.0
3 1 1235303509.0
3 1 1235303519.0
3 4 1235303739.0
3 4 1235303750.0
3 6 1235303983.0
3 6 1235304001.0
3 6 1235304037.0
3 13 1239632866.0
3 10 1241888766.0
3 10 1241888806.0
3 10 1241888819.0
3 10 1241888831.0
3 10 1241888859.0
3 10 1241888880.0
3 10 1241888987.0
3 10 1241889002.0
3 10 1241889013.0
3 10 1241889073.0
3 10 1241889164.0
3 10 1241889178.0
3 10 1241889215.0
3 10 1241889222.0
3 10 1241889245.0
3 10 1241889266.0
3 10 1241889272.0
3 10 1241889281.0
3 10 1241889306.0
3 10 1241889322.0
3 10 1241889352.0
3 10 1241889387.0
3 10 1241889441.0
3 10 1241889447.0
3 10 1241889454.0
3 10 1241889470.0
3 10 1241889483.0
3 10 1241889491.0
3 10 1241889523.0
3 7 1241889537.0
3 10 1241889568.0
3 7 1241889601.0
3 7 1241889609.0
3 7 1241889698.0
3 9 1241889741.0
3 9 1241889749.0
3 5 1241889768.0
3 9 1241889812.0
3 9 1241889829.0
3 9 1241889837.0
3 9 1241889862.0
3 5 1241889995.0
3 7 1241890053.0
3 7 1241890097.0
3 7 1241890109.0
3 7 1241890119.0
3 7 1241890138.0
3 7 1241890266.0
3 7 1241890294.0
3 7 1241890319.0
3 7 1241890333.0
3 0 1241890709.0
3 0 1241890723.0
3 0 1241890776.0
3 0 1241890784.0
3 0 1241890833.0
3 0 1241890872.0
3 0 1241890895.0
3 0 1241890979.0
3 0 1241891084.0
3 0 1241891103.0
3 0 1241891124.0
3 0 1241891167.0
3 0 1241891194.0
3 0 1241891212.0
3 0 1241891236.0
3 0 1241891321.0
3 0 1241891399.0
3 0 1241891481.0
3 0 1241891517.0
3 4 1243612669.0
3 4 1243612679.0
3 4 1243612685.0
3 4 1243612701.0
3 4 1243612711.0
3 4 1243612735.0
3 4 1243612748.0
3 4 1243612781.0
3 4 1243612811.0
3 4 1243612835.0
3 4 1243612930.0
3 0 1245588172.0
3 0 1245588193.0
3 5 1250272481.0
3 5 1250272587.0
3 7 1253818176.0
3 7 1253818369.0
3 7 1253818401.0
3 7 1253820452.0
3 5 1261589224.0
3 7 1264367468.0
3 12 1266838993.0
3 12 1266839034.0
3 7 1266840111.0
3 3 1272885572.0
3 3 1272885625.0
3 3 1272885649.0
3 3 1272885681.0
3 3 1272885720.0
3 3 1272885876.0
3 3 1272885883.0
3 3 1272885895.0
3 3 1272885907.0
3 3 1272885922.0
3 3 1272885927.0
3 3 1272885937.0
3 3 1272886019.0
3 3 1272886037.0
3 3 1272886060.0
3 3 1272886069.0
3 3 1272886082.0
3 3 1272886091.0
3 3 1272886100.0
3 3 1272886107.0
3 3 1272886119.0
3 3 1272886129.0
3 3 1272886136.0
3 3 1272886143.0
3 3 1272886162.0
3 3 1272886187.0
3 3 1272886208.0
3 3 1272886223.0
3 3 1272886274.0
3 3 1272886305.0
3 3 1272886315.0
3 3 1272886325.0
3 3 1272886337.0
3 3 1272886344.0
3 3 1272886379.0
3 3 1272886401.0
3 3 1272886416.0
3 3 1272886458.0
3 3 1272886472.0
3 3 1272886503.0
3 3 1272886509.0
3 3 1272886548.0
3 3 1272886562.0
3 3 1272886579.0
3 3 1272886589.0
3 3 1272886598.0
3 3 1272886622.0
3 3 1272886637.0
3 3 1272886660.0
3 3 1272886685.0
3 3 1272886699.0
3 3 1272886752.0
3 3 1272886774.0
3 3 1272886794.0
3 3 1272886840.0
3 7 1272888027.0
3 7 1272888046.0
3 7 1272888052.0
3 7 1272888076.0
3 7 1272888090.0
3 7 1272888105.0
3 7 1272888151.0
3 7 1272888172.0
3 3 1272912520.0
3 4 1275823708.0
3 0 1275829520.0
3 0 1275829567.0
3 0 1275829578.0
3 0 1275829647.0
3 0 1275829677.0
3 0 1275829719.0
3 5 1275831333.0
3 7 1275831950.0
3 0 1277399926.0
3 13 1277572643.0
3 13 1279454647.0
3 5 1283604193.0
3 7 1283604782.0
3 7 1283604929.0
3 7 1283604963.0
3 5 1283605051.0
3 0 1283607808.0
3 6 1283780538.0
3 6 1283780564.0
3 6 1283780600.0
3 6 1283780606.0
3 0 1283786482.0
3 5 1283787953.0
3 5 1283787967.0
3 5 1289584529.0
3 5 1289584548.0
3 5 1289584609.0
3 6 1290779720.0
3 0 1290780496.0
3 9 1291829865.0
3 8 1291839156.0
3 14 1291970509.0
3 13 1295116612.0
3 9 1295117412.0
3 5 1300615178.0
3 10 1306757840.0
3 10 1306758046.0
3 9 1307270675.0
3 9 1307270722.0
3 9 1307270734.0
3 9 1307270742.0
3 9 1307270748.0
3 9 1307270754.0
3 9 1307270760.0
3 9 1307270955.0
3 9 1307270985.0
3 9 1307270991.0
3 9 1307271354.0
3 9 1307271518.0
3 9 1307271705.0
3 9 1307271798.0
3 9 1307272016.0
3 9 1307272210.0
3 9 1307272216.0
3 9 1307272232.0
3 9 1307272654.0
3 9 1307272710.0
3 9 1307272772.0
3 9 1307273270.0
3 9 1307273315.0
3 9 1307273478.0
3 9 1307273735.0
3 9 1307273944.0
3 9 1307274056.0
3 9 1307274063.0
3 9 1307274223.0
3 9 1307274259.0
3 9 1307274463.0
3 9 1307274876.0
3 9 1307274948.0
3 8 1307275294.0
3 8 1307275346.0
3 8 1307275363.0
3 8 1307275412.0
3 9 1307275439.0
3 9 1307275445.0
3 8 1307275517.0
3 9 1307275653.0
3 3 1309087685.0
3 3 1309087692.0
3 3 1309087725.0
3 3 1309087892.0
3 3 1309087913.0
3 3 1309087925.0
3 3 1309087944.0
3 3 1309087962.0
3 3 1309087986.0
3 3 1309087992.0
3 3 1309088010.0
3 3 1309088070.0
3 3 1309088094.0
3 3 1309088102.0
3 3 1309088144.0
3 3 1309088171.0
3 3 1309088246.0
3 3 1309088294.0
3 3 1309088378.0
3 7 1309088743.0
3 7 1309088775.0
3 7 1309088810.0
3 7 1309088844.0
3 7 1309088891.0
3 7 1309088925.0
3 7 1309089054.0
3 7 1309089103.0
3 7 1309089177.0
3 5 1309089546.0
3 3 1309167356.0
3 3 1309167416.0
3 3 1309167549.0
3 3 1309167601.0
3 3 1309167662.0
3 3 1309167703.0
3 5 1310820277.0
3 5 1311466812.0
3 5 1311468616.0
3 8 1311609356.0
3 7 1311614623.0
3 10 1311614699.0
3 7 1316351999.0
3 3 1316353141.0
3 3 1316353176.0
3 3 1316353198.0
3 3 1316353220.0
3 3 1316353269.0
3 3 1316353341.0
3 7 1316355918.0
3 5 1316356267.0
3 5 1316356559.0
3 5 1316356651.0
3 5 1316356749.0
3 9 1316429610.0
3 5 1316430098.0
3 3 1316433248.0
3 3 1316433380.0
3 3 1316433496.0
3 3 1316433777.0
3 7 1316467480.0
3 5 1317560328.0
3 5 1318027654.0
3 5 1318165418.0
3 6 1319218056.0
3 6 1319218213.0
3 6 1319218242.0
3 4 1319218665.0
3 1 1319218799.0
3 1 1319218851.0
3 15 1319219769.0
3 15 1319220652.0
3 15 1319220865.0
3 15 1319220888.0
3 15 1319220955.0
3 15 1319220963.0
3 15 1319220973.0
3 15 1319227616.0
3 15 1319230187.0
3 15 1319230218.0
3 15 1319230570.0
3 15 1319233948.0
3 8 1320065978.0
3 8 1320066003.0
3 8 1320066258.0
3 8 1320066340.0
3 8 1320066369.0
3 8 1320066516.0
3 8 1320066829.0
3 8 1320067096.0
3 8 1320067133.0
3 8 1320067283.0
3 8 1320067330.0
3 8 1320067754.0
3 8 1320068219.0
3 8 1320068242.0
3 8 1320068379.0
3 8 1320068442.0
3 7 1321630494.0
3 7 1321634392.0
3 7 1321634436.0
3 5 1321636171.0
3 5 1321636243.0
3 5 1321636250.0
3 7 1321707964.0
3 5 1321799625.0
3 5 1321799631.0
3 5 1321799651.0
3 5 1321799664.0
3 5 1321799669.0
3 0 1322847003.0
3 0 1322847032.0
3 9 1325266580.0
3 9 1325267320.0
3 9 1325267810.0
3 9 1325267946.0
3 10 1325273826.0
3 9 1325329900.0
3 9 1325330392.0
3 5 1330523189.0
3 5 1330523233.0
3 5 1330523396.0
3 7 1336597223.0
3 10 1336597326.0
3 8 1336651788.0
3 8 1336651916.0
3 8 1336651925.0
3 8 1336651947.0
3 10 1336652020.0
3 9 1336652157.0
3 4 1336836640.0
3 4 1336836658.0
3 4 1336836704.0
3 4 1336837016.0
3 4 1336837044.0
3 4 1336837114.0
3 2 1336837380.0
3 2 1336837413.0
3 1 1336837446.0
3 1 1336837464.0
3 1 1336837547.0
3 1 1336837662.0
3 1 1336837793.0
3 1 1336837855.0
3 1 1336837893.0
3 4 1336838165.0
3 4 1336838214.0
3 9 1336841384.0
3 6 1336847321.0
3 6 1336847395.0
3 6 1336847417.0
3 7 1337536626.0
3 10 1339107401.0
3 10 1339107408.0
3 5 1341607253.0
3 6 1345667065.0
3 9 1345667816.0
3 8 1345667927.0
3 5 1347482296.0
3 16 1348078597.0
3 16 1348078657.0
3 16 1348078672.0
3 16 1348078752.0
3 16 1348078767.0
3 16 1348078794.0
3 16 1348078897.0
3 16 1348078959.0
3 16 1348078991.0
3 14 1350478111.0
3 14 1350478216.0
3 1 1351945307.0
3 1 1351945338.0
3 1 1351945449.0
3 11 1351947125.0
3 11 1351948326.0
3 11 1351948569.0
3 11 1351948580.0
3 11 1351948589.0
3 11 1351948901.0
3 11 1351948913.0
3 11 1351948999.0
3 11 1351949037.0
3 11 1351949087.0
3 11 1351949099.0
3 11 1351949164.0
3 11 1351949334.0
3 11 1351949401.0
3 11 1351949509.0
3 11 1351949562.0
3 11 1351949653.0
3 11 1351949696.0
3 11 1351949756.0
3 11 1351949898.0
3 11 1351949928.0
3 11 1351949953.0
3 11 1351949962.0
3 11 1351949972.0
3 11 1351949997.0
3 11 1351950036.0
3 11 1351950060.0
3 11 1351950124.0
3 11 1351950133.0
3 11 1351950182.0
3 11 1351950258.0
3 11 1351950289.0
3 11 1351950666.0
3 11 1351950896.0
3 11 1351950908.0
3 11 1351950984.0
3 11 1351951117.0
3 11 1351951128.0
3 11 1351951153.0
3 11 1351951272.0
3 11 1351951284.0
3 11 1351951291.0
3 11 1351951557.0
3 11 1351951659.0
3 11 1351952032.0
3 1 1351957268.0
3 1 1351957282.0
3 1 1351957375.0
3 1 1351957529.0
3 1 1351957541.0
3 1 1351957552.0
3 1 1351957558.0
3 1 1351957703.0
3 1 1351957724.0
3 1 1351957743.0
3 1 1351957757.0
3 1 1351957787.0
3 1 1351957869.0
3 1 1351957882.0
3 1 1351957891.0
3 1 1351957947.0
3 1 1351957997.0
3 1 1351958086.0
3 1 1351958092.0
3 1 1351958120.0
3 1 1351958297.0
3 5 1354190231.0
3 9 1360968077.0
3 9 1360968232.0
3 9 1360972567.0
3 9 1360972917.0
3 9 1360972992.0
3 9 1360973075.0
3 9 1360973504.0
3 9 1360973732.0
3 9 1360973951.0
3 8 1361184519.0
3 8 1361184539.0
3 8 1361184580.0
3 8 1361184599.0
3 8 1361184626.0
3 8 1361184644.0
3 8 1361184683.0
3 8 1361184721.0
3 8 1361184739.0
3 8 1361184866.0
3 8 1361184881.0
3 8 1361184892.0
3 8 1361184906.0
3 8 1361184922.0
3 8 1361184948.0
3 8 1361184953.0
3 8 1361185002.0
3 8 1361185029.0
3 8 1361185099.0
3 8 1361185115.0
3 8 1361185140.0
3 8 1361185152.0
3 8 1361185165.0
3 8 1361185174.0
3 8 1361185195.0
3 8 1361185210.0
3 8 1361185223.0
3 8 1361185245.0
3 8 1361185257.0
3 8 1361185280.0
3 8 1361185289.0
3 8 1361185366.0
3 8 1361185585.0
3 8 1361185593.0
3 8 1361185602.0
3 8 1361185607.0
3 8 1361185622.0
3 8 1361185635.0
3 8 1361185647.0
3 8 1361185658.0
3 8 1361185675.0
3 8 1361185684.0
3 8 1361185721.0
3 8 1361185800.0
3 8 1361185814.0
3 8 1361185998.0
3 8 1361186061.0
3 8 1361186069.0
3 8 1361186563.0
3 8 1361186650.0
3 8 1361186873.0
3 8 1361187186.0
3 8 1361187394.0
3 8 1361187415.0
3 8 1361187528.0
3 6 1362829323.0
3 6 1362830573.0
3 6 1362834437.0
3 6 1362841563.0
3 6 1362845059.0
3 6 1362845068.0
3 6 1362845166.0
3 6 1362846394.0
3 6 1362847878.0
3 6 1362847885.0
3 6 1362847893.0
3 6 1362916290.0
3 6 1362916621.0
3 6 1362917083.0
3 6 1362917112.0
3 6 1362920576.0
3 6 1362920585.0
3 6 1362920602.0
3 6 1362920690.0
3 6 1362920695.0
3 6 1362923345.0
3 6 1362923508.0
3 6 1362923637.0
3 6 1362923838.0
3 6 1362923844.0
3 6 1362924635.0
3 6 1362924664.0
3 6 1362924677.0
3 6 1362924711.0
3 6 1367493371.0
3 5 1368368537.0
3 9 1368368553.0
3 5 1368369705.0
3 5 1368811950.0
3 5 1369420508.0
3 5 1369420543.0
3 5 1369420587.0
3 5 1369420597.0
3 5 1369420725.0
3 8 1369421077.0
3 10 1369421289.0
3 10 1369421299.0
3 16 1369423420.0
3 13 1370274833.0
3 13 1370274916.0
3 5 1371387297.0
3 5 1371387352.0
3 5 1371387371.0
3 5 1372409546.0
3 5 1372959098.0
3 5 1372959113.0
3 5 1373563912.0
3 5 1373650177.0
3 5 1373650312.0
3 5 1373650312.0
3 5 1373650364.0
3 5 1373650409.0
3 5 1373650409.0
3 7 1392645556.0
3 7 1392645618.0
3 5 1394220563.0
3 2 1394981131.0
3 2 1394981138.0
3 2 1394981270.0
3 2 1394981357.0
3 2 1394981428.0
3 1 1394981551.0
3 1 1394981575.0
3 0 1394981720.0
3 0 1394981772.0
3 0 1394981885.0
3 1 1394982657.0
3 1 1394982692.0
3 11 1394982900.0
3 11 1394982924.0
3 11 1394982940.0
3 11 1394982951.0
3 11 1394982968.0
3 11 1394982975.0
3 11 1394982992.0
3 11 1394983009.0
3 11 1394983017.0
3 11 1394983032.0
3 11 1394983049.0
3 11 1394983065.0
3 11 1394983077.0
3 11 1394983093.0
3 11 1394983110.0
3 11 1394983124.0
3 11 1394983144.0
3 11 1394983159.0
3 11 1394983175.0
3 1 1394983216.0
3 0 1394983551.0
3 0 1394983729.0
3 5 1394984175.0
3 5 1395500266.0
3 5 1395500279.0
3 5 1395500298.0
3 5 1395500394.0
3 5 1395500412.0
3 5 1395500433.0
3 5 1395500473.0
3 2 1395503091.0
3 2 1395503414.0
3 2 1395503685.0
3 2 1395503711.0
3 2 1395503719.0
3 2 1395503727.0
3 2 1395504074.0
3 2 1395504123.0
3 2 1395504141.0
3 2 1395504270.0
3 2 1395504311.0
3 2 1395504317.0
3 2 1395504352.0
3 2 1395504371.0
3 2 1395504390.0
3 2 1395504417.0
3 2 1395504433.0
3 2 1395504477.0
3 2 1395504552.0
3 2 1395505101.0
3 2 1395505518.0
3 2 1395506750.0
6 8 1175076872.0
6 5 1182092948.0
6 11 1182281223.0
6 11 1182285266.0
6 2 1182289211.0
9 2 1394294460.0
9 1 1394295040.0
9 0 1394295298.0
9 1 1394296144.0
9 0 1394296269.0
15 10 1267137010.0
15 19 1267268557.0
15 19 1267268629.0
15 19 1267358454.0
15 19 1267358460.0
15 19 1267358484.0
15 19 1267358536.0
15 19 1267358707.0
15 19 1267565305.0
17 1 1383786603.0
17 4 1383794875.0
17 0 1383829105.0
17 5 1383829850.0
17 5 1383829863.0
17 5 1383829907.0
17 5 1383830010.0
17 5 1383830040.0
17 5 1383830143.0
17 1 1383843715.0
17 10 1383852780.0
17 10 1383852780.0
17 6 1383912242.0
17 6 1383912313.0
17 6 1383912352.0
17 1 1383917399.0
17 6 1383920067.0
17 1 1384102845.0
17 1 1384106074.0
17 1 1385296514.0
17 5 1387300988.0
17 10 1387629100.0
17 10 1387629104.0
17 5 1387638370.0
17 5 1397926613.0
21 4 1273692355.0
21 4 1273692639.0
21 4 1273693569.0
21 7 1295805724.0
21 9 1296236743.0
24 0 1293441695.0
24 5 1293441884.0
24 9 1293442003.0
24 5 1293442070.0
24 5 1293442144.0
24 5 1293442179.0
24 5 1293442288.0
24 5 1293442541.0
24 5 1293443197.0
24 5 1293443220.0
24 5 1293443235.0
24 5 1293443307.0
28 16 1391290674.0
28 7 1391296508.0
28 5 1397946498.0
28 5 1397948566.0
28 5 1397950387.0
30 5 1313603429.0
30 5 1322588871.0
30 5 1344361222.0
30 7 1347958961.0
30 5 1354093232.0
30 9 1369156737.0
30 9 1369156751.0
30 9 1369156753.0
30 7 1370940502.0
30 5 1371663018.0
30 5 1371663035.0
30 5 1387357965.0
30 5 1387443177.0
30 5 1387478464.0
30 5 1387478472.0
30 5 1387478490.0
30 5 1387478506.0
30 5 1387478527.0
30 5 1387478581.0
30 5 1389721786.0
30 5 1389721793.0
30 5 1389721832.0
30 5 1392887627.0
30 5 1393598608.0
52 10 1232567724.0
52 19 1290855122.0
52 8 1297542098.0
52 8 1297542743.0
52 8 1297542926.0
52 1 1301435141.0
52 0 1308498599.0
52 12 1313751180.0
52 1 1322858033.0
52 15 1326484472.0
52 15 1326485795.0
52 15 1326487494.0
52 2 1328458013.0
52 5 1329505662.0
52 7 1332633743.0
52 7 1332634516.0
52 7 1332678856.0
52 7 1332679054.0
52 7 1332679350.0
52 7 1332679467.0
52 7 1332679553.0
52 7 1332679882.0
52 7 1332680028.0
52 7 1332681355.0
52 7 1332681519.0
52 7 1332681606.0
52 7 1332681913.0
52 7 1332682017.0
52 7 1332682105.0
52 7 1332682263.0
52 7 1332682395.0
52 7 1332682530.0
52 7 1332682654.0
52 7 1332682866.0
52 15 1333202577.0
52 10 1335469937.0
52 10 1335470204.0
52 5 1338052613.0
52 7 1340303680.0
52 8 1342883925.0
52 10 1342891007.0
52 5 1345387737.0
52 7 1346529910.0
52 0 1353251152.0
52 7 1356031416.0
52 15 1360867817.0
52 15 1360871852.0
52 15 1360872345.0
52 15 1360885301.0
52 5 1361635461.0
52 19 1362318481.0
52 19 1362318619.0
52 19 1362319997.0
52 1 1364064832.0
52 1 1364065853.0
52 7 1366740254.0
52 7 1366741000.0
52 7 1366741407.0
52 7 1366742706.0
52 7 1366744586.0
52 7 1366744807.0
52 7 1366745358.0
52 7 1366748507.0
52 2 1368910367.0
52 1 1368913996.0
52 9 1373206360.0
52 9 1373206638.0
52 10 1377802193.0
52 8 1377804780.0
52 0 1381577366.0
52 0 1381584647.0
52 5 1381585524.0
52 5 1382727840.0
52 7 1388519096.0
52 7 1388526091.0
52 0 1392475600.0
52 15 1394218286.0
52 15 1394218391.0
52 15 1394218800.0
52 15 1394220043.0
52 15 1394221313.0
52 15 1394222549.0
52 15 1394224231.0
52 0 1396101860.0
52 6 1398285221.0
55 11 1316320884.0
55 10 1316427796.0
55 10 1316432642.0
55 10 1316434058.0
55 10 1316434062.0
55 8 1316472924.0
55 10 1316472925.0
55 10 1316472925.0
55 10 1316472925.0
55 10 1316472926.0
55 10 1316472926.0
55 8 1316472927.0
55 10 1316521878.0
56 7 1257348847.0
56 0 1288806358.0
56 0 1288807361.0
56 0 1288810935.0
56 0 1288816298.0
56 10 1291231214.0
56 8 1302441248.0
56 10 1302446132.0
56 16 1306608041.0
56 5 1335294729.0
56 10 1339004592.0
56 10 1339005276.0
56 9 1347210329.0
56 6 1351007498.0
56 10 1351109633.0
56 4 1354129324.0
0 0 1336191672.0
0 1 1336192397.0
1 4 1354560992.0
1 2 1354561456.0
4 11 1236190946.0
4 2 1236191550.0
5 0 1305737569.0
5 6 1306606728.0
7 11 1182955758.0
7 10 1265998956.0
8 17 1229687117.0
8 17 1229687477.0
10 0 1333910346.0
10 0 1333910446.0
11 2 1303654126.0
11 1 1303663600.0
12 2 1136076791.0
12 5 1136078889.0
13 11 1318274627.0
13 9 1325594899.0
14 0 1378116648.0
14 5 1378118096.0
16 8 1124541664.0
16 8 1124541679.0
18 7 1206535132.0
18 0 1206538271.0
19 2 1355945752.0
19 2 1355946802.0
20 2 1289933892.0
20 2 1289934176.0
22 8 1319899282.0
22 10 1319901773.0
23 10 1362606000.0
23 9 1363387416.0
25 0 1353758413.0
25 15 1353794336.0
26 0 1299676056.0
26 1 1299691872.0
27 0 1132519332.0
27 7 1188924376.0
29 2 1265730982.0
29 9 1266495813.0
31 4 1239797616.0
31 2 1239797788.0
32 7 1171883822.0
32 16 1171891127.0
33 14 1386395150.0
33 17 1386395645.0
34 11 996234542.0
34 7 1084766320.0
35 5 1380296113.0
35 2 1380297646.0
36 0 1303311600.0
36 5 1303317834.0
37 2 1388752107.0
37 4 1388827675.0
38 2 1326465136.0
38 0 1326465238.0
39 12 1125690226.0
39 5 1133551005.0
40 13 1342789035.0
40 10 1347196385.0
41 7 1226133705.0
41 7 1226133746.0
42 1 1330176428.0
42 1 1330176475.0
43 7 1314546072.0
43 10 1314548242.0
44 5 1230124305.0
44 5 1230124778.0
45 4 1190198648.0
45 4 1265917515.0
46 8 1327362352.0
46 0 1329007309.0
47 9 1249143942.0
47 10 1335623776.0
48 2 1357416679.0
48 0 1365077051.0
49 5 1305646400.0
49 9 1305646434.0
50 18 1190059909.0
50 18 1190059993.0
51 18 1157146563.0
51 18 1157146805.0
53 10 1283969268.0
53 10 1283969279.0
54 8 1167734810.0
54 10 1168271726.0
57 12 1088588072.0
57 6 1260553500.0
58 1 1296247023.0
58 2 1296294552.0
59 5 1340777860.0
59 5 1340780144.0
60 18 1321643506.0
60 3 1321643936.0
61 7 1355694116.0
61 11 1371268153.0
62 2 1334411756.0
62 0 1334478578.0
63 11 1257261076.0
63 1 1343864656.0
64 15 1327692574.0
64 7 1357047632.0
