0 0 1336191672.0
0 1 1336192397.0
0 1 1336193902.0
0 2 1336194437.0
0 3 1336206989.0
1 4 1354560992.0
1 2 1354561456.0
1 2 1354561698.0
1 2 1354562413.0
1 0 1354564339.0
1 5 1354967695.0
1 4 1354995110.0
1 4 1354995113.0
1 6 1355169563.0
1 6 1355169652.0
1 6 1355342343.0
1 4 1355518003.0
2 7 1359583424.0
2 8 1360620099.0
2 9 1361564801.0
2 10 1398562485.0
2 10 1398568256.0
3 6 1063454642.0
3 6 1063454655.0
3 6 1063454766.0
3 6 1063454780.0
3 7 1075556366.0
3 7 1075556400.0
3 7 1075556463.0
3 7 1075556488.0
3 7 1075556501.0
3 7 1075556531.0
3 7 1075556551.0
3 7 1075556668.0
3 7 1075556686.0
3 7 1075556711.0
3 7 1075556722.0
3 7 1075556778.0
3 7 1075556808.0
3 7 1075556852.0
3 7 1075556867.0
3 7 1075556908.0
3 7 1075556923.0
3 7 1075556961.0
3 7 1075557460.0
3 7 1075557495.0
3 7 1075557511.0
3 7 1075557522.0
3 7 1075557543.0
3 7 1075557555.0
3 7 1075557625.0
3 7 1075557651.0
3 7 1075557716.0
3 7 1075557726.0
3 7 1075557737.0
3 7 1075557763.0
3 7 1075557803.0
3 7 1075557811.0
3 7 1075557906.0
3 7 1075557914.0
3 7 1075557931.0
3 7 1075557946.0
3 7 1075557961.0
3 11 1079102954.0
3 11 1079102978.0
3 11 1079103014.0
3 11 1079103024.0
3 11 1079103057.0
3 11 1079103104.0
3 11 1079103115.0
3 11 1079103148.0
3 11 1079103163.0
3 11 1079103183.0
3 11 1079103381.0
3 11 1079103394.0
3 6 1079104190.0
3 6 1079104204.0
3 6 1079104220.0
3 6 1079104242.0
3 6 1079104251.0
3 6 1079104272.0
3 6 1079104291.0
3 6 1079104310.0
3 6 1079104439.0
3 6 1192932547.0
3 9 1194292262.0
3 6 1209643792.0
3 6 1223658044.0
3 6 1223658115.0
3 6 1223658153.0
3 6 1223658165.0
3 6 1223658311.0
3 6 1223658329.0
3 6 1223658402.0
3 6 1223658444.0
3 6 1223658451.0
3 6 1223658501.0
3 6 1223658544.0
3 5 1224870825.0
3 1 1226742712.0
3 1 1226742733.0
3 1 1226742744.0
3 1 1226742753.0
3 1 1226742766.0
3 1 1226742775.0
3 1 1226742786.0
3 1 1226742798.0
3 1 1226742944.0
3 1 1226742969.0
3 1 1226742978.0
3 1 1226742990.0
3 11 1226744047.0
3 11 1226744071.0
3 11 1226744107.0
3 11 1226744151.0
3 11 1226744170.0
3 11 1226744192.0
3 1 1226744249.0
3 1 1226744273.0
3 1 1226744317.0
3 1 1226744387.0
3 1 1226744461.0
3 1 1226744471.0
3 1 1226744482.0
3 1 1226744496.0
3 1 1226744516.0
3 1 1226744530.0
3 1 1226744550.0
3 1 1226744569.0
3 1 1226744582.0
3 1 1226744595.0
3 1 1226744612.0
3 1 1226744624.0
3 1 1226744639.0
3 6 1226744884.0
3 6 1226744895.0
3 6 1226744908.0
3 6 1226744923.0
3 6 1226744999.0
3 6 1226745011.0
3 6 1226745024.0
3 6 1226745039.0
3 6 1226745051.0
3 6 1226745062.0
3 6 1226745101.0
3 6 1226745148.0
3 6 1226745161.0
3 12 1226845232.0
3 12 1226845379.0
3 12 1226845563.0
3 12 1226845972.0
3 6 1226847603.0
3 13 1228657519.0
3 1 1229165760.0
3 1 1229165827.0
3 1 1229166321.0
3 1 1229166678.0
3 1 1229167285.0
3 1 1229167329.0
3 1 1229167903.0
3 1 1229167961.0
3 1 1229167970.0
3 1 1229168125.0
3 1 1229168235.0
3 1 1229168296.0
3 1 1229168361.0
3 1 1229168705.0
3 1 1229168726.0
3 1 1229169109.0
3 1 1229169283.0
3 1 1229170049.0
3 1 1229170352.0
3 1 1229170391.0
3 7 1234598491.0
3 7 1234598519.0
3 7 1234598534.0
3 7 1234598561.0
3 7 1234598573.0
3 7 1234598583.0
3 7 1234598597.0
3 7 1234598621.0
3 7 1234598629.0
3 7 1234598686.0
3 0 1235301487.0
3 0 1235301505.0
3 0 1235301519.0
3 0 1235301562.0
3 0 1235301577.0
3 0 1235301599.0
3 0 1235301622.0
3 0 1235301659.0
3 0 1235301721.0
3 0 1235301729.0
3 0 1235301757.0
3 0 1235301791.0
3 0 1235301823.0
3 11 1235301892.0
3 11 1235301904.0
3 11 1235301966.0
3 11 1235301987.0
3 11 1235302011.0
3 11 1235302027.0
3 11 1235302043.0
3 11 1235302059.0
3 11 1235302154.0
3 11 1235302201.0
3 11 1235302241.0
3 11 1235302276.0
3 11 1235302405.0
3 11 1235302434.0
3 11 1235302471.0
3 1 1235302587.0
3 1 1235302605.0
3 1 1235302694.0
3 1 1235302770.0
3 1 1235302794.0
3 1 1235302816.0
3 1 1235302850.0
3 1 1235302922.0
3 1 1235302933.0
3 1 1235302942.0
3 1 1235302969.0
3 1 1235302979.0
3 1 1235303017.0
3 1 1235303041.0
3 1 1235303118.0
3 1 1235303310.0
3 1 1235303319.0
3 1 1235303329.0
3 1 1235303341.0
3 1 1235303377.0
3 1 1235303509.0
3 1 1235303519.0
3 4 1235303739.0
3 4 1235303750.0
3 6 1235303983.0
3 6 1235304001.0
3 6 1235304037.0
3 13 1239632866.0
3 10 1241888766.0
3 10 1241888806.0
3 10 1241888819.0
3 10 1241888831.0
3 10 1241888859.0
3 10 1241888880.0
3 10 1241888987.0
3 10 1241889002.0
3 10 1241889013.0
3 10 1241889073.0
3 10 1241889164.0
3 10 1241889178.0
3 10 1241889215.0
3 10 1241889222.0
3 10 1241889245.0
3 10 1241889266.0
3 10 1241889272.0
3 10 1241889281.0
3 10 1241889306.0
3 10 1241889322.0
3 10 1241889352.0
3 10 1241889387.0
3 10 1241889441.0
3 10 1241889447.0
3 10 1241889454.0
3 10 1241889470.0
3 10 1241889483.0
3 10 1241889491.0
3 10 1241889523.0
3 7 1241889537.0
3 10 1241889568.0
3 7 1241889601.0
3 7 1241889609.0
3 7 1241889698.0
3 9 1241889741.0
3 9 1241889749.0
3 5 1241889768.0
3 9 1241889812.0
3 9 1241889829.0
3 9 1241889837.0
3 9 1241889862.0
3 5 1241889995.0
3 7 1241890053.0
3 7 1241890097.0
3 7 1241890109.0
3 7 1241890119.0
3 7 1241890138.0
3 7 1241890266.0
3 7 1241890294.0
3 7 1241890319.0
3 7 1241890333.0
3 0 1241890709.0
3 0 1241890723.0
3 0 1241890776.0
3 0 1241890784.0
3 0 1241890833.0
3 0 1241890872.0
3 0 1241890895.0
3 0 1241890979.0
3 0 1241891084.0
3 0 1241891103.0
3 0 1241891124.0
3 0 1241891167.0
3 0 1241891194.0
3 0 1241891212.0
3 0 1241891236.0
3 0 1241891321.0
3 0 1241891399.0
3 0 1241891481.0
3 0 1241891517.0
3 4 1243612669.0
3 4 1243612679.0
3 4 1243612685.0
3 4 1243612701.0
3 4 1243612711.0
3 4 1243612735.0
3 4 1243612748.0
3 4 1243612781.0
3 4 1243612811.0
3 4 1243612835.0
3 4 1243612930.0
3 0 1245588172.0
3 0 1245588193.0
3 5 1250272481.0
3 5 1250272587.0
3 7 1253818176.0
3 7 1253818369.0
3 7 1253818401.0
3 7 1253820452.0
3 5 1261589224.0
3 7 1264367468.0
3 12 1266838993.0
3 12 1266839034.0
3 7 1266840111.0
3 3 1272885572.0
3 3 1272885625.0
3 3 1272885649.0
3 3 1272885681.0
3 3 1272885720.0
3 3 1272885876.0
3 3 1272885883.0
3 3 1272885895.0
3 3 1272885907.0
3 3 1272885922.0
3 3 1272885927.0
3 3 1272885937.0
3 3 1272886019.0
3 3 1272886037.0
3 3 1272886060.0
3 3 1272886069.0
3 3 1272886082.0
3 3 1272886091.0
3 3 1272886100.0
3 3 1272886107.0
3 3 1272886119.0
3 3 1272886129.0
3 3 1272886136.0
3 3 1272886143.0
3 3 1272886162.0
3 3 1272886187.0
3 3 1272886208.0
3 3 1272886223.0
3 3 1272886274.0
3 3 1272886305.0
3 3 1272886315.0
3 3 1272886325.0
3 3 1272886337.0
3 3 1272886344.0
3 3 1272886379.0
3 3 1272886401.0
3 3 1272886416.0
3 3 1272886458.0
3 3 1272886472.0
3 3 1272886503.0
3 3 1272886509.0
3 3 1272886548.0
3 3 1272886562.0
3 3 1272886579.0
3 3 1272886589.0
3 3 1272886598.0
3 3 1272886622.0
3 3 1272886637.0
3 3 1272886660.0
3 3 1272886685.0
3 3 1272886699.0
3 3 1272886752.0
3 3 1272886774.0
3 3 1272886794.0
3 3 1272886840.0
3 7 1272888027.0
3 7 1272888046.0
3 7 1272888052.0
3 7 1272888076.0
3 7 1272888090.0
3 7 1272888105.0
3 7 1272888151.0
3 7 1272888172.0
3 3 1272912520.0
3 4 1275823708.0
3 0 1275829520.0
3 0 1275829567.0
3 0 1275829578.0
3 0 1275829647.0
3 0 1275829677.0
3 0 1275829719.0
3 5 1275831333.0
3 7 1275831950.0
3 0 1277399926.0
3 13 1277572643.0
3 13 1279454647.0
3 5 1283604193.0
3 7 1283604782.0
3 7 1283604929.0
3 7 1283604963.0
3 5 1283605051.0
3 0 1283607808.0
3 6 1283780538.0
3 6 1283780564.0
3 6 1283780600.0
3 6 1283780606.0
3 0 1283786482.0
3 5 1283787953.0
3 5 1283787967.0
3 5 1289584529.0
3 5 1289584548.0
3 5 1289584609.0
3 6 1290779720.0
3 0 1290780496.0
3 9 1291829865.0
3 8 1291839156.0
3 14 1291970509.0
3 13 1295116612.0
3 9 1295117412.0
3 5 1300615178.0
3 10 1306757840.0
3 10 1306758046.0
3 9 1307270675.0
3 9 1307270722.0
3 9 1307270734.0
3 9 1307270742.0
3 9 1307270748.0
3 9 1307270754.0
3 9 1307270760.0
3 9 1307270955.0
3 9 1307270985.0
3 9 1307270991.0
3 9 1307271354.0
3 9 1307271518.0
3 9 1307271705.0
3 9 1307271798.0
3 9 1307272016.0
3 9 1307272210.0
3 9 1307272216.0
3 9 1307272232.0
3 9 1307272654.0
3 9 1307272710.0
3 9 1307272772.0
3 9 1307273270.0
3 9 1307273315.0
3 9 1307273478.0
3 9 1307273735.0
3 9 1307273944.0
3 9 1307274056.0
3 9 1307274063.0
3 9 1307274223.0
3 9 1307274259.0
3 9 1307274463.0
3 9 1307274876.0
3 9 1307274948.0
3 8 1307275294.0
3 8 1307275346.0
3 8 1307275363.0
3 8 1307275412.0
3 9 1307275439.0
3 9 1307275445.0
3 8 1307275517.0
3 9 1307275653.0
3 3 1309087685.0
3 3 1309087692.0
3 3 1309087725.0
3 3 1309087892.0
3 3 1309087913.0
3 3 1309087925.0
3 3 1309087944.0
3 3 1309087962.0
3 3 1309087986.0
3 3 1309087992.0
3 3 1309088010.0
3 3 1309088070.0
3 3 1309088094.0
3 3 1309088102.0
3 3 1309088144.0
3 3 1309088171.0
3 3 1309088246.0
3 3 1309088294.0
3 3 1309088378.0
3 7 1309088743.0
3 7 1309088775.0
3 7 1309088810.0
3 7 1309088844.0
3 7 1309088891.0
3 7 1309088925.0
3 7 1309089054.0
3 7 1309089103.0
3 7 1309089177.0
3 5 1309089546.0
3 3 1309167356.0
3 3 1309167416.0
3 3 1309167549.0
3 3 1309167601.0
3 3 1309167662.0
3 3 1309167703.0
3 5 1310820277.0
3 5 1311466812.0
3 5 1311468616.0
3 8 1311609356.0
3 7 1311614623.0
3 10 1311614699.0
3 7 1316351999.0
3 3 1316353141.0
3 3 1316353176.0
3 3 1316353198.0
3 3 1316353220.0
3 3 1316353269.0
3 3 1316353341.0
3 7 1316355918.0
3 5 1316356267.0
3 5 1316356559.0
3 5 1316356651.0
3 5 1316356749.0
3 9 1316429610.0
3 5 1316430098.0
3 3 1316433248.0
3 3 1316433380.0
3 3 1316433496.0
3 3 1316433777.0
3 7 1316467480.0
3 5 1317560328.0
3 5 1318027654.0
3 5 1318165418.0
3 6 1319218056.0
3 6 1319218213.0
3 6 1319218242.0
3 4 1319218665.0
3 1 1319218799.0
3 1 1319218851.0
3 15 1319219769.0
3 15 1319220652.0
3 15 1319220865.0
3 15 1319220888.0
3 15 1319220955.0
3 15 1319220963.0
3 15 1319220973.0
3 15 1319227616.0
3 15 1319230187.0
3 15 1319230218.0
3 15 1319230570.0
3 15 1319233948.0
3 8 1320065978.0
3 8 1320066003.0
3 8 1320066258.0
3 8 1320066340.0
3 8 1320066369.0
3 8 1320066516.0
3 8 1320066829.0
3 8 1320067096.0
3 8 1320067133.0
3 8 1320067283.0
3 8 1320067330.0
3 8 1320067754.0
3 8 1320068219.0
3 8 1320068242.0
3 8 1320068379.0
3 8 1320068442.0
3 7 1321630494.0
3 7 1321634392.0
3 7 1321634436.0
3 5 1321636171.0
3 5 1321636243.0
3 5 1321636250.0
3 7 1321707964.0
3 5 1321799625.0
3 5 1321799631.0
3 5 1321799651.0
3 5 1321799664.0
3 5 1321799669.0
3 0 1322847003.0
3 0 1322847032.0
3 9 1325266580.0
3 9 1325267320.0
3 9 1325267810.0
3 9 1325267946.0
3 10 1325273826.0
3 9 1325329900.0
3 9 1325330392.0
3 5 1330523189.0
3 5 1330523233.0
3 5 1330523396.0
3 7 1336597223.0
3 10 1336597326.0
3 8 1336651788.0
3 8 1336651916.0
3 8 1336651925.0
3 8 1336651947.0
3 10 1336652020.0
3 9 1336652157.0
3 4 1336836640.0
3 4 1336836658.0
3 4 1336836704.0
3 4 1336837016.0
3 4 1336837044.0
3 4 1336837114.0
3 2 1336837380.0
3 2 1336837413.0
3 1 1336837446.0
3 1 1336837464.0
3 1 1336837547.0
3 1 1336837662.0
3 1 1336837793.0
3 1 1336837855.0
3 1 1336837893.0
3 4 1336838165.0
3 4 1336838214.0
3 9 1336841384.0
3 6 1336847321.0
3 6 1336847395.0
3 6 1336847417.0
3 7 1337536626.0
3 10 1339107401.0
3 10 1339107408.0
3 5 1341607253.0
3 6 1345667065.0
3 9 1345667816.0
3 8 1345667927.0
3 5 1347482296.0
3 16 1348078597.0
3 16 1348078657.0
3 16 1348078672.0
3 16 1348078752.0
3 16 1348078767.0
3 16 1348078794.0
3 16 1348078897.0
3 16 1348078959.0
3 16 1348078991.0
3 14 1350478111.0
3 14 1350478216.0
3 1 1351945307.0
3 1 1351945338.0
3 1 1351945449.0
3 11 1351947125.0
3 11 1351948326.0
3 11 1351948569.0
3 11 1351948580.0
3 11 1351948589.0
3 11 1351948901.0
3 11 1351948913.0
3 11 1351948999.0
3 11 1351949037.0
3 11 1351949087.0
3 11 1351949099.0
3 11 1351949164.0
3 11 1351949334.0
3 11 1351949401.0
3 11 1351949509.0
3 11 1351949562.0
3 11 1351949653.0
3 11 1351949696.0
3 11 1351949756.0
3 11 1351949898.0
3 11 1351949928.0
3 11 1351949953.0
3 11 1351949962.0
3 11 1351949972.0
3 11 1351949997.0
3 11 1351950036.0
3 11 1351950060.0
3 11 1351950124.0
3 11 1351950133.0
3 11 1351950182.0
3 11 1351950258.0
3 11 1351950289.0
3 11 1351950666.0
3 11 1351950896.0
3 11 1351950908.0
3 11 1351950984.0
3 11 1351951117.0
3 11 1351951128.0
3 11 1351951153.0
3 11 1351951272.0
3 11 1351951284.0
3 11 1351951291.0
3 11 1351951557.0
3 11 1351951659.0
3 11 1351952032.0
3 1 1351957268.0
3 1 1351957282.0
3 1 1351957375.0
3 1 1351957529.0
3 1 1351957541.0
3 1 1351957552.0
3 1 1351957558.0
3 1 1351957703.0
3 1 1351957724.0
3 1 1351957743.0
3 1 1351957757.0
3 1 1351957787.0
3 1 1351957869.0
3 1 1351957882.0
3 1 1351957891.0
3 1 1351957947.0
3 1 1351957997.0
3 1 1351958086.0
3 1 1351958092.0
3 1 1351958120.0
3 1 1351958297.0
3 5 1354190231.0
3 9 1360968077.0
3 9 1360968232.0
3 9 1360972567.0
3 9 1360972917.0
3 9 1360972992.0
3 9 1360973075.0
3 9 1360973504.0
3 9 1360973732.0
3 9 1360973951.0
3 8 1361184519.0
3 8 1361184539.0
3 8 1361184580.0
3 8 1361184599.0
3 8 1361184626.0
3 8 1361184644.0
3 8 1361184683.0
3 8 1361184721.0
3 8 1361184739.0
3 8 1361184866.0
3 8 1361184881.0
3 8 1361184892.0
3 8 1361184906.0
3 8 1361184922.0
3 8 1361184948.0
3 8 1361184953.0
3 8 1361185002.0
3 8 1361185029.0
3 8 1361185099.0
3 8 1361185115.0
3 8 1361185140.0
3 8 1361185152.0
3 8 1361185165.0
3 8 1361185174.0
3 8 1361185195.0
3 8 1361185210.0
3 8 1361185223.0
3 8 1361185245.0
3 8 1361185257.0
3 8 1361185280.0
3 8 1361185289.0
3 8 1361185366.0
3 8 1361185585.0
3 8 1361185593.0
3 8 1361185602.0
3 8 1361185607.0
3 8 1361185622.0
3 8 1361185635.0
3 8 1361185647.0
3 8 1361185658.0
3 8 1361185675.0
3 8 1361185684.0
3 8 1361185721.0
3 8 1361185800.0
3 8 1361185814.0
3 8 1361185998.0
3 8 1361186061.0
3 8 1361186069.0
3 8 1361186563.0
3 8 1361186650.0
3 8 1361186873.0
3 8 1361187186.0
3 8 1361187394.0
3 8 1361187415.0
3 8 1361187528.0
3 6 1362829323.0
3 6 1362830573.0
3 6 1362834437.0
3 6 1362841563.0
3 6 1362845059.0
3 6 1362845068.0
3 6 1362845166.0
3 6 1362846394.0
3 6 1362847878.0
3 6 1362847885.0
3 6 1362847893.0
3 6 1362916290.0
3 6 1362916621.0
3 6 1362917083.0
3 6 1362917112.0
3 6 1362920576.0
3 6 1362920585.0
3 6 1362920602.0
3 6 1362920690.0
3 6 1362920695.0
3 6 1362923345.0
3 6 1362923508.0
3 6 1362923637.0
3 6 1362923838.0
3 6 1362923844.0
3 6 1362924635.0
3 6 1362924664.0
3 6 1362924677.0
3 6 1362924711.0
3 6 1367493371.0
3 5 1368368537.0
3 9 1368368553.0
3 5 1368369705.0
3 5 1368811950.0
3 5 1369420508.0
3 5 1369420543.0
3 5 1369420587.0
3 5 1369420597.0
3 5 1369420725.0
3 8 1369421077.0
3 10 1369421289.0
3 10 1369421299.0
3 16 1369423420.0
3 13 1370274833.0
3 13 1370274916.0
3 5 1371387297.0
3 5 1371387352.0
3 5 1371387371.0
3 5 1372409546.0
3 5 1372959098.0
3 5 1372959113.0
3 5 1373563912.0
3 5 1373650177.0
3 5 1373650312.0
3 5 1373650312.0
3 5 1373650364.0
3 5 1373650409.0
3 5 1373650409.0
3 7 1392645556.0
3 7 1392645618.0
3 5 1394220563.0
3 2 1394981131.0
3 2 1394981138.0
3 2 1394981270.0
3 2 1394981357.0
3 2 1394981428.0
3 1 1394981551.0
3 1 1394981575.0
3 0 1394981720.0
3 0 1394981772.0
3 0 1394981885.0
3 1 1394982657.0
3 1 1394982692.0
3 11 1394982900.0
3 11 1394982924.0
3 11 1394982940.0
3 11 1394982951.0
3 11 1394982968.0
3 11 1394982975.0
3 11 1394982992.0
3 11 1394983009.0
3 11 1394983017.0
3 11 1394983032.0
3 11 1394983049.0
3 11 1394983065.0
3 11 1394983077.0
3 11 1394983093.0
3 11 1394983110.0
3 11 1394983124.0
3 11 1394983144.0
3 11 1394983159.0
3 11 1394983175.0
3 1 1394983216.0
3 0 1394983551.0
3 0 1394983729.0
3 5 1394984175.0
3 5 1395500266.0
3 5 1395500279.0
3 5 1395500298.0
3 5 1395500394.0
3 5 1395500412.0
3 5 1395500433.0
3 5 1395500473.0
3 2 1395503091.0
3 2 1395503414.0
3 2 1395503685.0
3 2 1395503711.0
3 2 1395503719.0
3 2 1395503727.0
3 2 1395504074.0
3 2 1395504123.0
3 2 1395504141.0
3 2 1395504270.0
3 2 1395504311.0
3 2 1395504317.0
3 2 1395504352.0
3 2 1395504371.0
3 2 1395504390.0
3 2 1395504417.0
3 2 1395504433.0
3 2 1395504477.0
3 2 1395504552.0
3 2 1395505101.0
3 2 1395505518.0
3 2 1395506750.0
4 11 1236190946.0
4 2 1236191550.0
4 2 1236191559.0
4 2 1236191644.0
4 2 1236195022.0
5 0 1305737569.0
5 6 1306606728.0
5 6 1306606807.0
5 6 1306606807.0
5 8 1328991518.0
6 8 1175076872.0
6 5 1182092948.0
6 11 1182281223.0
6 11 1182285266.0
6 2 1182289211.0
7 11 1182955758.0
7 10 1265998956.0
7 10 1265998965.0
7 10 1265998966.0
7 10 1265998983.0
7 10 1265998991.0
7 10 1265999034.0
7 11 1304719558.0
7 11 1304719558.0
7 17 1306051052.0
7 17 1306052003.0
7 17 1306052021.0
7 17 1306052143.0
7 17 1306056540.0
7 17 1306056785.0
7 17 1306056793.0
7 17 1306056823.0
7 17 1306056867.0
7 17 1306056896.0
7 10 1353851947.0
7 3 1358973960.0
7 3 1358973968.0
7 3 1358973971.0
7 3 1358974482.0
7 3 1358977396.0
7 3 1358977398.0
7 3 1358977939.0
7 3 1358979967.0
7 3 1358979980.0
7 5 1361720875.0
7 18 1395931501.0
7 18 1395931533.0
9 2 1394294460.0
9 1 1394295040.0
9 0 1394295298.0
9 1 1394296144.0
9 0 1394296269.0
10 0 1333910346.0
10 0 1333910446.0
10 9 1351850659.0
10 9 1351850752.0
10 9 1351850846.0
10 9 1351851072.0
10 9 1351851085.0
10 5 1351851775.0
11 2 1303654126.0
11 1 1303663600.0
11 2 1304114791.0
13 11 1318274627.0
13 9 1325594899.0
13 2 1325671479.0
13 2 1325671484.0
13 6 1325678830.0
13 6 1325681593.0
13 11 1325893540.0
13 11 1326154229.0
13 11 1326303442.0
13 11 1326305575.0
13 11 1326306511.0
13 11 1326307032.0
13 11 1326307171.0
13 11 1326307257.0
13 11 1326325351.0
13 11 1326325359.0
13 11 1326326233.0
13 0 1326839791.0
13 0 1326840289.0
13 2 1326915044.0
13 2 1326915054.0
13 11 1330731869.0
13 11 1330731874.0
13 1 1331201927.0
13 0 1331830122.0
13 1 1333042403.0
14 0 1378116648.0
14 5 1378118096.0
14 9 1378122447.0
14 9 1378122683.0
14 7 1378123953.0
14 0 1378139320.0
14 0 1378139320.0
14 0 1378139342.0
14 2 1378140138.0
14 2 1378140210.0
14 2 1378140210.0
14 2 1378140327.0
14 2 1378140341.0
14 2 1378140341.0
14 8 1380902630.0
14 8 1380902634.0
14 2 1380903532.0
15 10 1267137010.0
15 19 1267268557.0
15 19 1267268629.0
15 19 1267358454.0
15 19 1267358460.0
15 19 1267358484.0
15 19 1267358536.0
15 19 1267358707.0
15 19 1267565305.0
16 8 1124541664.0
16 8 1124541679.0
16 8 1124541734.0
16 5 1124618452.0
16 5 1124618746.0
16 5 1124619831.0
16 8 1124788418.0
16 8 1124788427.0
16 8 1124789488.0
17 1 1383786603.0
17 4 1383794875.0
17 0 1383829105.0
17 5 1383829850.0
17 5 1383829863.0
17 5 1383829907.0
17 5 1383830010.0
17 5 1383830040.0
17 5 1383830143.0
17 1 1383843715.0
17 10 1383852780.0
17 10 1383852780.0
17 6 1383912242.0
17 6 1383912313.0
17 6 1383912352.0
17 1 1383917399.0
17 6 1383920067.0
17 1 1384102845.0
17 1 1384106074.0
17 1 1385296514.0
17 5 1387300988.0
17 10 1387629100.0
17 10 1387629104.0
17 5 1387638370.0
17 5 1397926613.0
18 7 1206535132.0
18 0 1206538271.0
18 0 1206538287.0
18 0 1206538356.0
18 0 1206538684.0
18 0 1206538713.0
18 0 1206538727.0
18 0 1206538826.0
18 0 1206538835.0
19 2 1355945752.0
19 2 1355946802.0
19 2 1355946899.0
19 2 1355947608.0
19 1 1355947895.0
19 1 1355948228.0
19 1 1355948363.0
19 1 1355948441.0
19 0 1355950857.0
19 5 1355951606.0
19 5 1355951891.0
19 5 1356108787.0
20 2 1289933892.0
20 2 1289934176.0
20 2 1289934183.0
20 2 1289934303.0
20 2 1289934765.0
20 11 1289935204.0
20 11 1289935354.0
20 2 1320048388.0
21 4 1273692355.0
21 4 1273692639.0
21 4 1273693569.0
21 7 1295805724.0
21 9 1296236743.0
22 8 1319899282.0
22 10 1319901773.0
22 1 1353265063.0
22 11 1353269258.0
22 6 1355899758.0
25 0 1353758413.0
25 15 1353794336.0
25 15 1355071665.0
25 0 1355240948.0
25 0 1355922746.0
25 8 1355940300.0
25 6 1357838664.0
25 10 1358264530.0
25 0 1360160339.0
25 0 1360160604.0
25 9 1360178661.0
25 0 1360683912.0
25 0 1360687180.0
25 0 1361285244.0
25 0 1361286869.0
25 0 1361288683.0
25 2 1361293287.0
25 0 1361380161.0
25 0 1361984143.0
25 0 1364146485.0
25 0 1364146519.0
25 0 1365600455.0
25 7 1365603144.0
25 7 1365603704.0
25 7 1365603801.0
25 7 1365603906.0
25 7 1365605447.0
25 7 1365607861.0
25 7 1365609250.0
25 10 1370722402.0
25 10 1377097486.0
25 10 1377097979.0
25 10 1377968302.0
25 1 1378485984.0
25 10 1380134318.0
25 5 1380572213.0
25 5 1380572304.0
25 5 1380572444.0
25 15 1380632214.0
25 15 1380634089.0
25 15 1380634613.0
25 15 1380634756.0
25 15 1380638115.0
25 0 1382102850.0
25 0 1382104121.0
27 0 1132519332.0
27 7 1188924376.0
27 7 1189079384.0
27 0 1202654027.0
27 0 1232109076.0
27 5 1286723753.0
27 5 1286727312.0
27 1 1286794457.0
27 0 1287687921.0
27 0 1287688353.0
27 11 1289294180.0
27 11 1289383478.0
27 11 1289416194.0
27 0 1289472206.0
27 0 1289562315.0
27 10 1289901553.0
27 9 1289998386.0
27 8 1297536757.0
27 8 1297548764.0
27 8 1297553793.0
27 0 1301076329.0
27 1 1301434914.0
27 15 1319227217.0
27 4 1319981168.0
27 0 1325186209.0
27 15 1326483106.0
27 7 1332618014.0
27 7 1332626220.0
27 15 1333202474.0
27 7 1338044727.0
27 6 1339781201.0
27 6 1339781707.0
27 7 1340304911.0
27 6 1340314752.0
27 6 1340316041.0
27 4 1343810922.0
27 1 1347038577.0
27 8 1350230793.0
27 5 1353247252.0
27 1 1354913024.0
27 15 1360867637.0
27 19 1362319642.0
27 1 1364065849.0
27 7 1366744445.0
27 12 1368882019.0
27 1 1368903567.0
27 9 1373204998.0
27 9 1373207429.0
27 7 1388520241.0
27 7 1388524346.0
27 7 1388524502.0
27 7 1388531434.0
27 0 1392475579.0
27 15 1394219116.0
27 15 1394230970.0
27 6 1398285065.0
27 6 1398285176.0
29 2 1265730982.0
29 9 1266495813.0
31 4 1239797616.0
31 2 1239797788.0
31 1 1239798023.0
31 1 1239798105.0
31 1 1239798120.0
32 7 1171883822.0
32 16 1171891127.0
32 16 1171891136.0
32 16 1172169858.0
33 14 1386395150.0
33 17 1386395645.0
33 17 1387110090.0
33 17 1387110132.0
33 17 1387110170.0
34 11 996234542.0
34 7 1084766320.0
34 5 1124085390.0
34 5 1124085413.0
34 5 1124085562.0
34 0 1124879101.0
34 0 1124879265.0
34 2 1124883844.0
34 11 1124884208.0
34 2 1246556286.0
34 2 1246556589.0
34 2 1246556689.0
35 5 1380296113.0
35 2 1380297646.0
35 2 1380297690.0
35 2 1380297765.0
35 2 1380297812.0
35 2 1380297850.0
35 2 1380298402.0
36 0 1303311600.0
36 5 1303317834.0
36 0 1303318285.0
36 11 1303553650.0
36 1 1303554240.0
36 1 1303554265.0
36 13 1303641792.0
36 13 1303643221.0
37 2 1388752107.0
37 4 1388827675.0
37 4 1388828106.0
38 2 1326465136.0
38 0 1326465238.0
38 17 1326537639.0
38 1 1326638620.0
38 1 1326638658.0
38 0 1326643333.0
38 0 1326643806.0
38 3 1380651778.0
38 3 1380701524.0
38 1 1384711972.0
38 5 1384771549.0
38 2 1384878043.0
39 12 1125690226.0
39 5 1133551005.0
39 12 1135351462.0
39 5 1158956240.0
39 5 1158956416.0
39 5 1158956695.0
39 5 1158956751.0
39 5 1158956813.0
39 5 1158956879.0
39 5 1158957001.0
39 5 1158957030.0
39 5 1158957288.0
39 0 1192681808.0
39 0 1192681860.0
39 0 1192739007.0
39 0 1192739088.0
39 0 1192739171.0
39 0 1232846705.0
39 0 1232846744.0
39 0 1232846779.0
39 0 1232846812.0
40 13 1342789035.0
40 10 1347196385.0
41 7 1226133705.0
41 7 1226133746.0
41 7 1226133777.0
41 7 1226133787.0
41 7 1226133841.0
41 7 1226140815.0
41 7 1226140836.0
41 0 1226165079.0
42 1 1330176428.0
42 1 1330176475.0
42 1 1330176624.0
42 2 1330176815.0
42 4 1330177915.0
42 10 1330179988.0
42 2 1343573166.0
42 2 1343573226.0
42 14 1350495991.0
42 14 1350496141.0
42 17 1354361866.0
42 17 1355080856.0
42 3 1357151252.0
42 4 1357991533.0
42 12 1364117814.0
42 2 1364118001.0
42 2 1364118054.0
43 7 1314546072.0
43 10 1314548242.0
45 4 1190198648.0
45 4 1265917515.0
45 4 1265964844.0
45 4 1265964846.0
45 4 1265964852.0
45 4 1265964855.0
45 4 1265964859.0
45 4 1265964862.0
45 4 1265964865.0
45 4 1265964868.0
45 4 1265964871.0
45 4 1265964873.0
45 5 1282131945.0
45 1 1288180050.0
45 19 1295196409.0
45 19 1295197134.0
45 19 1295197318.0
45 19 1295200823.0
45 19 1295200828.0
45 19 1295200876.0
45 19 1295201017.0
45 19 1295203431.0
45 19 1295203485.0
45 19 1295203537.0
45 19 1295203570.0
45 19 1295205244.0
45 11 1300536558.0
45 14 1300536561.0
45 15 1300536565.0
45 1 1305222415.0
45 4 1314900828.0
45 7 1314983668.0
45 7 1314983760.0
45 7 1314983763.0
45 7 1314983767.0
45 7 1314983770.0
45 5 1319825327.0
45 5 1319825351.0
45 5 1319825401.0
45 5 1319825574.0
45 5 1319825681.0
45 5 1319825732.0
45 5 1319825793.0
45 5 1319825886.0
45 5 1319826086.0
45 5 1319826253.0
45 5 1319826313.0
45 5 1319826493.0
45 5 1319826718.0
45 5 1319826985.0
45 5 1319827129.0
45 5 1319827253.0
45 5 1319827285.0
45 5 1319827286.0
45 5 1319827336.0
45 5 1319828879.0
45 5 1319829043.0
45 5 1319829071.0
45 5 1319829187.0
45 4 1322504211.0
45 0 1322521360.0
45 7 1322850553.0
45 7 1322850557.0
45 7 1322850561.0
45 7 1322850567.0
45 7 1322850573.0
45 7 1322850579.0
45 7 1322850585.0
45 7 1322850591.0
45 4 1323554861.0
45 16 1323867034.0
45 18 1323873210.0
45 18 1323873248.0
45 18 1323873448.0
45 10 1323899998.0
45 16 1323900190.0
45 16 1323900199.0
45 5 1325847404.0
45 5 1325847473.0
45 10 1326051520.0
45 10 1326051541.0
45 8 1330722348.0
45 8 1330722354.0
45 8 1330723281.0
45 8 1330723778.0
45 8 1330728396.0
45 8 1330728404.0
45 19 1333671527.0
45 10 1333898421.0
45 10 1333898438.0
45 10 1333898463.0
45 10 1333898491.0
45 10 1333898549.0
45 10 1333898567.0
45 10 1333898592.0
45 19 1333960289.0
45 19 1334255113.0
45 5 1335697129.0
45 5 1335697278.0
45 5 1335697338.0
45 0 1335699203.0
45 1 1335699520.0
45 1 1335699550.0
45 0 1335711897.0
45 8 1336121338.0
45 0 1336513243.0
45 12 1336677195.0
45 10 1336729167.0
45 10 1336729930.0
45 10 1336730067.0
45 10 1336913782.0
45 7 1336915000.0
45 5 1336921322.0
45 10 1336945040.0
45 5 1336984003.0
45 7 1336992636.0
45 7 1336992752.0
45 18 1338647137.0
45 1 1338716752.0
45 12 1342185852.0
45 12 1342186012.0
45 20 1346107642.0
45 7 1346108053.0
45 7 1346108312.0
45 7 1346616074.0
45 7 1346621577.0
45 7 1346622699.0
45 10 1351063483.0
45 10 1351063602.0
45 10 1351063741.0
45 10 1351102890.0
45 10 1351102970.0
45 1 1351943258.0
45 1 1351943724.0
45 1 1351943868.0
45 1 1351943916.0
45 1 1351944299.0
45 1 1351944406.0
45 1 1351944832.0
45 1 1351945261.0
45 1 1351945359.0
45 2 1351945374.0
45 1 1351945419.0
45 1 1351945455.0
45 1 1351945533.0
45 0 1351945565.0
45 11 1351947590.0
45 11 1351947720.0
45 11 1351947757.0
45 11 1351948086.0
45 11 1351948335.0
45 11 1351948354.0
45 11 1351948482.0
45 11 1351949559.0
45 11 1351949589.0
45 11 1351949607.0
45 11 1351949634.0
45 11 1351950475.0
45 11 1351950499.0
45 11 1351950531.0
45 11 1351950752.0
45 11 1351950921.0
45 11 1351950936.0
45 11 1351950962.0
45 11 1351950968.0
45 11 1351950995.0
45 11 1351951023.0
45 11 1351951036.0
45 11 1351951087.0
45 11 1351951105.0
45 11 1351951115.0
45 0 1351956189.0
45 0 1351956978.0
45 0 1351956986.0
45 0 1351957106.0
45 0 1351957109.0
45 0 1351957247.0
45 0 1351957365.0
45 0 1351957378.0
45 0 1351957385.0
45 0 1351957431.0
45 0 1351957455.0
45 0 1351957525.0
45 0 1351957644.0
45 1 1351970597.0
45 11 1351970724.0
45 1 1351970834.0
45 11 1351971027.0
45 0 1351971157.0
45 1 1352026029.0
45 0 1352140172.0
45 7 1352402391.0
45 7 1352461770.0
45 10 1352462285.0
45 10 1352462340.0
45 10 1352462381.0
45 7 1352465118.0
45 3 1354817526.0
45 3 1354817618.0
45 5 1357051224.0
45 5 1357051241.0
45 5 1357051254.0
45 5 1357051261.0
45 5 1358075211.0
45 0 1358075964.0
45 0 1358075979.0
45 0 1358075989.0
45 0 1358076009.0
45 0 1358076046.0
45 0 1358076063.0
45 0 1358076180.0
45 0 1358076193.0
45 0 1358080374.0
45 10 1358621162.0
45 10 1358621183.0
45 10 1358621359.0
45 10 1358621369.0
45 10 1358624848.0
45 10 1358674403.0
45 10 1358674407.0
45 10 1358674410.0
45 2 1359578708.0
45 0 1359801242.0
45 7 1359803867.0
45 3 1359803935.0
45 8 1359887600.0
45 8 1359890564.0
45 8 1359890652.0
45 8 1360263839.0
45 8 1360263856.0
45 8 1360263864.0
45 8 1360263864.0
45 8 1360264632.0
45 8 1360264779.0
45 8 1360264952.0
45 8 1360266656.0
45 8 1360268326.0
45 8 1360270847.0
45 8 1360270897.0
45 8 1360271405.0
45 8 1360271418.0
45 8 1360271426.0
45 8 1360271500.0
45 10 1360276548.0
45 8 1360312610.0
45 8 1360312774.0
45 8 1360313027.0
45 10 1361110277.0
45 7 1361110296.0
45 7 1361110398.0
45 7 1361110582.0
45 7 1361111084.0
45 7 1361111102.0
45 7 1361111106.0
45 7 1361111249.0
45 7 1361111270.0
45 7 1361111278.0
45 7 1361111312.0
45 7 1361111338.0
45 7 1361111350.0
45 7 1361111356.0
45 7 1361111394.0
45 7 1361111407.0
45 7 1361111416.0
45 10 1361111490.0
45 10 1361111582.0
45 10 1361111588.0
45 10 1361111597.0
45 7 1361111691.0
45 18 1361112360.0
45 18 1361112396.0
45 18 1361112415.0
45 18 1361112435.0
45 18 1361112443.0
45 18 1361112454.0
45 18 1361112477.0
45 18 1361112485.0
45 18 1361112491.0
45 18 1361112511.0
45 18 1361112527.0
45 18 1361112541.0
45 8 1361470757.0
45 18 1361536010.0
45 18 1361546792.0
45 18 1361546993.0
45 18 1361547030.0
45 18 1361547066.0
45 18 1361547109.0
45 18 1361547624.0
45 8 1361909852.0
45 8 1361910309.0
45 8 1361910475.0
45 8 1361911161.0
45 8 1361911167.0
45 8 1361949915.0
45 19 1362132238.0
45 19 1362132267.0
45 19 1362132366.0
45 19 1362132486.0
45 19 1362132532.0
45 19 1362132649.0
45 19 1362138161.0
45 18 1362220407.0
45 9 1362320614.0
45 9 1362321242.0
45 9 1362321303.0
45 9 1362321309.0
45 9 1362321353.0
45 9 1362321357.0
45 9 1362321373.0
45 9 1362321528.0
45 9 1362322540.0
45 9 1362322735.0
45 9 1362329874.0
45 9 1362330338.0
45 18 1362420802.0
45 16 1364339224.0
45 16 1364339390.0
45 16 1364339489.0
45 16 1364339566.0
45 12 1366324740.0
45 5 1368783821.0
45 5 1368783845.0
45 5 1368783874.0
45 5 1368783886.0
45 5 1368795312.0
45 5 1368795660.0
45 5 1368870248.0
45 5 1368896119.0
45 5 1368957708.0
45 5 1369122132.0
45 2 1369146094.0
45 1 1369146254.0
45 5 1369236613.0
45 8 1370088646.0
45 8 1370088823.0
45 8 1370088953.0
45 8 1370182293.0
45 8 1370182412.0
45 8 1370182518.0
45 8 1370182803.0
45 8 1370182960.0
45 8 1370265142.0
45 8 1370300491.0
45 10 1371227739.0
45 10 1371227852.0
45 10 1372507091.0
45 10 1372507186.0
45 10 1372507205.0
45 10 1372507242.0
45 10 1372509354.0
45 10 1372512170.0
45 10 1372512271.0
45 10 1372512595.0
45 10 1372514785.0
45 10 1372514884.0
45 10 1372526118.0
45 10 1372840287.0
45 10 1372840552.0
45 10 1372870133.0
45 16 1373322411.0
45 10 1373356945.0
45 19 1374857810.0
45 19 1377349806.0
45 19 1377545819.0
45 19 1377598443.0
45 7 1379173868.0
45 7 1379174093.0
45 7 1379174103.0
45 7 1379174119.0
45 10 1379706784.0
45 7 1379852467.0
45 7 1379852506.0
45 7 1379852601.0
45 7 1379852647.0
45 7 1379852685.0
45 7 1379852702.0
45 7 1379852719.0
45 10 1381077725.0
45 19 1381744566.0
45 19 1382791750.0
45 10 1382866585.0
45 16 1382867121.0
45 16 1382867189.0
45 16 1382867390.0
45 16 1382867403.0
45 16 1382867427.0
45 10 1382876477.0
45 16 1382993067.0
45 10 1384431805.0
45 10 1384431825.0
45 10 1384431834.0
45 10 1384432516.0
45 10 1384432844.0
45 10 1384433850.0
45 10 1384433986.0
45 10 1384434348.0
45 10 1384434429.0
45 8 1384438089.0
45 8 1384438101.0
45 8 1384438122.0
45 8 1384438309.0
45 1 1384449014.0
45 10 1384524690.0
45 7 1384544813.0
45 7 1384552530.0
45 0 1384556065.0
45 10 1384682548.0
45 10 1384981000.0
45 19 1385214980.0
45 19 1386272401.0
45 19 1389946110.0
45 19 1390030969.0
45 19 1390064250.0
45 19 1390324238.0
45 16 1390736976.0
45 16 1390737007.0
45 16 1390737052.0
45 16 1390737079.0
45 16 1390737112.0
45 16 1390737189.0
45 16 1390737223.0
45 16 1390737281.0
45 10 1390737867.0
45 10 1390737894.0
45 10 1390737900.0
45 10 1390737913.0
45 10 1390737937.0
45 10 1390737955.0
45 10 1390737976.0
45 10 1390738161.0
45 10 1390738346.0
45 10 1390738462.0
45 10 1390738467.0
45 8 1390738500.0
45 16 1390739686.0
45 10 1390746088.0
45 7 1390815141.0
45 16 1390843260.0
45 16 1390990876.0
45 10 1391240954.0
45 10 1391241055.0
45 10 1391241484.0
45 8 1391727726.0
45 8 1391728317.0
45 16 1391959020.0
45 16 1392550313.0
45 16 1392550330.0
45 0 1392987479.0
45 0 1392987495.0
45 5 1392987515.0
45 2 1392992361.0
45 2 1392992410.0
45 2 1392992434.0
45 2 1392992447.0
45 2 1392992574.0
45 2 1392992575.0
45 2 1392993126.0
45 2 1392993127.0
45 19 1395176412.0
45 19 1395427187.0
45 14 1396475033.0
45 8 1397827263.0
45 10 1397919934.0
45 7 1397942199.0
45 19 1398275432.0
46 8 1327362352.0
46 0 1329007309.0
46 1 1329007422.0
46 1 1329007488.0
46 3 1349719578.0
46 8 1349897525.0
46 8 1349898808.0
46 8 1349907783.0
46 8 1350339751.0
46 5 1350690924.0
46 5 1350691050.0
46 10 1350980018.0
46 8 1350980248.0
46 10 1350980416.0
46 15 1351331692.0
46 10 1351473670.0
46 8 1352415718.0
46 5 1352846368.0
46 8 1353476475.0
46 8 1358793752.0
46 8 1358887177.0
46 8 1359403994.0
46 10 1359587728.0
46 10 1359594697.0
46 8 1360780898.0
46 10 1360796104.0
46 8 1361313479.0
46 8 1366772329.0
46 8 1368034355.0
46 8 1369245321.0
46 8 1369540547.0
46 8 1370839458.0
46 8 1371593547.0
46 6 1371788681.0
46 0 1386986643.0
46 10 1391409731.0
46 8 1391579703.0
46 8 1392964900.0
46 8 1392965312.0
46 10 1393054897.0
46 10 1395305553.0
46 10 1397191079.0
48 2 1357416679.0
48 0 1365077051.0
48 5 1365942544.0
48 5 1365942761.0
50 18 1190059909.0
50 18 1190059993.0
50 18 1190060214.0
50 18 1190060349.0
50 18 1190060454.0
50 18 1190062836.0
50 18 1190062851.0
50 18 1190063479.0
50 9 1323861828.0
50 8 1381668895.0
50 8 1381669917.0
50 8 1386956514.0
51 18 1157146563.0
51 18 1157146805.0
51 18 1157147327.0
51 18 1157147593.0
51 18 1157147733.0
51 18 1157149970.0
51 18 1157150179.0
51 18 1157150322.0
51 18 1157150341.0
51 18 1157150657.0
51 18 1157150969.0
51 18 1157152877.0
51 18 1157152884.0
51 18 1157152992.0
51 18 1157154489.0
51 18 1157154820.0
51 15 1161836490.0
51 15 1161836510.0
51 15 1161836516.0
51 15 1161836546.0
51 15 1161836553.0
51 15 1161836571.0
51 15 1161836637.0
51 15 1161836642.0
51 15 1161836690.0
51 15 1161836744.0
51 15 1161836828.0
51 15 1161836929.0
51 15 1161836932.0
51 15 1161836937.0
51 15 1161837014.0
51 15 1161837019.0
51 15 1161837044.0
51 15 1161837159.0
51 15 1161837162.0
51 15 1161837165.0
51 15 1161837168.0
51 15 1161837173.0
51 15 1161837177.0
51 15 1161837284.0
51 15 1161837455.0
51 15 1161837532.0
51 15 1161837707.0
51 15 1161837746.0
51 15 1161837828.0
51 15 1161837858.0
51 15 1161837870.0
51 15 1161837968.0
51 18 1221176056.0
51 18 1221176056.0
51 18 1221176108.0
51 18 1221176179.0
51 18 1221176286.0
51 18 1221176748.0
51 18 1221176754.0
51 18 1221176762.0
51 18 1221176784.0
51 18 1221176820.0
51 18 1221176834.0
51 18 1221176849.0
51 18 1221176855.0
51 18 1221176863.0
51 18 1221176903.0
51 18 1221176918.0
51 18 1221176995.0
51 18 1221177232.0
51 18 1221177244.0
51 18 1221177590.0
51 18 1221177604.0
51 18 1221177803.0
51 18 1221178285.0
51 18 1221178657.0
51 18 1221178664.0
51 18 1221178670.0
51 18 1221178683.0
51 18 1221178922.0
51 18 1221178932.0
51 18 1221178940.0
51 18 1221178964.0
51 18 1221178971.0
51 18 1221179385.0
51 18 1221179690.0
51 18 1221179727.0
51 18 1221179734.0
51 18 1221179740.0
51 18 1221179746.0
51 18 1221179752.0
51 18 1221179773.0
51 18 1221179802.0
51 18 1221179818.0
51 18 1221180241.0
51 18 1221180248.0
51 18 1221180254.0
51 18 1221180261.0
51 18 1221180308.0
51 18 1221180316.0
51 18 1221180333.0
51 18 1221180343.0
51 18 1221180357.0
51 18 1221180624.0
51 18 1221180637.0
51 18 1221180641.0
51 18 1221180649.0
51 18 1221180656.0
51 18 1221180668.0
51 18 1221180684.0
51 18 1221180694.0
51 18 1221180709.0
51 18 1221181267.0
51 18 1221181274.0
51 18 1221181282.0
51 18 1221181293.0
51 18 1221181300.0
51 18 1221181304.0
51 18 1221181308.0
51 18 1221181319.0
51 18 1221181324.0
51 18 1221181328.0
51 18 1237325864.0
51 18 1237325867.0
51 18 1237325881.0
51 18 1237325904.0
51 18 1237326637.0
51 18 1237326643.0
51 18 1237326678.0
51 18 1237326759.0
51 18 1237326778.0
51 18 1237326959.0
51 18 1237327146.0
51 18 1237327272.0
51 18 1237327311.0
51 18 1237327389.0
51 18 1237327886.0
51 18 1237329187.0
51 18 1237329820.0
51 18 1237329833.0
51 18 1237330173.0
51 18 1237330189.0
51 18 1237330259.0
51 18 1237330293.0
51 18 1237330344.0
51 18 1237330353.0
51 18 1237330484.0
51 18 1237330508.0
51 18 1237330541.0
51 18 1242856397.0
51 18 1242857379.0
51 18 1242857552.0
51 18 1242857559.0
51 18 1242857623.0
51 18 1242857676.0
51 18 1242857706.0
51 18 1242857734.0
51 18 1242857901.0
51 18 1242857905.0
51 18 1242857916.0
51 18 1242858092.0
51 18 1242858118.0
51 18 1242858202.0
51 18 1242858264.0
51 18 1242858285.0
51 18 1242858311.0
51 18 1242858388.0
51 18 1242858394.0
51 18 1242858400.0
51 18 1242858413.0
51 18 1242858468.0
51 18 1242858495.0
51 18 1242858524.0
51 18 1242858543.0
51 18 1242858551.0
51 18 1242858569.0
51 18 1242858571.0
51 18 1242858575.0
51 18 1242858585.0
51 18 1242858588.0
51 18 1242858600.0
51 18 1242858607.0
51 18 1242858736.0
51 18 1242858761.0
51 18 1242858800.0
51 18 1242858837.0
51 18 1242858995.0
51 18 1242859043.0
51 18 1242859054.0
51 18 1242859082.0
51 18 1242859096.0
51 18 1242859136.0
51 18 1242859361.0
51 18 1242859378.0
51 18 1242859442.0
51 18 1242859452.0
51 18 1242859459.0
51 18 1242859482.0
51 18 1242859489.0
51 18 1242859509.0
51 18 1242859517.0
51 18 1242859527.0
51 18 1242859537.0
51 18 1242859550.0
51 18 1242859908.0
51 18 1242859915.0
51 18 1242860108.0
51 18 1242860117.0
51 18 1242860136.0
51 18 1242860633.0
51 18 1242860724.0
51 18 1242860729.0
51 18 1242861105.0
51 18 1242861322.0
51 18 1242861342.0
51 18 1242861390.0
51 18 1242861499.0
51 18 1242861913.0
51 18 1242862209.0
51 18 1242862221.0
51 18 1242862267.0
51 18 1242862285.0
51 8 1265467418.0
51 8 1265467422.0
51 8 1265467427.0
51 8 1265470162.0
51 8 1265471504.0
51 8 1265471509.0
51 8 1265471518.0
51 8 1265472448.0
51 8 1265473284.0
51 8 1265473574.0
51 8 1265473580.0
51 8 1265473676.0
51 8 1265475275.0
51 8 1265475375.0
51 8 1265475396.0
51 8 1265475478.0
51 8 1265475515.0
51 8 1265475613.0
51 8 1265475765.0
51 8 1265476456.0
51 8 1265476571.0
51 8 1265476582.0
51 8 1265476630.0
51 8 1265476643.0
51 8 1265476923.0
51 8 1265476929.0
51 8 1265477079.0
51 8 1265477087.0
51 8 1265477106.0
51 8 1265477219.0
51 8 1265477243.0
51 8 1265477252.0
51 8 1265477290.0
51 8 1265477394.0
51 8 1265477407.0
51 8 1265477494.0
51 8 1265477653.0
51 8 1265478113.0
51 8 1265478250.0
51 8 1265479200.0
51 8 1265479228.0
51 8 1265479241.0
51 8 1265479369.0
51 8 1265479388.0
51 8 1265479388.0
51 8 1265479402.0
51 8 1265479551.0
51 8 1265479585.0
51 8 1265479593.0
51 8 1265479635.0
51 8 1265479679.0
51 8 1265479825.0
51 8 1265483701.0
51 8 1265483769.0
51 8 1265483775.0
51 8 1265483789.0
51 8 1265484029.0
51 8 1265484155.0
51 8 1265484558.0
51 8 1265484567.0
51 8 1265485040.0
51 8 1265485044.0
51 8 1265487206.0
51 8 1265489011.0
51 8 1265489031.0
51 8 1265489302.0
51 8 1265492091.0
51 8 1265492629.0
51 8 1265492849.0
51 8 1265492875.0
51 8 1265492884.0
51 8 1265492893.0
51 8 1265492910.0
51 8 1265492917.0
51 8 1265492927.0
51 8 1265492977.0
51 8 1265492984.0
51 8 1265492991.0
51 8 1265493018.0
51 8 1265493026.0
51 8 1265493031.0
51 8 1265493077.0
51 8 1265493081.0
51 8 1265493095.0
51 8 1265493539.0
51 8 1265493552.0
51 8 1265493557.0
51 8 1265493593.0
51 8 1265493686.0
51 8 1265493695.0
51 8 1265493801.0
51 8 1265493812.0
51 8 1265493828.0
51 8 1265493847.0
51 8 1265493863.0
51 8 1265493902.0
51 8 1265493925.0
51 8 1265493934.0
51 8 1265493988.0
51 1 1271017738.0
51 1 1271018157.0
51 1 1271018184.0
51 1 1271018227.0
51 1 1271018269.0
51 1 1271018301.0
51 1 1271018309.0
51 1 1271018333.0
51 1 1271018363.0
51 1 1271018374.0
51 1 1271018379.0
51 1 1271018496.0
51 1 1271018501.0
51 1 1271018659.0
51 1 1271018728.0
51 1 1271018823.0
51 1 1271018830.0
51 1 1271018892.0
51 1 1271018897.0
51 1 1271018906.0
51 1 1271018910.0
51 1 1271018915.0
51 1 1271019324.0
51 1 1271019666.0
51 1 1271019694.0
51 1 1271019718.0
51 1 1271019767.0
51 1 1271019804.0
51 1 1271019832.0
51 1 1271019836.0
51 1 1271019839.0
51 1 1271019845.0
51 1 1271019854.0
51 1 1271019874.0
51 1 1271019881.0
51 1 1271019884.0
51 1 1271020064.0
51 1 1271020075.0
51 1 1271020182.0
51 1 1271020689.0
51 1 1271021125.0
51 1 1271021211.0
51 1 1271021227.0
51 1 1271021299.0
51 1 1271021345.0
51 2 1285355130.0
51 2 1285355709.0
51 2 1285355855.0
51 2 1285356428.0
51 2 1285357054.0
51 2 1285357066.0
51 2 1285357087.0
51 2 1285357099.0
51 2 1285357126.0
51 2 1285357137.0
51 2 1285357152.0
51 2 1285357260.0
51 2 1285359347.0
51 2 1285359392.0
51 2 1285359422.0
51 2 1285359495.0
51 2 1285359523.0
51 2 1285359626.0
51 2 1285359640.0
51 2 1285360022.0
51 2 1285360070.0
51 2 1285360198.0
51 2 1285360387.0
51 2 1285360456.0
51 2 1285360479.0
51 2 1285360975.0
51 2 1285360992.0
51 2 1285361546.0
51 2 1285361558.0
51 2 1285362138.0
51 2 1285362508.0
51 2 1285362702.0
51 2 1285363066.0
51 2 1285363098.0
51 2 1285363154.0
51 2 1285364455.0
51 2 1285364522.0
51 2 1285364569.0
51 2 1285365271.0
51 2 1285365306.0
51 2 1285365309.0
51 2 1285365341.0
51 2 1285365402.0
51 2 1285365438.0
51 2 1285365752.0
51 2 1285365775.0
51 2 1285365852.0
51 2 1285366026.0
51 2 1285366064.0
51 7 1286487080.0
51 7 1286487092.0
51 7 1286487107.0
51 7 1286580912.0
51 7 1286581145.0
51 7 1286581789.0
51 4 1286633712.0
51 4 1286633977.0
51 4 1286634748.0
51 4 1286636768.0
51 4 1286637558.0
51 4 1286637630.0
51 4 1286642285.0
51 4 1286643727.0
51 4 1286644867.0
51 4 1286645218.0
51 4 1286645273.0
51 4 1286645451.0
51 4 1286645955.0
51 4 1286648356.0
51 4 1286649077.0
51 4 1286649403.0
51 4 1286650145.0
51 4 1286652487.0
51 4 1286652722.0
51 4 1286658088.0
51 4 1286720165.0
51 4 1286720484.0
51 4 1286720938.0
51 4 1286721152.0
51 4 1286729747.0
51 4 1286729768.0
52 10 1232567724.0
52 19 1290855122.0
52 8 1297542098.0
52 8 1297542743.0
52 8 1297542926.0
52 1 1301435141.0
52 0 1308498599.0
52 12 1313751180.0
52 1 1322858033.0
52 15 1326484472.0
52 15 1326485795.0
52 15 1326487494.0
52 2 1328458013.0
52 5 1329505662.0
52 7 1332633743.0
52 7 1332634516.0
52 7 1332678856.0
52 7 1332679054.0
52 7 1332679350.0
52 7 1332679467.0
52 7 1332679553.0
52 7 1332679882.0
52 7 1332680028.0
52 7 1332681355.0
52 7 1332681519.0
52 7 1332681606.0
52 7 1332681913.0
52 7 1332682017.0
52 7 1332682105.0
52 7 1332682263.0
52 7 1332682395.0
52 7 1332682530.0
52 7 1332682654.0
52 7 1332682866.0
52 15 1333202577.0
52 10 1335469937.0
52 10 1335470204.0
52 5 1338052613.0
52 7 1340303680.0
52 8 1342883925.0
52 10 1342891007.0
52 5 1345387737.0
52 7 1346529910.0
52 0 1353251152.0
52 7 1356031416.0
52 15 1360867817.0
52 15 1360871852.0
52 15 1360872345.0
52 15 1360885301.0
52 5 1361635461.0
52 19 1362318481.0
52 19 1362318619.0
52 19 1362319997.0
52 1 1364064832.0
52 1 1364065853.0
52 7 1366740254.0
52 7 1366741000.0
52 7 1366741407.0
52 7 1366742706.0
52 7 1366744586.0
52 7 1366744807.0
52 7 1366745358.0
52 7 1366748507.0
52 2 1368910367.0
52 1 1368913996.0
52 9 1373206360.0
52 9 1373206638.0
52 10 1377802193.0
52 8 1377804780.0
52 0 1381577366.0
52 0 1381584647.0
52 5 1381585524.0
52 5 1382727840.0
52 7 1388519096.0
52 7 1388526091.0
52 0 1392475600.0
52 15 1394218286.0
52 15 1394218391.0
52 15 1394218800.0
52 15 1394220043.0
52 15 1394221313.0
52 15 1394222549.0
52 15 1394224231.0
52 0 1396101860.0
52 6 1398285221.0
53 10 1283969268.0
53 10 1283969279.0
53 10 1283970542.0
53 10 1283970575.0
53 10 1283970583.0
53 10 1283971041.0
53 10 1283971222.0
53 10 1283971414.0
53 10 1283971423.0
53 10 1283971648.0
53 10 1283971702.0
53 10 1283971726.0
53 10 1283972225.0
53 10 1283972271.0
53 10 1283972376.0
53 10 1283972412.0
53 10 1283972493.0
53 10 1283972697.0
53 10 1283972791.0
53 10 1283973048.0
53 10 1283973138.0
53 10 1283973171.0
53 10 1283973190.0
53 10 1283973202.0
53 10 1283973390.0
53 10 1283973584.0
53 10 1283973609.0
53 10 1283973643.0
53 10 1283974503.0
53 10 1283976170.0
53 0 1319560964.0
54 8 1167734810.0
54 10 1168271726.0
54 8 1168271726.0
54 10 1168437467.0
54 5 1168529173.0
54 5 1168595663.0
54 10 1168985075.0
54 10 1170082643.0
56 7 1257348847.0
56 0 1288806358.0
56 0 1288807361.0
56 0 1288810935.0
56 0 1288816298.0
56 10 1291231214.0
56 8 1302441248.0
56 10 1302446132.0
56 16 1306608041.0
56 5 1335294729.0
56 10 1339004592.0
56 10 1339005276.0
56 9 1347210329.0
56 6 1351007498.0
56 10 1351109633.0
56 4 1354129324.0
57 12 1088588072.0
57 6 1260553500.0
57 6 1260553501.0
57 7 1274657683.0
57 3 1274658400.0
57 7 1277190897.0
58 1 1296247023.0
58 2 1296294552.0
58 2 1296294568.0
58 2 1296297295.0
58 2 1296297431.0
58 2 1296297471.0
58 2 1296297541.0
58 2 1296297800.0
58 2 1296297868.0
58 2 1296297935.0
58 1 1296297954.0
58 3 1296299881.0
58 3 1296299953.0
58 3 1296300003.0
58 3 1296300013.0
58 3 1296300025.0
58 3 1296300144.0
58 3 1296300241.0
58 7 1296300305.0
58 7 1296300337.0
58 7 1296300342.0
58 7 1296300347.0
58 7 1296300359.0
58 7 1296300410.0
58 7 1296300419.0
58 7 1296300431.0
58 7 1296300544.0
58 7 1296300556.0
58 7 1296300574.0
58 7 1296300604.0
58 5 1296300629.0
58 5 1296300664.0
58 5 1296300678.0
58 5 1296300732.0
58 5 1296300876.0
58 5 1296300911.0
58 5 1296300942.0
58 5 1296300956.0
58 5 1296300978.0
58 5 1296301007.0
58 10 1296302455.0
58 10 1296302479.0
58 10 1296302502.0
58 10 1296302536.0
58 10 1296302544.0
58 10 1296302595.0
58 10 1296302626.0
58 10 1296306742.0
58 10 1296307078.0
58 10 1296310585.0
58 8 1296310816.0
58 8 1296310826.0
58 9 1296311022.0
58 9 1296311046.0
58 9 1296311059.0
58 9 1296311087.0
58 8 1296311170.0
58 0 1296315192.0
58 0 1296315201.0
58 0 1296315332.0
58 0 1296315339.0
58 0 1296315428.0
58 0 1296315442.0
58 0 1296317577.0
58 0 1296319583.0
58 11 1296320988.0
58 11 1296321129.0
58 11 1296321245.0
58 1 1296321312.0
58 1 1296321359.0
58 1 1296321380.0
58 1 1296321423.0
58 1 1296321437.0
58 1 1296321444.0
58 1 1296321547.0
58 0 1296321647.0
58 0 1296321824.0
58 0 1296322014.0
58 0 1296322129.0
58 0 1296322526.0
58 0 1296322553.0
58 0 1296322634.0
58 0 1296322644.0
58 0 1296322661.0
58 0 1296322672.0
58 5 1296324719.0
58 5 1296324738.0
58 7 1296325600.0
58 1 1296332320.0
58 1 1296332345.0
58 5 1296383791.0
58 5 1296383881.0
58 5 1296383889.0
58 5 1296383939.0
58 5 1296383955.0
58 5 1296383987.0
58 5 1296384044.0
58 5 1296384051.0
58 5 1296384665.0
58 5 1296414632.0
58 21 1296469704.0
58 2 1296474072.0
58 2 1296474282.0
58 2 1296474560.0
58 2 1296474730.0
58 2 1296474768.0
58 2 1296474819.0
58 2 1296474966.0
58 2 1296474991.0
58 2 1296474996.0
58 2 1296475759.0
58 2 1296475915.0
58 2 1296475922.0
58 2 1296475928.0
58 2 1296475941.0
58 2 1296475961.0
58 2 1296475975.0
58 2 1296475984.0
58 2 1296475993.0
58 2 1296476003.0
58 2 1296476015.0
58 2 1296476027.0
58 2 1296476048.0
58 2 1296476057.0
58 2 1296476064.0
58 2 1296476071.0
58 2 1296476089.0
58 2 1296476416.0
58 5 1296493710.0
58 8 1296498615.0
58 8 1296498628.0
58 5 1296503909.0
58 21 1296506641.0
58 21 1296506651.0
58 21 1296506661.0
58 1 1296507660.0
58 7 1296558970.0
60 18 1321643506.0
60 3 1321643936.0
60 18 1321650839.0
61 7 1355694116.0
61 11 1371268153.0
63 11 1257261076.0
63 1 1343864656.0
64 15 1327692574.0
64 7 1357047632.0
64 8 1358682885.0
64 6 1383905756.0
64 6 1384843058.0
64 3 1385850213.0
64 6 1386000040.0
8 17 1229687117.0
8 17 1229687477.0
12 2 1136076791.0
12 5 1136078889.0
44 5 1230124305.0
44 5 1230124778.0
47 9 1249143942.0
47 10 1335623776.0
49 5 1305646400.0
49 9 1305646434.0
55 11 1316320884.0
55 10 1316427796.0
23 10 1362606000.0
23 9 1363387416.0
24 0 1293441695.0
24 5 1293441884.0
62 2 1334411756.0
62 0 1334478578.0
26 0 1299676056.0
26 1 1299691872.0
59 5 1340777860.0
59 5 1340780144.0
28 16 1391290674.0
28 7 1391296508.0
30 5 1313603429.0
30 5 1322588871.0
