4 11 1236190946.0
4 2 1236191550.0
4 2 1236191559.0
4 2 1236191644.0
4 2 1236195022.0
6 8 1175076872.0
6 5 1182092948.0
6 11 1182281223.0
6 11 1182285266.0
6 2 1182289211.0
10 0 1333910346.0
10 0 1333910446.0
10 9 1351850659.0
10 9 1351850752.0
10 9 1351850846.0
10 9 1351851072.0
10 9 1351851085.0
10 5 1351851775.0
11 2 1303654126.0
11 1 1303663600.0
11 2 1304114791.0
12 2 1136076791.0
12 5 1136078889.0
12 1 1229171972.0
12 1 1229172075.0
12 1 1229172220.0
12 1 1229172228.0
12 1 1229172240.0
12 1 1229172296.0
12 1 1229172402.0
12 1 1229172716.0
12 1 1229172758.0
12 1 1229172815.0
12 1 1229172906.0
12 1 1229172909.0
12 1 1229172998.0
12 1 1229173140.0
12 1 1229173376.0
12 1 1229173381.0
12 1 1229173411.0
12 1 1229173441.0
12 1 1229173449.0
12 1 1229173570.0
12 1 1229173683.0
12 1 1229173714.0
12 1 1229173725.0
12 1 1229173751.0
12 1 1229173761.0
12 1 1229173782.0
12 1 1229173942.0
12 1 1229173979.0
12 1 1229173990.0
12 1 1229174001.0
12 1 1229174004.0
12 1 1229174013.0
12 1 1229174014.0
12 1 1229174019.0
12 1 1229174021.0
12 1 1229174029.0
12 1 1229174029.0
12 1 1229174029.0
12 1 1229174034.0
12 1 1229174038.0
12 1 1229174049.0
12 1 1229174054.0
12 1 1229174084.0
12 1 1229174101.0
12 1 1229174166.0
12 1 1229174181.0
12 18 1229876038.0
12 18 1229876053.0
12 18 1229876062.0
12 18 1229876110.0
12 18 1229876117.0
12 18 1229876130.0
12 18 1229876189.0
12 18 1229876199.0
12 18 1229876250.0
12 18 1229876269.0
12 18 1229876385.0
12 18 1229876397.0
12 18 1229876402.0
12 18 1229876421.0
12 18 1229876526.0
12 18 1229877194.0
12 18 1229877282.0
12 18 1229877406.0
12 18 1229877419.0
12 18 1229877445.0
12 18 1229877485.0
12 18 1229877489.0
12 18 1229877502.0
12 18 1229877509.0
12 18 1229877557.0
12 18 1229877567.0
12 18 1229877588.0
12 18 1229877606.0
12 18 1229877614.0
12 18 1229877627.0
12 18 1229877638.0
12 18 1229877650.0
12 18 1229877696.0
12 18 1229877706.0
12 18 1229877754.0
12 18 1229877759.0
12 18 1229877762.0
12 18 1229877789.0
12 18 1229877804.0
12 18 1229877878.0
12 18 1229877894.0
12 18 1229877908.0
12 18 1229877920.0
12 18 1229877968.0
12 0 1294685132.0
12 0 1294685382.0
13 11 1318274627.0
13 9 1325594899.0
13 2 1325671479.0
13 2 1325671484.0
13 6 1325678830.0
13 6 1325681593.0
13 11 1325893540.0
13 11 1326154229.0
13 11 1326303442.0
13 11 1326305575.0
13 11 1326306511.0
13 11 1326307032.0
13 11 1326307171.0
13 11 1326307257.0
13 11 1326325351.0
13 11 1326325359.0
13 11 1326326233.0
13 0 1326839791.0
13 0 1326840289.0
13 2 1326915044.0
13 2 1326915054.0
13 11 1330731869.0
13 11 1330731874.0
13 1 1331201927.0
13 0 1331830122.0
13 1 1333042403.0
19 2 1355945752.0
19 2 1355946802.0
19 2 1355946899.0
19 2 1355947608.0
19 1 1355947895.0
19 1 1355948228.0
19 1 1355948363.0
19 1 1355948441.0
19 0 1355950857.0
19 5 1355951606.0
19 5 1355951891.0
19 5 1356108787.0
20 2 1289933892.0
20 2 1289934176.0
20 2 1289934183.0
20 2 1289934303.0
20 2 1289934765.0
20 11 1289935204.0
20 11 1289935354.0
20 2 1320048388.0
23 10 1362606000.0
23 9 1363387416.0
23 8 1363467400.0
24 0 1293441695.0
24 5 1293441884.0
24 9 1293442003.0
24 5 1293442070.0
24 5 1293442144.0
24 5 1293442179.0
24 5 1293442288.0
24 5 1293442541.0
24 5 1293443197.0
24 5 1293443220.0
24 5 1293443235.0
24 5 1293443307.0
29 2 1265730982.0
29 9 1266495813.0
31 4 1239797616.0
31 2 1239797788.0
31 1 1239798023.0
31 1 1239798105.0
31 1 1239798120.0
32 7 1171883822.0
32 16 1171891127.0
32 16 1171891136.0
32 16 1172169858.0
33 14 1386395150.0
33 17 1386395645.0
33 17 1387110090.0
33 17 1387110132.0
33 17 1387110170.0
34 11 996234542.0
34 7 1084766320.0
34 5 1124085390.0
34 5 1124085413.0
34 5 1124085562.0
34 0 1124879101.0
34 0 1124879265.0
34 2 1124883844.0
34 11 1124884208.0
34 2 1246556286.0
34 2 1246556589.0
34 2 1246556689.0
35 5 1380296113.0
35 2 1380297646.0
35 2 1380297690.0
35 2 1380297765.0
35 2 1380297812.0
35 2 1380297850.0
35 2 1380298402.0
36 0 1303311600.0
36 5 1303317834.0
36 0 1303318285.0
36 11 1303553650.0
36 1 1303554240.0
36 1 1303554265.0
36 13 1303641792.0
36 13 1303643221.0
37 2 1388752107.0
37 4 1388827675.0
37 4 1388828106.0
40 13 1342789035.0
40 10 1347196385.0
41 7 1226133705.0
41 7 1226133746.0
41 7 1226133777.0
41 7 1226133787.0
41 7 1226133841.0
41 7 1226140815.0
41 7 1226140836.0
41 0 1226165079.0
43 7 1314546072.0
43 10 1314548242.0
44 5 1230124305.0
44 5 1230124778.0
44 7 1230138632.0
44 7 1230138726.0
44 7 1230138762.0
44 7 1230382519.0
44 7 1230383031.0
44 4 1230383926.0
44 2 1230384635.0
44 1 1230384816.0
44 1 1230384946.0
44 1 1230385093.0
44 0 1230385538.0
44 8 1230395044.0
44 18 1230624579.0
44 16 1230624900.0
44 9 1230625398.0
44 5 1230625637.0
44 2 1237662850.0
45 4 1190198648.0
45 4 1265917515.0
45 4 1265964844.0
45 4 1265964846.0
45 4 1265964852.0
45 4 1265964855.0
45 4 1265964859.0
45 4 1265964862.0
45 4 1265964865.0
45 4 1265964868.0
45 4 1265964871.0
45 4 1265964873.0
45 5 1282131945.0
45 1 1288180050.0
45 19 1295196409.0
45 19 1295197134.0
45 19 1295197318.0
45 19 1295200823.0
45 19 1295200828.0
45 19 1295200876.0
45 19 1295201017.0
45 19 1295203431.0
45 19 1295203485.0
45 19 1295203537.0
45 19 1295203570.0
45 19 1295205244.0
45 11 1300536558.0
45 14 1300536561.0
45 15 1300536565.0
45 1 1305222415.0
45 4 1314900828.0
45 7 1314983668.0
45 7 1314983760.0
45 7 1314983763.0
45 7 1314983767.0
45 7 1314983770.0
45 5 1319825327.0
45 5 1319825351.0
45 5 1319825401.0
45 5 1319825574.0
45 5 1319825681.0
45 5 1319825732.0
45 5 1319825793.0
45 5 1319825886.0
45 5 1319826086.0
45 5 1319826253.0
45 5 1319826313.0
45 5 1319826493.0
45 5 1319826718.0
45 5 1319826985.0
45 5 1319827129.0
45 5 1319827253.0
45 5 1319827285.0
45 5 1319827286.0
45 5 1319827336.0
45 5 1319828879.0
45 5 1319829043.0
45 5 1319829071.0
45 5 1319829187.0
45 4 1322504211.0
45 0 1322521360.0
45 7 1322850553.0
45 7 1322850557.0
45 7 1322850561.0
45 7 1322850567.0
45 7 1322850573.0
45 7 1322850579.0
45 7 1322850585.0
45 7 1322850591.0
45 4 1323554861.0
45 16 1323867034.0
45 18 1323873210.0
45 18 1323873248.0
45 18 1323873448.0
45 10 1323899998.0
45 16 1323900190.0
45 16 1323900199.0
45 5 1325847404.0
45 5 1325847473.0
45 10 1326051520.0
45 10 1326051541.0
45 8 1330722348.0
45 8 1330722354.0
45 8 1330723281.0
45 8 1330723778.0
45 8 1330728396.0
45 8 1330728404.0
45 19 1333671527.0
45 10 1333898421.0
45 10 1333898438.0
45 10 1333898463.0
45 10 1333898491.0
45 10 1333898549.0
45 10 1333898567.0
45 10 1333898592.0
45 19 1333960289.0
45 19 1334255113.0
45 5 1335697129.0
45 5 1335697278.0
45 5 1335697338.0
45 0 1335699203.0
45 1 1335699520.0
45 1 1335699550.0
45 0 1335711897.0
45 8 1336121338.0
45 0 1336513243.0
45 12 1336677195.0
45 10 1336729167.0
45 10 1336729930.0
45 10 1336730067.0
45 10 1336913782.0
45 7 1336915000.0
45 5 1336921322.0
45 10 1336945040.0
45 5 1336984003.0
45 7 1336992636.0
45 7 1336992752.0
45 18 1338647137.0
45 1 1338716752.0
45 12 1342185852.0
45 12 1342186012.0
45 20 1346107642.0
45 7 1346108053.0
45 7 1346108312.0
45 7 1346616074.0
45 7 1346621577.0
45 7 1346622699.0
45 10 1351063483.0
45 10 1351063602.0
45 10 1351063741.0
45 10 1351102890.0
45 10 1351102970.0
45 1 1351943258.0
45 1 1351943724.0
45 1 1351943868.0
45 1 1351943916.0
45 1 1351944299.0
45 1 1351944406.0
45 1 1351944832.0
45 1 1351945261.0
45 1 1351945359.0
45 2 1351945374.0
45 1 1351945419.0
45 1 1351945455.0
45 1 1351945533.0
45 0 1351945565.0
45 11 1351947590.0
45 11 1351947720.0
45 11 1351947757.0
45 11 1351948086.0
45 11 1351948335.0
45 11 1351948354.0
45 11 1351948482.0
45 11 1351949559.0
45 11 1351949589.0
45 11 1351949607.0
45 11 1351949634.0
45 11 1351950475.0
45 11 1351950499.0
45 11 1351950531.0
45 11 1351950752.0
45 11 1351950921.0
45 11 1351950936.0
45 11 1351950962.0
45 11 1351950968.0
45 11 1351950995.0
45 11 1351951023.0
45 11 1351951036.0
45 11 1351951087.0
45 11 1351951105.0
45 11 1351951115.0
45 0 1351956189.0
45 0 1351956978.0
45 0 1351956986.0
45 0 1351957106.0
45 0 1351957109.0
45 0 1351957247.0
45 0 1351957365.0
45 0 1351957378.0
45 0 1351957385.0
45 0 1351957431.0
45 0 1351957455.0
45 0 1351957525.0
45 0 1351957644.0
45 1 1351970597.0
45 11 1351970724.0
45 1 1351970834.0
45 11 1351971027.0
45 0 1351971157.0
45 1 1352026029.0
45 0 1352140172.0
45 7 1352402391.0
45 7 1352461770.0
45 10 1352462285.0
45 10 1352462340.0
45 10 1352462381.0
45 7 1352465118.0
45 3 1354817526.0
45 3 1354817618.0
45 5 1357051224.0
45 5 1357051241.0
45 5 1357051254.0
45 5 1357051261.0
45 5 1358075211.0
45 0 1358075964.0
45 0 1358075979.0
45 0 1358075989.0
45 0 1358076009.0
45 0 1358076046.0
45 0 1358076063.0
45 0 1358076180.0
45 0 1358076193.0
45 0 1358080374.0
45 10 1358621162.0
45 10 1358621183.0
45 10 1358621359.0
45 10 1358621369.0
45 10 1358624848.0
45 10 1358674403.0
45 10 1358674407.0
45 10 1358674410.0
45 2 1359578708.0
45 0 1359801242.0
45 7 1359803867.0
45 3 1359803935.0
45 8 1359887600.0
45 8 1359890564.0
45 8 1359890652.0
45 8 1360263839.0
45 8 1360263856.0
45 8 1360263864.0
45 8 1360263864.0
45 8 1360264632.0
45 8 1360264779.0
45 8 1360264952.0
45 8 1360266656.0
45 8 1360268326.0
45 8 1360270847.0
45 8 1360270897.0
45 8 1360271405.0
45 8 1360271418.0
45 8 1360271426.0
45 8 1360271500.0
45 10 1360276548.0
45 8 1360312610.0
45 8 1360312774.0
45 8 1360313027.0
45 10 1361110277.0
45 7 1361110296.0
45 7 1361110398.0
45 7 1361110582.0
45 7 1361111084.0
45 7 1361111102.0
45 7 1361111106.0
45 7 1361111249.0
45 7 1361111270.0
45 7 1361111278.0
45 7 1361111312.0
45 7 1361111338.0
45 7 1361111350.0
45 7 1361111356.0
45 7 1361111394.0
45 7 1361111407.0
45 7 1361111416.0
45 10 1361111490.0
45 10 1361111582.0
45 10 1361111588.0
45 10 1361111597.0
45 7 1361111691.0
45 18 1361112360.0
45 18 1361112396.0
45 18 1361112415.0
45 18 1361112435.0
45 18 1361112443.0
45 18 1361112454.0
45 18 1361112477.0
45 18 1361112485.0
45 18 1361112491.0
45 18 1361112511.0
45 18 1361112527.0
45 18 1361112541.0
45 8 1361470757.0
45 18 1361536010.0
45 18 1361546792.0
45 18 1361546993.0
45 18 1361547030.0
45 18 1361547066.0
45 18 1361547109.0
45 18 1361547624.0
45 8 1361909852.0
45 8 1361910309.0
45 8 1361910475.0
45 8 1361911161.0
45 8 1361911167.0
45 8 1361949915.0
45 19 1362132238.0
45 19 1362132267.0
45 19 1362132366.0
45 19 1362132486.0
45 19 1362132532.0
45 19 1362132649.0
45 19 1362138161.0
45 18 1362220407.0
45 9 1362320614.0
45 9 1362321242.0
45 9 1362321303.0
45 9 1362321309.0
45 9 1362321353.0
45 9 1362321357.0
45 9 1362321373.0
45 9 1362321528.0
45 9 1362322540.0
45 9 1362322735.0
45 9 1362329874.0
45 9 1362330338.0
45 18 1362420802.0
45 16 1364339224.0
45 16 1364339390.0
45 16 1364339489.0
45 16 1364339566.0
45 12 1366324740.0
45 5 1368783821.0
45 5 1368783845.0
45 5 1368783874.0
45 5 1368783886.0
45 5 1368795312.0
45 5 1368795660.0
45 5 1368870248.0
45 5 1368896119.0
45 5 1368957708.0
45 5 1369122132.0
45 2 1369146094.0
45 1 1369146254.0
45 5 1369236613.0
45 8 1370088646.0
45 8 1370088823.0
45 8 1370088953.0
45 8 1370182293.0
45 8 1370182412.0
45 8 1370182518.0
45 8 1370182803.0
45 8 1370182960.0
45 8 1370265142.0
45 8 1370300491.0
45 10 1371227739.0
45 10 1371227852.0
45 10 1372507091.0
45 10 1372507186.0
45 10 1372507205.0
45 10 1372507242.0
45 10 1372509354.0
45 10 1372512170.0
45 10 1372512271.0
45 10 1372512595.0
45 10 1372514785.0
45 10 1372514884.0
45 10 1372526118.0
45 10 1372840287.0
45 10 1372840552.0
45 10 1372870133.0
45 16 1373322411.0
45 10 1373356945.0
45 19 1374857810.0
45 19 1377349806.0
45 19 1377545819.0
45 19 1377598443.0
45 7 1379173868.0
45 7 1379174093.0
45 7 1379174103.0
45 7 1379174119.0
45 10 1379706784.0
45 7 1379852467.0
45 7 1379852506.0
45 7 1379852601.0
45 7 1379852647.0
45 7 1379852685.0
45 7 1379852702.0
45 7 1379852719.0
45 10 1381077725.0
45 19 1381744566.0
45 19 1382791750.0
45 10 1382866585.0
45 16 1382867121.0
45 16 1382867189.0
45 16 1382867390.0
45 16 1382867403.0
45 16 1382867427.0
45 10 1382876477.0
45 16 1382993067.0
45 10 1384431805.0
45 10 1384431825.0
45 10 1384431834.0
45 10 1384432516.0
45 10 1384432844.0
45 10 1384433850.0
45 10 1384433986.0
45 10 1384434348.0
45 10 1384434429.0
45 8 1384438089.0
45 8 1384438101.0
45 8 1384438122.0
45 8 1384438309.0
45 1 1384449014.0
45 10 1384524690.0
45 7 1384544813.0
45 7 1384552530.0
45 0 1384556065.0
45 10 1384682548.0
45 10 1384981000.0
45 19 1385214980.0
45 19 1386272401.0
45 19 1389946110.0
45 19 1390030969.0
45 19 1390064250.0
45 19 1390324238.0
45 16 1390736976.0
45 16 1390737007.0
45 16 1390737052.0
45 16 1390737079.0
45 16 1390737112.0
45 16 1390737189.0
45 16 1390737223.0
45 16 1390737281.0
45 10 1390737867.0
45 10 1390737894.0
45 10 1390737900.0
45 10 1390737913.0
45 10 1390737937.0
45 10 1390737955.0
45 10 1390737976.0
45 10 1390738161.0
45 10 1390738346.0
45 10 1390738462.0
45 10 1390738467.0
45 8 1390738500.0
45 16 1390739686.0
45 10 1390746088.0
45 7 1390815141.0
45 16 1390843260.0
45 16 1390990876.0
45 10 1391240954.0
45 10 1391241055.0
45 10 1391241484.0
45 8 1391727726.0
45 8 1391728317.0
45 16 1391959020.0
45 16 1392550313.0
45 16 1392550330.0
45 0 1392987479.0
45 0 1392987495.0
45 5 1392987515.0
45 2 1392992361.0
45 2 1392992410.0
45 2 1392992434.0
45 2 1392992447.0
45 2 1392992574.0
45 2 1392992575.0
45 2 1392993126.0
45 2 1392993127.0
45 19 1395176412.0
45 19 1395427187.0
45 14 1396475033.0
45 8 1397827263.0
45 10 1397919934.0
45 7 1397942199.0
45 19 1398275432.0
48 2 1357416679.0
48 0 1365077051.0
48 5 1365942544.0
48 5 1365942761.0
51 18 1157146563.0
51 18 1157146805.0
51 18 1157147327.0
51 18 1157147593.0
51 18 1157147733.0
51 18 1157149970.0
51 18 1157150179.0
51 18 1157150322.0
51 18 1157150341.0
51 18 1157150657.0
51 18 1157150969.0
51 18 1157152877.0
51 18 1157152884.0
51 18 1157152992.0
51 18 1157154489.0
51 18 1157154820.0
51 15 1161836490.0
51 15 1161836510.0
51 15 1161836516.0
51 15 1161836546.0
51 15 1161836553.0
51 15 1161836571.0
51 15 1161836637.0
51 15 1161836642.0
51 15 1161836690.0
51 15 1161836744.0
51 15 1161836828.0
51 15 1161836929.0
51 15 1161836932.0
51 15 1161836937.0
51 15 1161837014.0
51 15 1161837019.0
51 15 1161837044.0
51 15 1161837159.0
51 15 1161837162.0
51 15 1161837165.0
51 15 1161837168.0
51 15 1161837173.0
51 15 1161837177.0
51 15 1161837284.0
51 15 1161837455.0
51 15 1161837532.0
51 15 1161837707.0
51 15 1161837746.0
51 15 1161837828.0
51 15 1161837858.0
51 15 1161837870.0
51 15 1161837968.0
51 18 1221176056.0
51 18 1221176056.0
51 18 1221176108.0
51 18 1221176179.0
51 18 1221176286.0
51 18 1221176748.0
51 18 1221176754.0
51 18 1221176762.0
51 18 1221176784.0
51 18 1221176820.0
51 18 1221176834.0
51 18 1221176849.0
51 18 1221176855.0
51 18 1221176863.0
51 18 1221176903.0
51 18 1221176918.0
51 18 1221176995.0
51 18 1221177232.0
51 18 1221177244.0
51 18 1221177590.0
51 18 1221177604.0
51 18 1221177803.0
51 18 1221178285.0
51 18 1221178657.0
51 18 1221178664.0
51 18 1221178670.0
51 18 1221178683.0
51 18 1221178922.0
51 18 1221178932.0
51 18 1221178940.0
51 18 1221178964.0
51 18 1221178971.0
51 18 1221179385.0
51 18 1221179690.0
51 18 1221179727.0
51 18 1221179734.0
51 18 1221179740.0
51 18 1221179746.0
51 18 1221179752.0
51 18 1221179773.0
51 18 1221179802.0
51 18 1221179818.0
51 18 1221180241.0
51 18 1221180248.0
51 18 1221180254.0
51 18 1221180261.0
51 18 1221180308.0
51 18 1221180316.0
51 18 1221180333.0
51 18 1221180343.0
51 18 1221180357.0
51 18 1221180624.0
51 18 1221180637.0
51 18 1221180641.0
51 18 1221180649.0
51 18 1221180656.0
51 18 1221180668.0
51 18 1221180684.0
51 18 1221180694.0
51 18 1221180709.0
51 18 1221181267.0
51 18 1221181274.0
51 18 1221181282.0
51 18 1221181293.0
51 18 1221181300.0
51 18 1221181304.0
51 18 1221181308.0
51 18 1221181319.0
51 18 1221181324.0
51 18 1221181328.0
51 18 1237325864.0
51 18 1237325867.0
51 18 1237325881.0
51 18 1237325904.0
51 18 1237326637.0
51 18 1237326643.0
51 18 1237326678.0
51 18 1237326759.0
51 18 1237326778.0
51 18 1237326959.0
51 18 1237327146.0
51 18 1237327272.0
51 18 1237327311.0
51 18 1237327389.0
51 18 1237327886.0
51 18 1237329187.0
51 18 1237329820.0
51 18 1237329833.0
51 18 1237330173.0
51 18 1237330189.0
51 18 1237330259.0
51 18 1237330293.0
51 18 1237330344.0
51 18 1237330353.0
51 18 1237330484.0
51 18 1237330508.0
51 18 1237330541.0
51 18 1242856397.0
51 18 1242857379.0
51 18 1242857552.0
51 18 1242857559.0
51 18 1242857623.0
51 18 1242857676.0
51 18 1242857706.0
51 18 1242857734.0
51 18 1242857901.0
51 18 1242857905.0
51 18 1242857916.0
51 18 1242858092.0
51 18 1242858118.0
51 18 1242858202.0
51 18 1242858264.0
51 18 1242858285.0
51 18 1242858311.0
51 18 1242858388.0
51 18 1242858394.0
51 18 1242858400.0
51 18 1242858413.0
51 18 1242858468.0
51 18 1242858495.0
51 18 1242858524.0
51 18 1242858543.0
51 18 1242858551.0
51 18 1242858569.0
51 18 1242858571.0
51 18 1242858575.0
51 18 1242858585.0
51 18 1242858588.0
51 18 1242858600.0
51 18 1242858607.0
51 18 1242858736.0
51 18 1242858761.0
51 18 1242858800.0
51 18 1242858837.0
51 18 1242858995.0
51 18 1242859043.0
51 18 1242859054.0
51 18 1242859082.0
51 18 1242859096.0
51 18 1242859136.0
51 18 1242859361.0
51 18 1242859378.0
51 18 1242859442.0
51 18 1242859452.0
51 18 1242859459.0
51 18 1242859482.0
51 18 1242859489.0
51 18 1242859509.0
51 18 1242859517.0
51 18 1242859527.0
51 18 1242859537.0
51 18 1242859550.0
51 18 1242859908.0
51 18 1242859915.0
51 18 1242860108.0
51 18 1242860117.0
51 18 1242860136.0
51 18 1242860633.0
51 18 1242860724.0
51 18 1242860729.0
51 18 1242861105.0
51 18 1242861322.0
51 18 1242861342.0
51 18 1242861390.0
51 18 1242861499.0
51 18 1242861913.0
51 18 1242862209.0
51 18 1242862221.0
51 18 1242862267.0
51 18 1242862285.0
51 8 1265467418.0
51 8 1265467422.0
51 8 1265467427.0
51 8 1265470162.0
51 8 1265471504.0
51 8 1265471509.0
51 8 1265471518.0
51 8 1265472448.0
51 8 1265473284.0
51 8 1265473574.0
51 8 1265473580.0
51 8 1265473676.0
51 8 1265475275.0
51 8 1265475375.0
51 8 1265475396.0
51 8 1265475478.0
51 8 1265475515.0
51 8 1265475613.0
51 8 1265475765.0
51 8 1265476456.0
51 8 1265476571.0
51 8 1265476582.0
51 8 1265476630.0
51 8 1265476643.0
51 8 1265476923.0
51 8 1265476929.0
51 8 1265477079.0
51 8 1265477087.0
51 8 1265477106.0
51 8 1265477219.0
51 8 1265477243.0
51 8 1265477252.0
51 8 1265477290.0
51 8 1265477394.0
51 8 1265477407.0
51 8 1265477494.0
51 8 1265477653.0
51 8 1265478113.0
51 8 1265478250.0
51 8 1265479200.0
51 8 1265479228.0
51 8 1265479241.0
51 8 1265479369.0
51 8 1265479388.0
51 8 1265479388.0
51 8 1265479402.0
51 8 1265479551.0
51 8 1265479585.0
51 8 1265479593.0
51 8 1265479635.0
51 8 1265479679.0
51 8 1265479825.0
51 8 1265483701.0
51 8 1265483769.0
51 8 1265483775.0
51 8 1265483789.0
51 8 1265484029.0
51 8 1265484155.0
51 8 1265484558.0
51 8 1265484567.0
51 8 1265485040.0
51 8 1265485044.0
51 8 1265487206.0
51 8 1265489011.0
51 8 1265489031.0
51 8 1265489302.0
51 8 1265492091.0
51 8 1265492629.0
51 8 1265492849.0
51 8 1265492875.0
51 8 1265492884.0
51 8 1265492893.0
51 8 1265492910.0
51 8 1265492917.0
51 8 1265492927.0
51 8 1265492977.0
51 8 1265492984.0
51 8 1265492991.0
51 8 1265493018.0
51 8 1265493026.0
51 8 1265493031.0
51 8 1265493077.0
51 8 1265493081.0
51 8 1265493095.0
51 8 1265493539.0
51 8 1265493552.0
51 8 1265493557.0
51 8 1265493593.0
51 8 1265493686.0
51 8 1265493695.0
51 8 1265493801.0
51 8 1265493812.0
51 8 1265493828.0
51 8 1265493847.0
51 8 1265493863.0
51 8 1265493902.0
51 8 1265493925.0
51 8 1265493934.0
51 8 1265493988.0
51 1 1271017738.0
51 1 1271018157.0
51 1 1271018184.0
51 1 1271018227.0
51 1 1271018269.0
51 1 1271018301.0
51 1 1271018309.0
51 1 1271018333.0
51 1 1271018363.0
51 1 1271018374.0
51 1 1271018379.0
51 1 1271018496.0
51 1 1271018501.0
51 1 1271018659.0
51 1 1271018728.0
51 1 1271018823.0
51 1 1271018830.0
51 1 1271018892.0
51 1 1271018897.0
51 1 1271018906.0
51 1 1271018910.0
51 1 1271018915.0
51 1 1271019324.0
51 1 1271019666.0
51 1 1271019694.0
51 1 1271019718.0
51 1 1271019767.0
51 1 1271019804.0
51 1 1271019832.0
51 1 1271019836.0
51 1 1271019839.0
51 1 1271019845.0
51 1 1271019854.0
51 1 1271019874.0
51 1 1271019881.0
51 1 1271019884.0
51 1 1271020064.0
51 1 1271020075.0
51 1 1271020182.0
51 1 1271020689.0
51 1 1271021125.0
51 1 1271021211.0
51 1 1271021227.0
51 1 1271021299.0
51 1 1271021345.0
51 2 1285355130.0
51 2 1285355709.0
51 2 1285355855.0
51 2 1285356428.0
51 2 1285357054.0
51 2 1285357066.0
51 2 1285357087.0
51 2 1285357099.0
51 2 1285357126.0
51 2 1285357137.0
51 2 1285357152.0
51 2 1285357260.0
51 2 1285359347.0
51 2 1285359392.0
51 2 1285359422.0
51 2 1285359495.0
51 2 1285359523.0
51 2 1285359626.0
51 2 1285359640.0
51 2 1285360022.0
51 2 1285360070.0
51 2 1285360198.0
51 2 1285360387.0
51 2 1285360456.0
51 2 1285360479.0
51 2 1285360975.0
51 2 1285360992.0
51 2 1285361546.0
51 2 1285361558.0
51 2 1285362138.0
51 2 1285362508.0
51 2 1285362702.0
51 2 1285363066.0
51 2 1285363098.0
51 2 1285363154.0
51 2 1285364455.0
51 2 1285364522.0
51 2 1285364569.0
51 2 1285365271.0
51 2 1285365306.0
51 2 1285365309.0
51 2 1285365341.0
51 2 1285365402.0
51 2 1285365438.0
51 2 1285365752.0
51 2 1285365775.0
51 2 1285365852.0
51 2 1285366026.0
51 2 1285366064.0
51 7 1286487080.0
51 7 1286487092.0
51 7 1286487107.0
51 7 1286580912.0
51 7 1286581145.0
51 7 1286581789.0
51 4 1286633712.0
51 4 1286633977.0
51 4 1286634748.0
51 4 1286636768.0
51 4 1286637558.0
51 4 1286637630.0
51 4 1286642285.0
51 4 1286643727.0
51 4 1286644867.0
51 4 1286645218.0
51 4 1286645273.0
51 4 1286645451.0
51 4 1286645955.0
51 4 1286648356.0
51 4 1286649077.0
51 4 1286649403.0
51 4 1286650145.0
51 4 1286652487.0
51 4 1286652722.0
51 4 1286658088.0
51 4 1286720165.0
51 4 1286720484.0
51 4 1286720938.0
51 4 1286721152.0
51 4 1286729747.0
51 4 1286729768.0
53 10 1283969268.0
53 10 1283969279.0
53 10 1283970542.0
53 10 1283970575.0
53 10 1283970583.0
53 10 1283971041.0
53 10 1283971222.0
53 10 1283971414.0
53 10 1283971423.0
53 10 1283971648.0
53 10 1283971702.0
53 10 1283971726.0
53 10 1283972225.0
53 10 1283972271.0
53 10 1283972376.0
53 10 1283972412.0
53 10 1283972493.0
53 10 1283972697.0
53 10 1283972791.0
53 10 1283973048.0
53 10 1283973138.0
53 10 1283973171.0
53 10 1283973190.0
53 10 1283973202.0
53 10 1283973390.0
53 10 1283973584.0
53 10 1283973609.0
53 10 1283973643.0
53 10 1283974503.0
53 10 1283976170.0
53 0 1319560964.0
55 11 1316320884.0
55 10 1316427796.0
55 10 1316432642.0
55 10 1316434058.0
55 10 1316434062.0
55 8 1316472924.0
55 10 1316472925.0
55 10 1316472925.0
55 10 1316472925.0
55 10 1316472926.0
55 10 1316472926.0
55 8 1316472927.0
55 10 1316521878.0
56 7 1257348847.0
56 0 1288806358.0
56 0 1288807361.0
56 0 1288810935.0
56 0 1288816298.0
56 10 1291231214.0
56 8 1302441248.0
56 10 1302446132.0
56 16 1306608041.0
56 5 1335294729.0
56 10 1339004592.0
56 10 1339005276.0
56 9 1347210329.0
56 6 1351007498.0
56 10 1351109633.0
56 4 1354129324.0
57 12 1088588072.0
57 6 1260553500.0
57 6 1260553501.0
57 7 1274657683.0
57 3 1274658400.0
57 7 1277190897.0
59 5 1340777860.0
59 5 1340780144.0
59 7 1341209219.0
59 10 1341209446.0
59 2 1341292813.0
59 1 1341983650.0
59 5 1343923720.0
59 8 1344149354.0
59 7 1347422480.0
59 15 1347611119.0
59 15 1347611486.0
59 15 1347666531.0
59 15 1347666702.0
59 0 1353767180.0
59 0 1353767258.0
59 5 1354270722.0
59 9 1359822064.0
59 9 1359824138.0
59 9 1359844302.0
59 9 1359844727.0
59 9 1359932413.0
61 7 1355694116.0
61 11 1371268153.0
64 15 1327692574.0
64 7 1357047632.0
64 8 1358682885.0
64 6 1383905756.0
64 6 1384843058.0
64 3 1385850213.0
64 6 1386000040.0
0 0 1336191672.0
0 1 1336192397.0
1 4 1354560992.0
1 2 1354561456.0
2 7 1359583424.0
2 8 1360620099.0
3 6 1063454642.0
3 6 1063454655.0
5 0 1305737569.0
5 6 1306606728.0
7 11 1182955758.0
7 10 1265998956.0
8 17 1229687117.0
8 17 1229687477.0
9 2 1394294460.0
9 1 1394295040.0
14 0 1378116648.0
14 5 1378118096.0
15 10 1267137010.0
15 19 1267268557.0
16 8 1124541664.0
16 8 1124541679.0
17 1 1383786603.0
17 4 1383794875.0
18 7 1206535132.0
18 0 1206538271.0
21 4 1273692355.0
21 4 1273692639.0
22 8 1319899282.0
22 10 1319901773.0
25 0 1353758413.0
25 15 1353794336.0
26 0 1299676056.0
26 1 1299691872.0
27 0 1132519332.0
27 7 1188924376.0
28 16 1391290674.0
28 7 1391296508.0
30 5 1313603429.0
30 5 1322588871.0
38 2 1326465136.0
38 0 1326465238.0
39 12 1125690226.0
39 5 1133551005.0
42 1 1330176428.0
42 1 1330176475.0
46 8 1327362352.0
46 0 1329007309.0
47 9 1249143942.0
47 10 1335623776.0
49 5 1305646400.0
49 9 1305646434.0
50 18 1190059909.0
50 18 1190059993.0
52 10 1232567724.0
52 19 1290855122.0
54 8 1167734810.0
54 10 1168271726.0
58 1 1296247023.0
58 2 1296294552.0
60 18 1321643506.0
60 3 1321643936.0
62 2 1334411756.0
62 0 1334478578.0
63 11 1257261076.0
63 1 1343864656.0
