2 7 1362223266.0
2 0 1362224433.0
2 8 1362225214.0
2 8 1362225591.0
2 3 1362231926.0
2 3 1362232531.0
2 2 1362233633.0
2 2 1362233957.0
2 2 1362234029.0
2 2 1362234079.0
2 2 1362234113.0
2 2 1362234461.0
2 9 1362238086.0
2 9 1362238263.0
8 9 1157637202.0
8 2 1157640586.0
8 2 1157640690.0
8 16 1210499218.0
8 16 1210499794.0
8 16 1210500259.0
8 16 1210504198.0
8 16 1210504726.0
8 16 1210504906.0
8 16 1252247247.0
8 2 1252526140.0
8 2 1302277044.0
8 2 1302281488.0
8 2 1302281570.0
14 4 1277374027.0
14 19 1277376868.0
14 12 1277587863.0
14 3 1277724999.0
14 20 1277812283.0
14 9 1291466225.0
14 9 1299937449.0
20 2 1260028622.0
20 2 1260028756.0
20 2 1260028780.0
20 2 1260030473.0
20 19 1260032048.0
20 19 1260032168.0
20 0 1260032287.0
20 2 1292686819.0
21 12 1393395742.0
21 8 1393398720.0
21 2 1393408080.0
21 2 1393408391.0
21 2 1393409159.0
21 3 1393413932.0
21 0 1393415151.0
21 9 1393416511.0
21 1 1393503002.0
21 20 1393503193.0
22 20 1300543577.0
22 20 1300543663.0
22 20 1300543962.0
22 17 1300544034.0
22 17 1300544042.0
22 17 1300544063.0
22 17 1300544070.0
22 17 1300544114.0
22 17 1300544135.0
22 17 1300544161.0
22 1 1300544370.0
22 17 1300544875.0
22 20 1300545160.0
22 20 1300545189.0
22 20 1300545199.0
22 20 1300545225.0
22 20 1300545233.0
22 20 1300545919.0
22 12 1300546174.0
30 2 1334658391.0
30 2 1334658723.0
30 12 1334660168.0
30 12 1334660288.0
30 12 1334660574.0
30 12 1334660585.0
30 7 1334660747.0
30 2 1334668250.0
30 0 1334668961.0
30 0 1334669793.0
30 20 1334670462.0
30 18 1334677349.0
30 18 1334678003.0
30 18 1334678452.0
38 15 1281120406.0
38 9 1316200554.0
38 9 1316201291.0
46 5 1354902110.0
46 2 1354903575.0
46 2 1354904106.0
46 12 1354905690.0
56 17 1217988342.0
56 0 1217989152.0
56 0 1217989262.0
56 3 1217989309.0
56 3 1217989481.0
56 3 1217989641.0
56 3 1217995376.0
56 3 1217995408.0
56 3 1217995474.0
56 3 1217996022.0
56 3 1217996085.0
56 2 1217998607.0
56 2 1217998774.0
56 2 1217998828.0
56 2 1217998855.0
56 2 1217999698.0
56 2 1218001457.0
56 2 1218001656.0
56 2 1218002160.0
56 20 1218010419.0
61 1 1280466358.0
61 1 1280466658.0
61 1 1280466692.0
61 8 1280471136.0
61 2 1280482189.0
61 2 1280482210.0
61 2 1280484188.0
61 2 1280500779.0
61 3 1280501527.0
61 2 1280501862.0
61 2 1280502018.0
61 2 1280504516.0
61 2 1280504528.0
63 2 1173638086.0
63 2 1173694842.0
63 3 1173709479.0
63 3 1173709530.0
63 8 1173715876.0
63 8 1173720325.0
63 9 1173734475.0
63 12 1173735546.0
63 12 1173735577.0
63 12 1173735621.0
63 12 1173735639.0
63 12 1173735664.0
63 12 1173735688.0
63 12 1173735798.0
63 12 1173735895.0
63 12 1173736029.0
63 12 1173736043.0
63 19 1173738327.0
63 11 1173780007.0
63 17 1173788599.0
63 11 1173808998.0
63 17 1173832619.0
64 17 1196364516.0
64 16 1214061049.0
64 16 1214061151.0
64 16 1214061207.0
64 16 1214061231.0
64 16 1214061295.0
64 16 1214061317.0
64 16 1214061334.0
64 16 1214061419.0
64 16 1214061494.0
64 16 1214061522.0
64 1 1228938273.0
64 16 1232878564.0
64 16 1232878577.0
64 16 1232878612.0
64 16 1232878868.0
64 16 1232878884.0
64 16 1232878936.0
64 16 1232878974.0
64 16 1232879310.0
64 16 1232879490.0
64 16 1232879527.0
64 16 1232879661.0
64 16 1232879733.0
64 16 1232879752.0
64 16 1232879949.0
64 16 1232879991.0
64 16 1232880008.0
64 16 1232880051.0
64 16 1232880227.0
64 16 1232880252.0
64 16 1232880333.0
64 16 1232880376.0
64 16 1232880723.0
64 16 1232880730.0
64 16 1232882111.0
64 16 1232882251.0
64 16 1232882261.0
64 16 1232882276.0
64 16 1232882344.0
64 16 1232882353.0
64 16 1232884048.0
64 16 1232884137.0
64 16 1232884280.0
64 16 1232884289.0
64 16 1232884318.0
64 16 1232884327.0
64 16 1232884410.0
64 17 1234885071.0
64 17 1234885331.0
64 17 1234886290.0
64 17 1234886602.0
64 17 1234898173.0
64 17 1234899629.0
64 17 1234900282.0
64 17 1234902096.0
64 17 1234902200.0
64 17 1234902291.0
64 17 1235732145.0
64 17 1235732265.0
64 17 1235732361.0
64 17 1235732650.0
64 17 1235732755.0
64 17 1235755279.0
64 2 1239907045.0
64 17 1239909221.0
64 17 1239909234.0
64 17 1239909244.0
64 1 1239912340.0
64 1 1239912348.0
64 17 1245097554.0
64 17 1245099290.0
64 17 1260816798.0
64 20 1265220559.0
64 20 1265221155.0
64 20 1265221692.0
64 20 1265222775.0
64 20 1265223610.0
64 20 1265223868.0
64 20 1265224007.0
64 20 1265224019.0
64 20 1265224368.0
64 20 1265224616.0
64 20 1265225367.0
64 20 1265720867.0
64 20 1265721074.0
64 20 1265721084.0
64 20 1265721130.0
64 20 1265721138.0
64 20 1265721178.0
64 20 1265721299.0
64 20 1268490715.0
64 20 1268490857.0
64 20 1268491353.0
64 20 1268491419.0
64 20 1268491462.0
64 20 1268491483.0
64 20 1268491777.0
64 20 1268491836.0
64 20 1268491903.0
64 20 1268491953.0
64 20 1268491994.0
64 20 1268492111.0
64 20 1268492184.0
64 20 1268492204.0
64 20 1268492251.0
64 20 1268492324.0
64 20 1268492865.0
64 20 1268492904.0
64 20 1268492933.0
64 20 1268493061.0
64 20 1268493259.0
64 20 1268493265.0
64 20 1268493352.0
64 20 1268494365.0
64 20 1268494618.0
64 20 1268494748.0
64 20 1268495120.0
64 20 1268495152.0
64 20 1268495241.0
64 20 1268495258.0
64 20 1268495320.0
64 20 1268495580.0
64 20 1268496410.0
64 20 1268496562.0
64 20 1268497532.0
64 20 1268497544.0
64 20 1268497579.0
64 20 1268497682.0
64 20 1268497710.0
64 20 1268498626.0
64 20 1268499540.0
64 20 1268501702.0
64 20 1268522451.0
64 13 1272789814.0
64 17 1276529807.0
64 17 1276529814.0
64 17 1276529874.0
64 17 1277145546.0
64 17 1300209863.0
64 17 1300210356.0
64 17 1300210376.0
64 17 1300211599.0
64 17 1300213302.0
64 17 1300214452.0
64 17 1301131002.0
64 11 1301139868.0
64 11 1301219486.0
64 2 1305658988.0
64 15 1305659004.0
64 3 1308087549.0
64 13 1317476560.0
64 13 1317476893.0
64 13 1317482358.0
64 13 1317483028.0
64 13 1317484270.0
64 13 1317486974.0
64 13 1317489215.0
64 17 1318071761.0
64 17 1318071895.0
64 8 1318075712.0
64 8 1318075726.0
64 8 1318075731.0
64 11 1318076527.0
64 17 1318080864.0
64 8 1318080871.0
64 17 1318097810.0
64 17 1318097830.0
64 17 1318097836.0
64 17 1318097851.0
64 17 1318097866.0
64 17 1318097880.0
64 17 1318097897.0
64 17 1318097911.0
64 17 1318097941.0
64 17 1318097977.0
64 17 1318097983.0
64 17 1318097995.0
64 17 1318098005.0
64 8 1318163715.0
64 8 1318163734.0
64 8 1318163746.0
64 8 1318163776.0
64 8 1318170670.0
64 8 1318170678.0
64 8 1318173364.0
64 8 1318183422.0
64 8 1318183449.0
64 8 1318184979.0
64 8 1318184989.0
64 8 1318185677.0
64 11 1365847761.0
65 5 1152558089.0
65 9 1152561119.0
65 9 1152561184.0
65 9 1152561211.0
65 9 1152561265.0
65 9 1152561302.0
65 9 1152561334.0
65 9 1152561449.0
65 9 1152561482.0
65 9 1152561521.0
65 9 1152561579.0
65 9 1152561673.0
65 16 1152608898.0
75 8 1254194054.0
75 8 1254194073.0
75 8 1254194103.0
75 8 1254194187.0
75 8 1254194274.0
75 8 1254194323.0
75 1 1254195670.0
75 1 1254196648.0
75 1 1254196662.0
75 19 1254208016.0
75 19 1254208028.0
75 19 1254208050.0
75 19 1254208067.0
75 3 1254208141.0
75 19 1254208194.0
75 19 1254208232.0
75 3 1254208269.0
75 3 1254208279.0
75 3 1254208449.0
75 3 1254208474.0
75 3 1254208552.0
75 3 1254208593.0
75 3 1254208639.0
75 3 1254208680.0
75 3 1254208686.0
75 3 1254208732.0
75 3 1254208745.0
75 3 1254208765.0
75 3 1254208855.0
75 8 1254219374.0
75 8 1254219471.0
75 8 1254219486.0
75 8 1254219516.0
75 8 1254219526.0
75 8 1254219559.0
75 3 1254220398.0
75 3 1254220465.0
75 3 1254220530.0
75 3 1254220542.0
75 3 1254220652.0
75 3 1254220699.0
75 7 1254374836.0
75 7 1285747383.0
75 7 1285747424.0
75 7 1285747478.0
75 7 1285747528.0
75 7 1285747573.0
75 19 1285747612.0
75 19 1285747658.0
76 10 1227875354.0
76 3 1227957231.0
76 3 1227957876.0
76 3 1227960300.0
76 19 1227964502.0
76 8 1227972943.0
76 7 1228143755.0
76 19 1228143971.0
80 12 1277224531.0
80 0 1277228497.0
80 13 1277305016.0
80 9 1277310563.0
80 20 1277378139.0
80 14 1277379543.0
84 2 1165603022.0
84 2 1165603384.0
84 1 1277729123.0
87 2 1218200070.0
87 2 1218200465.0
87 2 1218200594.0
87 2 1218201026.0
87 3 1218201064.0
87 2 1218201091.0
87 3 1218202495.0
87 3 1218202842.0
87 3 1218203291.0
87 3 1218203485.0
87 0 1218204246.0
87 12 1218217738.0
87 8 1218219508.0
87 8 1218219653.0
91 4 1386239261.0
91 7 1386243835.0
91 2 1386338690.0
99 12 1335473815.0
99 2 1335649485.0
99 7 1335651247.0
100 17 1273660135.0
100 12 1295364247.0
100 12 1295364473.0
100 12 1295364599.0
100 15 1329330964.0
100 15 1329331628.0
100 15 1329333081.0
100 15 1329335186.0
100 15 1329335778.0
100 15 1329338055.0
100 2 1341394033.0
100 2 1341394452.0
100 2 1341395216.0
100 3 1341403584.0
100 3 1341403648.0
100 3 1341403712.0
100 3 1341403818.0
100 3 1341403965.0
100 3 1341404070.0
100 3 1341404080.0
100 19 1341404781.0
100 19 1341404907.0
100 7 1341405035.0
100 9 1341408053.0
103 2 1283084616.0
103 2 1283084675.0
103 20 1283086404.0
103 9 1283175194.0
103 10 1283176842.0
106 1 1304568876.0
106 16 1306774216.0
106 16 1306774224.0
106 16 1306774232.0
106 16 1306774237.0
106 16 1306774246.0
106 16 1306774258.0
106 16 1306774263.0
106 16 1306774274.0
106 16 1306774283.0
106 16 1306774290.0
106 16 1306774296.0
106 16 1306774305.0
106 16 1306774312.0
106 16 1306774323.0
106 16 1306774332.0
106 16 1306774341.0
106 16 1306774348.0
106 16 1306774356.0
106 16 1306774362.0
106 16 1306774368.0
106 16 1306774373.0
106 16 1306774379.0
106 16 1306774384.0
106 16 1306774389.0
106 16 1306774394.0
106 16 1306774401.0
106 16 1306774407.0
106 16 1306774413.0
106 16 1306774419.0
106 16 1306774425.0
106 16 1306774430.0
106 16 1306774439.0
106 2 1321602794.0
106 7 1321602801.0
106 7 1321602807.0
106 7 1321602813.0
106 7 1321602833.0
106 7 1321602846.0
106 20 1321602856.0
110 9 1262292017.0
110 9 1262292325.0
110 9 1262292509.0
110 9 1262292756.0
110 9 1262293158.0
110 7 1262297298.0
110 19 1262297962.0
110 17 1345467642.0
119 11 1183179878.0
119 1 1183180857.0
119 1 1183180932.0
119 1 1183180937.0
119 1 1183181068.0
119 1 1183181096.0
119 1 1183181103.0
119 1 1183181386.0
119 1 1183181397.0
119 1 1183182926.0
119 1 1183183016.0
119 1 1183184558.0
119 1 1183184918.0
119 20 1183185041.0
119 0 1183185184.0
119 0 1183185470.0
119 21 1183185613.0
119 21 1183185622.0
119 21 1183186061.0
119 21 1183186077.0
119 21 1183186092.0
119 21 1183186110.0
119 21 1183186624.0
119 21 1183186635.0
119 21 1183186653.0
119 21 1183186674.0
119 21 1183186945.0
119 21 1183187044.0
119 21 1183187107.0
119 21 1183187133.0
119 21 1183187907.0
119 8 1183195027.0
119 8 1183195352.0
119 8 1183195470.0
119 8 1183195519.0
119 8 1183195610.0
119 8 1183195701.0
119 8 1183196310.0
119 8 1183196343.0
119 8 1183196379.0
119 8 1183196548.0
119 8 1183196787.0
119 8 1183196819.0
119 8 1183196831.0
119 8 1183196846.0
119 3 1183197605.0
119 3 1183197672.0
119 2 1183199257.0
119 2 1183199374.0
119 2 1183199783.0
119 2 1183199833.0
119 2 1183199937.0
119 2 1183199956.0
119 2 1183200121.0
119 2 1183200154.0
119 2 1183200425.0
119 2 1183200679.0
119 2 1183200688.0
119 4 1183200862.0
119 6 1183201111.0
119 7 1183201581.0
119 7 1183201741.0
119 7 1183201871.0
119 7 1183201907.0
119 12 1183202338.0
119 12 1183202955.0
119 12 1183203029.0
119 12 1183203039.0
119 12 1183203086.0
119 12 1183203105.0
119 12 1183203113.0
119 12 1183203140.0
119 12 1183203224.0
119 12 1183203431.0
119 12 1183203443.0
119 12 1183203580.0
119 12 1183203608.0
119 12 1183204122.0
119 12 1183204604.0
119 12 1183204610.0
119 10 1183207122.0
119 10 1183207167.0
119 10 1183207383.0
119 10 1183207487.0
119 1 1223759600.0
119 1 1223759615.0
121 1 1292076384.0
121 20 1292076401.0
121 1 1292076779.0
121 8 1292083518.0
130 3 1241111565.0
130 4 1241193826.0
130 17 1241196857.0
130 0 1241199534.0
138 10 1351308158.0
138 21 1351332702.0
138 21 1351333721.0
138 19 1351333990.0
138 19 1351334129.0
138 7 1351334575.0
138 12 1351334773.0
138 12 1351340623.0
138 12 1351351643.0
138 18 1351410644.0
138 5 1351766172.0
149 4 1364563759.0
149 2 1364566224.0
149 7 1364589367.0
152 20 1110924596.0
152 1 1110932417.0
152 1 1110933175.0
152 1 1110933496.0
152 1 1110933525.0
152 1 1110933696.0
152 21 1110941913.0
152 21 1110943145.0
152 19 1110945750.0
152 19 1110945943.0
152 9 1110951329.0
152 7 1185202191.0
152 7 1185202213.0
152 2 1185271923.0
152 2 1185272496.0
152 3 1185274537.0
152 8 1185275955.0
152 10 1185288162.0
152 10 1185288902.0
152 10 1185289629.0
152 10 1185289874.0
152 10 1185289959.0
152 10 1185291047.0
152 10 1185292193.0
152 10 1185292354.0
152 12 1185316705.0
152 2 1185317456.0
152 2 1185317788.0
152 2 1185317912.0
152 2 1185317973.0
154 10 1387538088.0
154 9 1387558128.0
154 9 1387558269.0
154 2 1387627126.0
154 2 1387627953.0
154 2 1387628411.0
154 2 1387629828.0
154 2 1387630108.0
154 2 1387630330.0
154 5 1387638086.0
154 21 1387707220.0
154 21 1387711336.0
154 7 1387728620.0
154 19 1387729580.0
154 19 1387730224.0
154 19 1387730288.0
154 0 1387732360.0
154 0 1387732424.0
154 20 1387814463.0
154 20 1387815662.0
154 20 1387815905.0
154 20 1387817080.0
154 20 1387817766.0
154 20 1387825481.0
154 2 1387890295.0
154 2 1387890326.0
154 2 1387899003.0
154 2 1387899099.0
154 2 1387899116.0
154 2 1387899129.0
154 2 1387899596.0
154 2 1387899608.0
154 2 1387900014.0
161 8 1307025211.0
161 8 1307025254.0
161 0 1307025933.0
161 0 1307025954.0
161 0 1307025955.0
161 0 1307026301.0
161 21 1307026414.0
161 3 1307026504.0
161 3 1307026599.0
161 3 1307026859.0
161 3 1307032528.0
161 2 1307033700.0
161 2 1307033706.0
161 2 1307033716.0
161 2 1307034446.0
161 2 1307034486.0
161 2 1307035838.0
161 2 1307035996.0
161 2 1307036358.0
161 2 1307036515.0
161 2 1307036621.0
161 7 1307042455.0
161 7 1307042486.0
161 7 1307042737.0
161 7 1307042831.0
161 12 1307043007.0
161 12 1307043212.0
161 12 1307043274.0
161 7 1307043634.0
161 7 1307043663.0
161 3 1307098446.0
161 3 1307098654.0
161 3 1307098707.0
161 3 1307100614.0
161 3 1307100624.0
161 3 1307101139.0
161 3 1307101305.0
161 3 1307101358.0
161 3 1307102765.0
161 3 1307102859.0
161 3 1307103043.0
161 3 1307103173.0
161 3 1307106087.0
161 16 1307184493.0
161 16 1307188667.0
161 16 1307188748.0
161 16 1307189075.0
161 16 1307189145.0
161 16 1307189173.0
161 16 1307189243.0
161 16 1307189366.0
161 16 1307189383.0
161 16 1307189469.0
161 16 1307189561.0
161 16 1307189601.0
161 16 1307190028.0
161 16 1307190035.0
161 16 1307190047.0
161 16 1307190125.0
161 16 1307190330.0
161 16 1307190551.0
161 18 1307268788.0
161 18 1307268876.0
163 7 1264264614.0
163 20 1264266186.0
167 20 1178720681.0
167 0 1178721135.0
167 0 1178721183.0
167 21 1178721391.0
167 0 1178721467.0
167 8 1178724735.0
167 8 1178724774.0
167 8 1178724835.0
167 8 1178725112.0
167 8 1178725144.0
167 8 1178725235.0
167 8 1178725276.0
167 18 1178790153.0
167 3 1178804366.0
167 3 1178804412.0
167 0 1178804805.0
167 0 1178804913.0
167 0 1178804984.0
167 0 1178805004.0
167 19 1178805583.0
167 7 1178805873.0
167 7 1178805975.0
167 12 1178806496.0
167 12 1178806781.0
177 12 1311938780.0
177 12 1311938936.0
177 12 1311939195.0
177 12 1311939204.0
177 4 1311939557.0
177 4 1311939586.0
177 4 1311939718.0
177 4 1311939727.0
177 4 1311939746.0
177 2 1311940124.0
177 2 1311940137.0
177 2 1311940171.0
177 2 1311940183.0
177 2 1311940207.0
177 2 1311940252.0
177 2 1311940808.0
177 2 1311940828.0
177 2 1311941078.0
177 2 1311941149.0
177 2 1311943551.0
177 2 1311943590.0
177 3 1311943603.0
177 3 1311943630.0
177 3 1311943657.0
177 3 1311943716.0
177 3 1311944036.0
177 3 1311944074.0
177 3 1311944085.0
177 3 1311944112.0
177 21 1311944149.0
177 0 1311944263.0
177 0 1311944301.0
177 0 1311944303.0
177 0 1311944313.0
177 0 1311944335.0
177 0 1311944365.0
177 0 1311944485.0
177 0 1311944493.0
177 0 1311944510.0
177 0 1311944598.0
177 0 1311944650.0
177 8 1311945333.0
177 8 1311945406.0
177 8 1311945415.0
177 8 1311948423.0
177 8 1311948430.0
177 8 1311948906.0
177 8 1311948917.0
177 8 1311948970.0
177 8 1311948978.0
177 8 1311949081.0
177 8 1311949089.0
177 8 1311949206.0
177 8 1311949212.0
177 8 1311949241.0
177 8 1311949294.0
177 8 1311949311.0
177 8 1311949333.0
177 8 1311949355.0
177 8 1311949366.0
177 8 1311949520.0
177 8 1311949547.0
177 8 1311949588.0
177 8 1311949595.0
177 8 1311949636.0
177 8 1311949672.0
177 8 1311949687.0
177 8 1311949750.0
177 8 1311949791.0
177 8 1311949812.0
177 8 1311949820.0
177 20 1311949871.0
177 20 1311950022.0
177 20 1311950086.0
177 20 1311950201.0
177 20 1311950221.0
177 20 1311950224.0
177 20 1311950233.0
177 20 1311950237.0
177 20 1311950252.0
177 20 1311950290.0
177 20 1311950379.0
177 1 1311950572.0
177 1 1311950587.0
177 1 1311950610.0
177 1 1311950626.0
177 1 1311950667.0
177 1 1311950689.0
177 1 1311951002.0
177 1 1311951147.0
177 1 1311951153.0
177 1 1311951240.0
177 1 1311951251.0
177 1 1311951299.0
177 1 1311951325.0
177 1 1311951356.0
177 19 1311951665.0
177 19 1311951685.0
177 19 1311951712.0
177 19 1311951742.0
177 19 1311951878.0
177 19 1311951892.0
177 19 1311951906.0
177 19 1311951912.0
177 19 1311951954.0
177 19 1311951989.0
177 7 1311952184.0
177 6 1311952301.0
177 6 1311952352.0
177 7 1311952436.0
177 7 1311952469.0
177 7 1311952484.0
177 7 1311952487.0
177 7 1311952671.0
177 7 1311952678.0
177 12 1311952974.0
177 12 1311953031.0
177 12 1311953071.0
177 10 1311961424.0
177 10 1311961534.0
177 10 1311961539.0
177 10 1311961628.0
177 10 1311961681.0
177 10 1311961693.0
177 10 1311961705.0
177 10 1311961754.0
177 10 1311961816.0
177 10 1311961863.0
177 10 1311961867.0
177 10 1311961885.0
177 10 1311961899.0
177 10 1311962013.0
177 10 1311963244.0
177 10 1311963365.0
177 10 1311963414.0
177 10 1311963627.0
177 10 1311963638.0
177 10 1311963883.0
177 10 1311963897.0
180 2 1377804171.0
180 18 1382256305.0
180 2 1382784962.0
184 2 1192366002.0
184 2 1192366010.0
184 2 1192366026.0
184 2 1192366044.0
184 2 1192366071.0
184 2 1192366084.0
184 2 1192367695.0
184 2 1192371770.0
184 2 1192371800.0
184 2 1192371827.0
184 2 1192371829.0
184 2 1192371879.0
184 2 1192371964.0
184 2 1192372090.0
184 4 1192372348.0
184 4 1192372360.0
184 4 1192372389.0
184 4 1192372427.0
184 7 1192372609.0
184 7 1192372636.0
184 7 1192372672.0
184 7 1192372744.0
184 7 1192372751.0
184 7 1192372763.0
184 12 1192372971.0
184 12 1192373658.0
184 12 1192374310.0
184 12 1192374896.0
184 12 1192374983.0
184 12 1192375064.0
184 12 1192375230.0
184 12 1192375242.0
184 12 1192375264.0
184 12 1192375294.0
184 12 1192375667.0
184 12 1192376112.0
184 12 1192376121.0
184 12 1192376121.0
184 12 1192376203.0
184 12 1192376213.0
184 12 1192376243.0
184 12 1192376492.0
184 12 1192376718.0
184 12 1192376728.0
184 12 1192376750.0
184 12 1192376776.0
184 12 1192376785.0
184 12 1192376824.0
184 12 1192376880.0
184 12 1192377288.0
184 12 1192377329.0
184 12 1192377589.0
184 12 1192378065.0
184 12 1192378106.0
184 12 1192378134.0
184 12 1192378378.0
184 7 1192378429.0
184 7 1192378460.0
184 7 1192378483.0
184 7 1192378601.0
184 19 1192378616.0
184 7 1192378676.0
184 19 1192378784.0
184 19 1192378823.0
184 19 1192378848.0
184 19 1192378869.0
184 7 1192378925.0
184 7 1192378932.0
184 19 1192378978.0
184 20 1192381275.0
184 20 1192381301.0
184 20 1192381369.0
184 20 1192381431.0
184 20 1192381453.0
184 20 1192381461.0
184 20 1192381484.0
184 1 1192381521.0
184 1 1192381545.0
184 20 1192381573.0
184 1 1192381644.0
184 1 1192381660.0
184 1 1192381686.0
184 1 1192381714.0
184 1 1192381723.0
184 20 1192381738.0
184 1 1192381760.0
184 1 1192381784.0
184 1 1192381862.0
184 20 1192381936.0
184 20 1192381956.0
184 20 1192381977.0
184 20 1192381995.0
184 20 1192382067.0
184 0 1192382311.0
184 0 1192382322.0
184 0 1192382333.0
184 0 1192382420.0
184 0 1192382488.0
184 0 1192382503.0
184 0 1192382560.0
184 0 1192382619.0
184 8 1192383521.0
184 8 1192383552.0
184 8 1192383565.0
184 8 1192383580.0
184 8 1192383604.0
184 8 1192383620.0
184 8 1192383646.0
184 8 1192383696.0
184 8 1192383730.0
184 8 1192383746.0
184 2 1192385377.0
184 2 1192385393.0
184 2 1192471740.0
184 2 1192525912.0
184 2 1192525935.0
184 2 1192525969.0
184 2 1192525978.0
184 2 1192526078.0
184 2 1192526095.0
184 2 1192526106.0
184 2 1192526153.0
184 2 1192526163.0
184 2 1192526457.0
184 2 1192526471.0
184 2 1192526488.0
184 2 1192526504.0
184 2 1192526573.0
184 2 1192526587.0
184 2 1192526613.0
184 2 1192526677.0
184 2 1192526690.0
184 2 1192526704.0
184 2 1192526743.0
184 2 1192526749.0
184 2 1192526800.0
184 2 1192527076.0
184 2 1192527126.0
184 3 1192527440.0
184 19 1192527512.0
184 19 1192527533.0
184 19 1192527559.0
184 19 1192527563.0
184 19 1192527572.0
184 19 1192527613.0
184 19 1192527633.0
184 3 1192528788.0
184 3 1192528793.0
184 3 1192528799.0
184 3 1192529382.0
184 3 1192529388.0
184 3 1192529436.0
184 3 1192529440.0
184 3 1192532918.0
184 3 1192532922.0
184 3 1192532929.0
184 3 1192532959.0
184 3 1192532968.0
184 3 1192532986.0
184 3 1192532996.0
184 3 1192533036.0
184 3 1192533048.0
184 3 1192533060.0
184 3 1192533078.0
184 3 1192533106.0
184 3 1192533160.0
184 3 1192533176.0
184 3 1192533188.0
184 3 1192533310.0
184 3 1192533341.0
184 3 1192533368.0
184 3 1192533469.0
184 3 1192533480.0
184 3 1192534064.0
184 3 1192534081.0
184 3 1192534109.0
184 3 1192534119.0
184 3 1192534212.0
184 3 1192534233.0
184 21 1192534257.0
184 21 1192534338.0
184 21 1192534356.0
184 21 1192534423.0
184 21 1192534443.0
184 21 1192534478.0
184 21 1192534496.0
184 18 1192537261.0
184 18 1192537274.0
184 18 1192538785.0
184 18 1192538865.0
184 18 1192540658.0
184 18 1192540669.0
184 18 1192540748.0
184 18 1192540760.0
184 18 1192540766.0
184 18 1192540796.0
184 18 1192540818.0
184 18 1192540832.0
184 18 1192540850.0
184 18 1192542384.0
184 18 1192542412.0
184 18 1192542490.0
184 18 1192542527.0
184 18 1192542553.0
184 18 1192544021.0
184 18 1192544063.0
184 18 1192547141.0
184 18 1192547167.0
184 18 1192550780.0
184 18 1192550794.0
184 18 1192551074.0
184 18 1192551242.0
184 18 1192551263.0
184 2 1192647346.0
184 2 1192647349.0
184 2 1192648681.0
184 2 1192648684.0
184 2 1192650008.0
205 1 1286027586.0
205 1 1286027946.0
205 1 1286027976.0
205 1 1286028364.0
205 1 1286030319.0
205 1 1286133375.0
205 2 1286133635.0
205 2 1286133653.0
205 2 1286133668.0
205 2 1286133684.0
205 2 1286133770.0
205 2 1286137939.0
205 2 1286137948.0
205 2 1286137948.0
205 0 1286202129.0
205 0 1286202194.0
205 0 1286202202.0
205 16 1286218164.0
205 16 1286218253.0
205 16 1286218426.0
205 16 1286218442.0
205 16 1286218481.0
205 16 1286218487.0
205 16 1286218500.0
205 16 1286218660.0
205 16 1286218757.0
205 16 1286218806.0
205 16 1286219026.0
205 16 1286219034.0
205 16 1286219045.0
205 20 1286278984.0
205 20 1286278995.0
205 1 1286279864.0
205 1 1286279876.0
205 1 1286281115.0
205 1 1286281134.0
205 1 1286282629.0
205 1 1286282647.0
205 1 1286282869.0
205 1 1286282912.0
205 1 1286282924.0
210 18 1347642950.0
210 18 1347647301.0
210 18 1347647475.0
210 18 1347647477.0
210 18 1347647479.0
210 18 1347647481.0
210 18 1347647483.0
210 18 1347647489.0
210 18 1347647587.0
210 18 1347647588.0
210 18 1347647589.0
210 18 1347647594.0
210 18 1347647702.0
210 18 1347647706.0
210 18 1347647715.0
210 18 1347647723.0
210 18 1347647851.0
210 18 1347647853.0
210 18 1347647856.0
210 18 1347647863.0
210 18 1347647865.0
210 18 1347647925.0
210 18 1347647927.0
210 18 1347647939.0
210 18 1347648011.0
210 18 1347648016.0
210 18 1347648018.0
210 18 1347648029.0
210 18 1347648052.0
210 24 1347648849.0
210 24 1347648851.0
210 24 1347648853.0
210 24 1347648877.0
210 24 1347648879.0
210 24 1347648882.0
210 24 1347648897.0
210 24 1347648917.0
210 24 1347648924.0
210 24 1347648937.0
210 24 1347648945.0
210 24 1347648947.0
210 24 1347648948.0
210 24 1347648958.0
210 24 1347648978.0
210 24 1347648984.0
210 24 1347648985.0
210 24 1347648988.0
210 24 1347648989.0
210 24 1347648995.0
210 24 1347649016.0
210 24 1347649032.0
210 24 1347649034.0
210 24 1347649041.0
210 24 1347649052.0
210 24 1347649057.0
210 24 1347649058.0
210 24 1347649060.0
210 24 1347649072.0
210 24 1347649073.0
210 24 1347649077.0
210 24 1347649082.0
210 24 1347649089.0
210 24 1347649092.0
210 24 1347649113.0
210 24 1347649119.0
210 24 1347649124.0
210 24 1347649131.0
210 24 1347649140.0
210 24 1347649141.0
210 24 1347649144.0
210 24 1347649163.0
210 24 1347649311.0
210 24 1347649313.0
210 24 1347649315.0
210 27 1347649694.0
210 18 1347652365.0
210 18 1347652803.0
210 18 1347652804.0
210 18 1347652807.0
210 18 1347652809.0
210 18 1347652811.0
210 18 1347652813.0
210 18 1347652993.0
210 18 1347653003.0
210 18 1347653012.0
210 18 1347653013.0
210 18 1347653014.0
210 18 1347653022.0
210 18 1347653025.0
210 18 1347653834.0
210 18 1347653835.0
210 18 1347653838.0
210 18 1347653854.0
210 14 1347656081.0
210 14 1347656091.0
210 14 1347656093.0
210 14 1347656126.0
210 14 1347656153.0
210 9 1347656980.0
210 9 1347656981.0
210 9 1347657597.0
210 9 1347657614.0
210 9 1347657626.0
210 9 1347657692.0
210 9 1347657746.0
210 9 1347657774.0
210 9 1347657784.0
210 9 1347657817.0
210 9 1347657835.0
210 9 1347657938.0
210 9 1347657940.0
210 9 1347657944.0
210 9 1347657946.0
210 9 1347657966.0
210 9 1347657978.0
210 9 1347657980.0
210 9 1347657982.0
210 9 1347657986.0
210 9 1347658011.0
210 9 1347658050.0
210 9 1347658097.0
210 9 1347658099.0
210 9 1347658122.0
210 9 1347658124.0
210 9 1347658128.0
210 9 1347658131.0
210 9 1347658198.0
210 9 1347658201.0
210 9 1347658203.0
210 9 1347658224.0
210 9 1347658525.0
210 9 1347658529.0
210 9 1347658799.0
210 9 1347658802.0
210 9 1347658811.0
210 9 1347658819.0
210 9 1347658821.0
210 9 1347658823.0
210 9 1347658830.0
210 12 1347659097.0
210 12 1347659103.0
210 12 1347659109.0
210 12 1347659127.0
210 12 1347659170.0
210 12 1347659181.0
210 12 1347659205.0
210 12 1347659207.0
210 12 1347659247.0
210 12 1347659248.0
210 12 1347659254.0
210 12 1347659262.0
210 12 1347659265.0
210 12 1347659267.0
210 12 1347659302.0
210 12 1347659382.0
210 12 1347659509.0
210 12 1347659510.0
210 12 1347659515.0
210 7 1347659569.0
210 7 1347659579.0
210 7 1347659590.0
210 12 1347659613.0
210 12 1347659622.0
210 12 1347660077.0
210 12 1347660078.0
210 12 1347660079.0
210 12 1347660095.0
210 12 1347660096.0
210 12 1347660097.0
210 12 1347660121.0
210 12 1347660160.0
210 12 1347660247.0
210 12 1347660249.0
210 12 1347660255.0
210 2 1347662388.0
210 2 1347662394.0
210 2 1347662397.0
210 2 1347662407.0
210 2 1347662410.0
210 2 1347662415.0
210 2 1347662418.0
210 2 1347662422.0
210 2 1347663319.0
210 3 1347665001.0
210 3 1347665002.0
210 3 1347665007.0
210 3 1347665009.0
210 3 1347665015.0
210 3 1347665061.0
210 3 1347665063.0
210 3 1347665066.0
210 3 1347667582.0
210 3 1347667583.0
210 3 1347667584.0
210 3 1347667586.0
210 3 1347667601.0
210 3 1347667831.0
210 3 1347667832.0
210 3 1347667833.0
210 3 1347667836.0
210 3 1347667944.0
210 3 1347667948.0
210 3 1347668181.0
210 3 1347668266.0
210 2 1347668751.0
210 2 1347668755.0
210 2 1347668901.0
210 2 1347668903.0
210 2 1347668904.0
210 2 1347668918.0
210 2 1347668920.0
210 5 1347670214.0
210 5 1347670229.0
210 5 1347670280.0
210 5 1347670283.0
210 5 1347670476.0
210 5 1347670478.0
210 5 1347670489.0
210 5 1347670557.0
210 5 1347670558.0
210 5 1347670559.0
210 5 1347670613.0
210 5 1347670616.0
210 5 1347670618.0
210 5 1347670690.0
210 5 1347670694.0
210 5 1347670697.0
210 5 1347671325.0
210 5 1347671326.0
213 2 1286969673.0
213 2 1287161124.0
213 19 1287408410.0
215 3 1298715635.0
215 7 1298716485.0
215 4 1298724239.0
215 4 1298724511.0
215 4 1298725032.0
215 4 1298726794.0
222 2 1249119770.0
222 16 1249144406.0
222 16 1249144600.0
227 27 1177238227.0
227 13 1177238802.0
227 13 1177240775.0
227 13 1177244634.0
227 9 1179348561.0
227 9 1179348574.0
227 9 1179348628.0
227 9 1179348695.0
227 9 1179348737.0
227 9 1179348797.0
227 9 1179348822.0
227 9 1179348917.0
227 9 1179348941.0
227 9 1179349085.0
227 17 1253655720.0
227 17 1253655731.0
227 17 1253655734.0
227 8 1253656398.0
227 8 1253656413.0
227 8 1253657251.0
227 8 1253995001.0
227 8 1253997789.0
227 17 1254002241.0
227 8 1254004133.0
227 8 1254005343.0
227 8 1254005590.0
227 8 1258060705.0
227 3 1277973732.0
227 3 1277973753.0
227 3 1277973766.0
227 3 1277973789.0
227 3 1277973819.0
227 3 1277973839.0
227 3 1277973883.0
227 3 1277974081.0
227 3 1277974944.0
227 3 1277974948.0
227 3 1277974987.0
227 3 1277976222.0
227 3 1277976241.0
227 3 1277976243.0
227 3 1277976247.0
227 3 1277976248.0
227 3 1277976253.0
227 3 1277978920.0
227 18 1319565494.0
227 26 1368366629.0
227 26 1368370741.0
227 26 1368370758.0
227 26 1368370850.0
227 26 1368370865.0
227 26 1368370875.0
227 26 1368370885.0
227 26 1368370907.0
227 26 1368370915.0
227 26 1368370920.0
227 26 1368370995.0
227 26 1368370998.0
227 26 1368371030.0
227 26 1368371262.0
227 26 1368371268.0
227 26 1368371276.0
227 26 1368371283.0
227 26 1368371307.0
227 26 1368371360.0
227 26 1368371363.0
227 26 1368371602.0
227 26 1368371609.0
227 26 1368371613.0
227 26 1368372172.0
227 26 1368372175.0
227 26 1368372209.0
230 2 1174772056.0
230 9 1174772184.0
234 1 1272364286.0
234 3 1272366738.0
234 3 1272377832.0
234 17 1272381629.0
234 16 1272386548.0
234 16 1272386566.0
234 16 1272386584.0
234 16 1272387465.0
234 18 1272450009.0
234 18 1272464274.0
234 1 1272467488.0
234 1 1272467670.0
234 7 1272469803.0
234 9 1272471802.0
234 9 1272472018.0
234 1 1272473948.0
234 8 1272477422.0
234 1 1272481728.0
237 8 1295390956.0
237 8 1295392884.0
237 8 1295398307.0
237 8 1295399302.0
237 8 1295399805.0
237 8 1295400414.0
237 20 1295401471.0
237 20 1295401778.0
237 11 1295402516.0
237 17 1295429122.0
237 1 1397385478.0
242 19 1258356827.0
242 2 1258356833.0
249 2 1313058949.0
249 2 1313059569.0
249 3 1313062512.0
249 19 1313065584.0
249 19 1313071635.0
249 3 1313075918.0
249 3 1313075941.0
256 11 1266087394.0
256 11 1266087420.0
256 11 1266087429.0
256 11 1266087445.0
256 11 1266087457.0
256 11 1266087471.0
256 11 1266098344.0
256 11 1266098373.0
256 11 1266102163.0
256 11 1266102179.0
256 11 1266102236.0
256 11 1266229235.0
256 11 1266229266.0
256 17 1266251588.0
256 17 1266251597.0
256 17 1266251612.0
259 1 1155675847.0
259 17 1155682903.0
259 19 1155849406.0
262 16 1295190752.0
262 2 1311679820.0
263 9 1335978660.0
263 9 1335978683.0
263 9 1335978726.0
263 9 1335978785.0
263 9 1335978867.0
263 9 1335978894.0
263 9 1335993590.0
263 9 1335993592.0
263 9 1335993596.0
263 9 1335994034.0
263 18 1336041240.0
263 18 1336041251.0
263 18 1336041255.0
263 18 1336041259.0
263 18 1336042150.0
263 18 1336042504.0
263 18 1336042510.0
263 18 1336042512.0
263 18 1336042520.0
263 18 1336042524.0
263 18 1336043193.0
263 18 1336043209.0
263 18 1336043214.0
263 18 1336043263.0
263 18 1336043269.0
263 18 1336043276.0
263 18 1336043284.0
263 18 1336043442.0
263 18 1336048218.0
263 18 1336048220.0
263 18 1336048225.0
263 18 1336049193.0
263 18 1336049307.0
263 18 1336049309.0
263 18 1336049311.0
263 18 1336049321.0
263 18 1336052502.0
263 18 1336052520.0
263 18 1336052529.0
263 2 1336054562.0
263 2 1336054574.0
263 2 1336054608.0
263 2 1336054722.0
263 2 1336054740.0
263 2 1336054854.0
263 2 1336054857.0
263 2 1336054873.0
263 2 1336054880.0
263 2 1336054982.0
263 2 1336055007.0
263 2 1336055011.0
263 2 1336055017.0
263 2 1336055027.0
263 2 1336055062.0
263 2 1336055078.0
263 2 1336055118.0
263 2 1336055144.0
263 2 1336055163.0
263 2 1336055175.0
263 2 1336055181.0
263 2 1336055225.0
263 2 1336055266.0
263 2 1336055308.0
263 2 1336055346.0
263 2 1336055538.0
263 2 1336056498.0
263 2 1336056521.0
263 2 1336056730.0
263 2 1336056741.0
263 2 1336056802.0
263 2 1336057251.0
263 3 1336058236.0
263 3 1336058256.0
263 3 1336058285.0
263 3 1336058286.0
263 3 1336058300.0
263 3 1336058340.0
263 3 1336058345.0
263 3 1336058854.0
263 3 1336059125.0
263 3 1336059131.0
263 3 1336059135.0
263 3 1336059265.0
263 3 1336059533.0
263 3 1336060770.0
263 3 1336060814.0
263 3 1336061055.0
263 3 1336061185.0
263 3 1336061187.0
263 3 1336061234.0
263 3 1336061243.0
263 21 1336061414.0
263 21 1336061439.0
263 21 1336061494.0
263 21 1336061503.0
263 0 1336061609.0
263 0 1336061612.0
263 0 1336061665.0
263 0 1336061707.0
263 0 1336061731.0
263 0 1336062246.0
263 0 1336062248.0
263 0 1336062319.0
263 0 1336062327.0
263 20 1336062408.0
263 20 1336062534.0
263 20 1336062535.0
263 20 1336062555.0
263 20 1336062581.0
263 20 1336062610.0
263 1 1336062666.0
263 1 1336062709.0
263 1 1336062803.0
263 17 1336062862.0
263 17 1336062893.0
263 17 1336062922.0
263 17 1336063583.0
263 17 1336063594.0
263 17 1336063599.0
263 17 1336063732.0
263 17 1336063771.0
263 17 1336063773.0
269 2 1259590337.0
269 2 1259591129.0
269 2 1259591149.0
269 2 1259591152.0
269 2 1259591235.0
269 2 1259591291.0
269 3 1259591865.0
269 3 1259592049.0
271 21 1307535115.0
271 0 1307535758.0
271 10 1307565068.0
277 1 1295526245.0
277 20 1295526271.0
283 15 1178920609.0
283 7 1301690930.0
283 7 1301694259.0
283 7 1301694510.0
283 7 1301694604.0
283 7 1301695037.0
283 7 1301695061.0
283 7 1301695275.0
283 7 1301695510.0
283 25 1317494332.0
292 2 1374324244.0
292 1 1374343109.0
292 0 1374428188.0
292 0 1374428265.0
293 11 1183807580.0
293 11 1183807817.0
293 11 1183807851.0
293 20 1183809801.0
293 1 1183809929.0
293 8 1183811974.0
293 8 1183812133.0
293 8 1183812305.0
293 8 1183812407.0
313 1 1247665808.0
313 1 1247665831.0
313 0 1247666144.0
313 0 1247666270.0
313 21 1247666857.0
313 3 1247666958.0
313 3 1247667325.0
313 3 1247667391.0
313 3 1247667983.0
313 3 1247668091.0
313 3 1247668291.0
313 3 1247668385.0
313 2 1247669592.0
313 2 1247669730.0
313 0 1247748839.0
313 0 1247748896.0
313 0 1247749419.0
313 0 1247749503.0
313 0 1247749990.0
313 0 1247750043.0
313 0 1247750244.0
313 0 1247751765.0
313 19 1247754459.0
313 0 1247755552.0
313 0 1247755593.0
313 0 1247755691.0
313 0 1247755847.0
313 0 1247756206.0
313 1 1247757702.0
313 1 1247757713.0
314 15 1348751577.0
314 15 1348751737.0
314 12 1348756481.0
314 4 1363697480.0
314 2 1363698291.0
314 2 1363698461.0
314 2 1363698508.0
314 2 1363698598.0
314 2 1363699200.0
314 2 1363699226.0
314 2 1363699386.0
314 17 1363700710.0
314 1 1372428569.0
314 11 1372795163.0
314 17 1372795613.0
314 0 1372800998.0
314 0 1372801127.0
314 11 1372803567.0
314 11 1372845503.0
314 11 1372856348.0
314 11 1372859142.0
314 11 1372859288.0
314 11 1372859904.0
314 11 1372860133.0
314 11 1372861288.0
314 11 1372861366.0
314 11 1372864410.0
314 11 1372864641.0
314 11 1372864812.0
314 11 1372865380.0
314 5 1372941052.0
314 5 1372941221.0
314 5 1372941483.0
314 5 1372941532.0
314 5 1372941590.0
314 5 1372941644.0
314 5 1372941768.0
314 5 1372941795.0
314 5 1385639652.0
314 5 1385639868.0
315 4 1323098095.0
315 2 1323099346.0
315 2 1323099428.0
315 2 1323099812.0
315 2 1323099842.0
315 2 1323099930.0
315 2 1323099955.0
315 2 1323100022.0
315 2 1323100121.0
315 2 1323100642.0
315 2 1323101019.0
315 2 1323101325.0
315 2 1323101393.0
315 2 1323101429.0
315 4 1323103378.0
315 7 1323103417.0
315 7 1323103601.0
315 7 1323103715.0
315 2 1323106547.0
315 2 1323114319.0
315 2 1323114388.0
315 12 1323115377.0
315 12 1323115532.0
315 12 1323116791.0
315 12 1323116896.0
315 9 1323117632.0
315 9 1323117927.0
315 9 1323118077.0
315 18 1323179468.0
315 18 1323179544.0
315 18 1323179680.0
315 18 1323179710.0
315 18 1323179825.0
315 18 1323183417.0
315 16 1323190378.0
315 16 1323190408.0
315 16 1323190418.0
315 16 1323191381.0
315 16 1323192034.0
315 16 1323192119.0
315 12 1323195784.0
315 1 1323196718.0
315 20 1323196960.0
315 20 1323197153.0
315 20 1323198043.0
315 20 1323198053.0
315 8 1323198426.0
315 3 1323265102.0
315 3 1323265451.0
315 3 1323265906.0
315 3 1323280130.0
315 10 1323340671.0
315 10 1323340881.0
315 10 1323341023.0
315 10 1323347711.0
321 0 1393767460.0
321 19 1393771472.0
321 8 1393776712.0
332 2 1131977197.0
332 20 1202343304.0
332 2 1202344200.0
332 2 1202513692.0
332 2 1202514917.0
332 2 1206834837.0
336 4 1331997129.0
336 7 1331997566.0
336 7 1331997657.0
336 7 1331998320.0
336 7 1331998911.0
336 11 1332000473.0
336 11 1332000609.0
336 11 1332000720.0
336 11 1332000750.0
336 11 1332001135.0
338 2 1340026727.0
338 2 1340026871.0
338 2 1340027226.0
338 2 1340027850.0
338 8 1340037465.0
338 9 1340095910.0
338 9 1340096106.0
338 7 1340099146.0
338 7 1340100119.0
338 4 1340105241.0
338 7 1340109531.0
338 0 1340111596.0
338 0 1340111699.0
338 0 1340112226.0
338 0 1340113701.0
338 0 1340121773.0
338 12 1340218678.0
338 4 1340221408.0
339 3 1224250346.0
339 25 1224261777.0
339 25 1224261933.0
339 15 1379357971.0
341 20 1294400554.0
341 2 1294404944.0
341 2 1294405049.0
355 10 1303045915.0
355 1 1303141801.0
355 1 1303145177.0
355 1 1303146990.0
355 1 1303147048.0
355 20 1303147088.0
367 18 1318702945.0
367 18 1318703094.0
367 18 1318703190.0
367 18 1318703301.0
367 0 1319635424.0
367 0 1319635608.0
367 0 1319635663.0
367 0 1319635751.0
367 0 1319635779.0
367 0 1319635935.0
367 0 1319636736.0
367 1 1320000866.0
367 1 1320001091.0
367 1 1320001386.0
367 13 1336559481.0
367 13 1336560060.0
367 13 1336560359.0
367 13 1336560359.0
367 13 1336565625.0
367 13 1336569222.0
367 13 1336569365.0
367 13 1336569984.0
367 13 1336570017.0
367 13 1336570257.0
367 25 1346601123.0
368 2 1353058613.0
368 3 1359109226.0
368 2 1359111346.0
368 2 1359111368.0
368 2 1359111374.0
372 19 1209553795.0
372 10 1209937532.0
375 16 1335021402.0
375 7 1335548453.0
378 22 1304294402.0
378 12 1304294433.0
378 12 1304294435.0
378 12 1304294436.0
379 20 1246863877.0
379 8 1246864525.0
379 8 1246864664.0
379 10 1246882352.0
379 9 1246887677.0
379 20 1246897214.0
386 11 1188303565.0
386 11 1188303592.0
386 11 1188303624.0
386 11 1188304225.0
386 11 1188304314.0
386 14 1188307898.0
386 2 1188375731.0
386 2 1188378309.0
386 2 1188380174.0
390 12 1379251481.0
390 4 1379251896.0
390 4 1379252219.0
390 2 1379252401.0
390 2 1379253703.0
390 2 1379253879.0
390 2 1379253974.0
390 2 1379254228.0
390 2 1379254384.0
390 2 1379254513.0
390 21 1379440185.0
390 0 1379440315.0
390 1 1379442870.0
390 11 1379443003.0
390 11 1379443156.0
390 17 1379443482.0
390 8 1379443621.0
390 8 1379444550.0
390 3 1379459217.0
390 3 1379461391.0
390 0 1379474393.0
390 7 1379474540.0
390 7 1379474750.0
390 19 1379475013.0
390 7 1379475223.0
390 7 1379475941.0
390 12 1379476336.0
390 12 1379476620.0
390 10 1379504839.0
390 10 1379505039.0
390 10 1379505294.0
390 10 1379505506.0
390 10 1379505646.0
390 10 1379505782.0
393 2 1335447830.0
393 2 1335447838.0
393 2 1335447846.0
393 10 1335694099.0
393 10 1335695653.0
396 3 1222514906.0
396 2 1222519688.0
396 9 1222802591.0
398 20 1360162914.0
398 18 1360237665.0
398 18 1360238698.0
398 10 1360326016.0
400 15 1244170251.0
400 15 1244170643.0
400 2 1244251687.0
400 2 1244251687.0
400 2 1244251772.0
400 2 1244251772.0
400 2 1244251778.0
400 2 1244251787.0
400 2 1244251797.0
400 2 1244251803.0
400 2 1244251809.0
400 2 1244251814.0
400 2 1244251831.0
400 2 1244251831.0
400 20 1244260541.0
400 20 1244260548.0
400 20 1244260558.0
400 0 1244260675.0
400 0 1244260682.0
400 0 1244260692.0
400 20 1244260876.0
400 20 1244260896.0
400 20 1244260950.0
400 20 1244260958.0
400 1 1244260988.0
400 1 1244260996.0
400 20 1244261064.0
400 20 1244261110.0
400 1 1244261120.0
400 1 1244261130.0
400 1 1244261138.0
400 1 1244261195.0
400 1 1244263530.0
400 1 1244263548.0
400 1 1244263567.0
400 1 1244263592.0
400 1 1244263648.0
400 1 1244263665.0
400 1 1244263692.0
400 1 1244263715.0
400 1 1244263737.0
400 1 1244263769.0
400 1 1244263783.0
400 1 1244263891.0
400 1 1244263914.0
400 1 1244263924.0
400 1 1244263931.0
400 1 1244263956.0
400 1 1244263994.0
400 1 1244264014.0
400 1 1244264046.0
400 1 1244264086.0
400 1 1244264131.0
400 1 1244264161.0
400 1 1244264193.0
400 1 1244264233.0
400 1 1244264247.0
400 1 1244264277.0
400 1 1244264303.0
400 1 1244264318.0
400 1 1244264339.0
400 1 1244264360.0
400 1 1244264377.0
400 1 1244264402.0
400 1 1244264416.0
400 1 1244264446.0
400 1 1244264478.0
400 1 1244264495.0
400 1 1244264510.0
400 1 1244264517.0
400 1 1244264536.0
400 1 1244264557.0
400 1 1244264573.0
400 1 1244264586.0
400 1 1244264621.0
400 1 1244264661.0
400 1 1244264684.0
400 1 1244264708.0
400 1 1244264725.0
400 1 1244264748.0
400 1 1244264780.0
400 1 1244264833.0
400 1 1244264867.0
400 1 1244264897.0
400 1 1244264978.0
400 1 1244265061.0
400 1 1244265086.0
400 1 1244265130.0
400 1 1244265148.0
400 1 1244265216.0
400 1 1244265294.0
400 1 1244265303.0
400 1 1244265552.0
400 1 1244265576.0
400 1 1244266567.0
400 1 1244266598.0
400 1 1244266630.0
400 1 1244266677.0
400 1 1244266787.0
400 1 1244266797.0
400 1 1244266820.0
400 1 1244267177.0
400 1 1244267218.0
400 1 1244267252.0
400 1 1244267277.0
400 1 1244267383.0
400 1 1244267414.0
400 1 1244267424.0
400 1 1244267450.0
400 1 1244267460.0
400 1 1244267479.0
400 1 1244267524.0
400 1 1244267534.0
400 1 1244267576.0
400 1 1244267587.0
400 1 1244268212.0
400 1 1244268220.0
400 1 1244268244.0
400 1 1244268257.0
400 1 1244268319.0
400 1 1244268388.0
400 1 1244268397.0
400 1 1244268419.0
400 1 1244268473.0
400 1 1244268592.0
400 1 1244268607.0
400 1 1244268964.0
400 1 1244268985.0
400 1 1244268999.0
400 1 1244269143.0
400 1 1244269176.0
400 1 1244269190.0
400 1 1244269198.0
400 1 1244269260.0
400 1 1244269302.0
400 1 1244269379.0
400 1 1244269385.0
400 1 1244269418.0
400 1 1244269450.0
400 1 1244269506.0
400 1 1244269510.0
400 1 1244269599.0
400 1 1244269684.0
400 1 1244269686.0
400 1 1244269746.0
400 1 1244269762.0
400 1 1244269781.0
400 1 1244269888.0
400 1 1244269901.0
400 1 1244269980.0
400 1 1244270223.0
400 1 1244270245.0
400 1 1244270305.0
400 1 1244270425.0
400 1 1244270444.0
400 1 1244270463.0
400 1 1244270500.0
400 1 1244270576.0
400 1 1244270642.0
400 1 1244272722.0
400 1 1244272779.0
400 1 1244272792.0
400 1 1244272834.0
400 1 1244272891.0
400 1 1244272910.0
400 1 1244272929.0
400 1 1244273019.0
400 1 1244273037.0
400 1 1244273105.0
400 1 1244273135.0
400 1 1244273149.0
400 1 1244273194.0
400 1 1244273213.0
400 1 1244273246.0
400 1 1244273257.0
400 1 1244273287.0
400 1 1244273296.0
400 1 1244273302.0
400 1 1244273327.0
400 1 1244273347.0
400 1 1244273370.0
400 1 1244273405.0
400 1 1244273430.0
400 1 1244273435.0
400 1 1244273457.0
400 1 1244273467.0
400 1 1244273507.0
400 1 1244273519.0
400 1 1244273700.0
400 1 1244273718.0
400 1 1244273753.0
400 1 1244273795.0
400 1 1244273834.0
400 1 1244274016.0
400 1 1244274754.0
400 1 1244274794.0
400 1 1244274811.0
400 1 1244274852.0
400 1 1244276475.0
400 1 1244276483.0
400 1 1244276490.0
400 1 1244276509.0
400 1 1244276529.0
400 1 1244276552.0
400 1 1244276594.0
400 20 1244276645.0
400 1 1244276677.0
400 1 1244276742.0
400 1 1244276914.0
400 1 1244277024.0
400 1 1244277033.0
400 1 1244277092.0
400 1 1244277102.0
400 1 1244277178.0
400 1 1244277197.0
400 1 1244277276.0
400 1 1244277288.0
400 1 1244277297.0
400 1 1244277312.0
400 1 1244277350.0
400 1 1244277383.0
400 1 1244277404.0
400 1 1244277413.0
400 2 1244279777.0
400 2 1244331320.0
400 2 1244331342.0
400 2 1244331407.0
400 12 1244332166.0
400 12 1244332171.0
400 12 1244332248.0
400 12 1244332360.0
400 9 1244332430.0
400 9 1244332642.0
400 9 1244332780.0
400 9 1244332872.0
400 9 1244333001.0
400 9 1244333020.0
400 9 1244333110.0
400 9 1244333153.0
400 9 1244333183.0
400 9 1244333200.0
400 9 1244333211.0
400 9 1244333227.0
400 9 1244333243.0
400 9 1244333249.0
400 9 1244333280.0
400 9 1244333290.0
400 9 1244333302.0
400 9 1244333321.0
400 9 1244333332.0
400 9 1244333354.0
400 9 1244333377.0
400 9 1244333422.0
400 9 1244333458.0
400 9 1244333476.0
400 9 1244333492.0
400 9 1244333501.0
400 9 1244333524.0
400 9 1244333577.0
400 9 1244333664.0
400 9 1244333677.0
400 9 1244333806.0
400 9 1244333877.0
400 9 1244333998.0
400 9 1244334056.0
400 1 1244335441.0
400 0 1244335539.0
400 0 1244335812.0
400 0 1244335864.0
400 0 1244335905.0
400 0 1244335940.0
400 0 1244335968.0
400 0 1244335993.0
400 0 1244336022.0
400 0 1244336225.0
400 0 1244336231.0
400 0 1244336267.0
400 0 1244336367.0
400 3 1244344727.0
400 3 1244345125.0
400 3 1244345130.0
400 3 1244345139.0
400 3 1244345143.0
400 3 1244345160.0
400 3 1244345214.0
400 3 1244345233.0
400 3 1244345248.0
400 3 1244345256.0
400 3 1244345839.0
400 3 1244348250.0
400 3 1244348272.0
400 3 1244348287.0
400 19 1244348427.0
400 19 1244348490.0
400 19 1244348798.0
400 19 1244348859.0
400 19 1244348887.0
400 19 1244348892.0
400 19 1244348976.0
400 19 1244348991.0
400 19 1244349024.0
400 19 1244349054.0
400 19 1244349078.0
400 19 1244349112.0
400 19 1244349157.0
400 19 1244349164.0
400 19 1244349183.0
400 19 1244349253.0
400 19 1244349264.0
400 19 1244349286.0
400 19 1244349322.0
400 19 1244349336.0
400 19 1244349389.0
400 19 1244349400.0
400 19 1244349426.0
400 19 1244349465.0
400 19 1244349495.0
400 19 1244349509.0
400 19 1244349533.0
400 19 1244349569.0
400 19 1244349636.0
400 19 1244349692.0
400 19 1244349719.0
400 19 1244349828.0
400 19 1244349878.0
400 19 1244349953.0
400 19 1244350001.0
400 19 1244350113.0
400 19 1244350121.0
400 19 1244350129.0
400 19 1244350135.0
400 19 1244350390.0
400 19 1244350399.0
400 19 1244350410.0
400 19 1244350434.0
400 19 1244350447.0
400 19 1244350460.0
400 19 1244350661.0
400 19 1244350699.0
400 7 1244351315.0
400 7 1244351338.0
400 7 1244351348.0
400 7 1244351369.0
400 7 1244351377.0
400 7 1244351434.0
400 7 1244351460.0
400 7 1244351522.0
400 7 1244351577.0
400 7 1244351588.0
400 7 1244351601.0
400 7 1244351622.0
400 7 1244351648.0
400 7 1244351697.0
400 7 1244351720.0
400 7 1244351731.0
400 7 1244351757.0
400 7 1244351783.0
400 7 1244351843.0
400 7 1244352097.0
400 7 1244352132.0
400 7 1244352161.0
400 7 1244352188.0
400 7 1244352203.0
400 7 1244352246.0
400 7 1244353434.0
400 7 1244353439.0
400 7 1244353448.0
400 7 1244353473.0
400 7 1244353494.0
400 7 1244353545.0
400 7 1244353563.0
400 7 1244359021.0
400 7 1244359028.0
400 7 1244359035.0
400 7 1244359156.0
400 7 1244359166.0
400 19 1244359434.0
400 7 1244359457.0
400 7 1244359462.0
400 7 1244359468.0
400 7 1244359507.0
400 7 1244359518.0
400 7 1244359668.0
400 7 1244359693.0
400 7 1244359724.0
400 7 1244359737.0
400 7 1244359755.0
400 7 1244359778.0
400 7 1244359786.0
400 7 1244359805.0
400 7 1244359821.0
400 7 1244359833.0
400 7 1244359877.0
400 7 1244359890.0
400 7 1244359910.0
400 7 1244359926.0
400 7 1244359963.0
400 7 1244359998.0
400 7 1244360030.0
400 7 1244360079.0
400 7 1244360095.0
400 7 1244360150.0
400 7 1244360225.0
400 7 1244360353.0
400 7 1244360364.0
400 7 1244360402.0
400 7 1244360439.0
400 7 1244360460.0
400 7 1244360469.0
400 7 1244360513.0
400 7 1244360561.0
400 7 1244360588.0
400 7 1244360643.0
400 7 1244360659.0
400 7 1244360671.0
400 7 1244360689.0
400 7 1244360700.0
400 7 1244360715.0
400 7 1244360753.0
400 7 1244360769.0
400 7 1244360778.0
400 7 1244360789.0
400 7 1244360815.0
400 7 1244360847.0
400 7 1244360862.0
400 7 1244360949.0
400 7 1244361028.0
400 7 1244361058.0
400 7 1244361076.0
400 7 1244361093.0
400 7 1244361120.0
400 7 1244361136.0
400 7 1244361250.0
400 18 1244421350.0
400 18 1244421356.0
400 18 1244421360.0
400 18 1244421400.0
400 18 1244421458.0
400 18 1244421511.0
400 18 1244421519.0
400 18 1244421629.0
400 18 1244427234.0
400 18 1244427342.0
400 18 1244427545.0
400 18 1244427629.0
400 18 1244427768.0
400 18 1244427818.0
400 18 1244427828.0
400 18 1244427900.0
400 18 1244427910.0
400 18 1244428134.0
400 18 1244428227.0
400 18 1244428233.0
400 18 1244428614.0
400 18 1244428694.0
400 18 1244428836.0
400 18 1244428868.0
400 13 1244438540.0
400 13 1244439294.0
400 13 1244439445.0
400 13 1244439644.0
400 13 1244439652.0
400 13 1244439686.0
400 13 1244439909.0
400 13 1244439925.0
400 13 1244439951.0
400 13 1244439973.0
400 13 1244439995.0
400 13 1244440113.0
400 13 1244440156.0
400 13 1244440168.0
400 13 1244440179.0
400 13 1244440198.0
400 13 1244440238.0
400 13 1244440267.0
400 13 1244440336.0
400 13 1244440405.0
400 13 1244440491.0
400 13 1244440554.0
400 13 1244440612.0
400 13 1244440769.0
400 13 1244440781.0
400 13 1244440868.0
400 13 1244440877.0
400 13 1244441123.0
400 13 1244441147.0
400 13 1244441167.0
400 13 1244441176.0
400 13 1244441250.0
400 13 1244441444.0
400 13 1244441456.0
400 13 1244441495.0
400 13 1244441503.0
400 13 1244441757.0
400 13 1244441856.0
400 13 1244441891.0
400 13 1244441899.0
400 13 1244442189.0
400 13 1244442351.0
400 13 1244442524.0
400 13 1244442536.0
400 13 1244442605.0
400 13 1244442823.0
400 13 1244443069.0
400 13 1244443128.0
400 13 1244443502.0
400 13 1244443829.0
400 13 1244444455.0
400 13 1244444493.0
400 24 1244445124.0
400 24 1244445132.0
400 24 1244445183.0
400 24 1244445252.0
400 24 1244445266.0
400 24 1244445283.0
400 24 1244445298.0
400 24 1244445312.0
400 24 1244445326.0
400 24 1244445347.0
400 24 1244445369.0
400 24 1244445391.0
400 24 1244445446.0
400 24 1244445474.0
400 24 1244445530.0
400 24 1244445557.0
400 24 1244445599.0
400 24 1244445643.0
400 24 1244445667.0
400 24 1244445689.0
400 24 1244445707.0
400 24 1244445723.0
400 24 1244445741.0
400 24 1244445762.0
400 24 1244445773.0
400 24 1244445782.0
400 24 1244445807.0
400 24 1244445820.0
400 24 1244445833.0
400 24 1244445842.0
400 24 1244445861.0
400 24 1244445877.0
400 24 1244445886.0
400 24 1244445901.0
400 24 1244445914.0
400 24 1244445926.0
400 24 1244445950.0
400 24 1244446007.0
400 24 1244446025.0
400 24 1244446045.0
400 24 1244446059.0
400 24 1244446067.0
400 24 1244446115.0
400 24 1244446133.0
400 24 1244446188.0
400 24 1244446203.0
400 24 1244446257.0
400 24 1244446278.0
400 24 1244446288.0
400 24 1244446301.0
400 24 1244446362.0
400 24 1244446375.0
400 24 1244446386.0
400 24 1244446394.0
400 24 1244446401.0
400 24 1244446451.0
400 24 1244446466.0
400 24 1244446478.0
400 24 1244446494.0
400 24 1244446518.0
400 24 1244446550.0
400 24 1244446562.0
400 24 1244446610.0
400 24 1244446618.0
400 24 1244446635.0
400 24 1244446641.0
400 24 1244446656.0
400 24 1244446680.0
400 24 1244446697.0
400 24 1244446713.0
400 24 1244446735.0
400 24 1244446741.0
400 24 1244446750.0
400 24 1244446771.0
400 24 1244446784.0
400 24 1244446806.0
400 24 1244446866.0
400 24 1244446881.0
400 24 1244446929.0
400 24 1244446936.0
400 24 1244446969.0
400 24 1244446974.0
400 24 1244446978.0
400 18 1294255613.0
400 18 1294255850.0
400 18 1294256701.0
401 7 1163352919.0
401 18 1163424362.0
401 8 1163511162.0
401 8 1163511263.0
404 7 1186405729.0
404 7 1186405780.0
404 7 1186405861.0
404 7 1186406187.0
404 7 1186406432.0
404 7 1186407091.0
404 7 1186407323.0
404 7 1186407411.0
404 7 1186408132.0
404 7 1186408590.0
404 8 1186409289.0
404 8 1186409317.0
404 8 1186409690.0
404 1 1186410102.0
404 20 1186410210.0
404 20 1186410229.0
404 20 1186410320.0
404 20 1186410378.0
405 4 1344091502.0
405 18 1344179878.0
409 20 1204111481.0
409 0 1204111839.0
409 3 1204112306.0
409 3 1204112311.0
409 19 1204112319.0
409 3 1204112392.0
409 3 1204112477.0
409 3 1204112488.0
409 3 1204112744.0
409 3 1204112759.0
409 3 1204112770.0
409 19 1204112917.0
409 19 1204112927.0
409 19 1204112939.0
409 19 1204112973.0
409 19 1204112980.0
409 7 1204113854.0
409 12 1204113860.0
409 7 1204113871.0
409 7 1204113947.0
409 7 1204114018.0
409 7 1204114025.0
409 7 1204114028.0
411 2 1209215209.0
411 2 1227000365.0
411 15 1227863672.0
411 5 1228209667.0
411 2 1228210284.0
411 2 1236682034.0
411 3 1236798150.0
411 4 1236798599.0
411 3 1237230171.0
411 3 1237230256.0
411 3 1260555884.0
411 5 1262943442.0
411 7 1274808830.0
411 7 1274808884.0
411 7 1274809070.0
411 5 1292440300.0
411 10 1350592014.0
411 2 1355731162.0
411 2 1355731597.0
411 5 1355732010.0
411 5 1356586762.0
411 3 1364250971.0
411 3 1375899141.0
411 3 1375899464.0
411 20 1375899811.0
411 10 1375901954.0
411 5 1376674120.0
411 2 1378490250.0
416 8 1391268414.0
416 20 1391269822.0
416 0 1391270124.0
416 12 1394997651.0
417 2 1237484637.0
417 16 1275760272.0
417 16 1275761216.0
417 16 1275761381.0
417 16 1275761554.0
417 16 1275761963.0
417 16 1275762041.0
417 16 1275762227.0
417 16 1275762354.0
417 16 1275765616.0
417 16 1275767196.0
417 16 1275767250.0
417 16 1275767314.0
417 16 1275768857.0
417 16 1275769114.0
417 18 1275831441.0
417 18 1275831651.0
417 18 1275831916.0
417 18 1275840293.0
417 14 1334503034.0
417 19 1367502928.0
417 13 1367590395.0
417 13 1367592830.0
417 13 1367594812.0
417 13 1367594934.0
417 13 1367596631.0
417 13 1367598391.0
417 13 1367601872.0
417 24 1367604175.0
424 2 1318706944.0
424 2 1318707052.0
424 2 1318707632.0
424 2 1318707737.0
424 2 1318707759.0
424 2 1318707817.0
424 2 1318707856.0
424 2 1318707891.0
424 2 1318707951.0
424 2 1318707966.0
424 2 1318708210.0
424 2 1318708223.0
424 2 1318708644.0
424 2 1318708809.0
424 2 1318708889.0
424 2 1318709014.0
424 2 1318709019.0
424 2 1318709172.0
424 2 1318709228.0
424 2 1318709477.0
424 2 1318709690.0
424 2 1318710040.0
424 2 1318710167.0
424 2 1318710185.0
424 2 1318710278.0
424 2 1318710709.0
424 2 1318710976.0
424 2 1318711268.0
424 2 1318711330.0
424 2 1318711621.0
424 12 1347567785.0
424 2 1347634988.0
424 2 1347647156.0
424 2 1347647739.0
424 2 1347647965.0
424 2 1347648838.0
424 2 1347650058.0
424 2 1347650299.0
424 2 1347650398.0
424 2 1347650421.0
424 2 1347650516.0
424 2 1347650584.0
424 2 1347650645.0
424 2 1347650655.0
424 2 1347650699.0
424 2 1347650807.0
424 2 1347650957.0
424 2 1347651073.0
424 2 1347651230.0
424 2 1347651242.0
424 2 1347651324.0
424 2 1347651607.0
424 2 1347652030.0
424 2 1347654318.0
424 2 1347654743.0
424 2 1347654758.0
424 2 1347654885.0
424 2 1347655005.0
424 2 1347655052.0
424 2 1347655249.0
424 2 1347655298.0
424 2 1347655340.0
424 2 1347655424.0
424 2 1347655498.0
424 2 1347655544.0
424 2 1347655566.0
424 2 1347655839.0
424 2 1347655841.0
424 2 1347656124.0
424 2 1347656146.0
424 2 1347656285.0
424 2 1347656290.0
425 14 1258361935.0
425 2 1375473972.0
427 21 1301755171.0
427 0 1301841400.0
427 8 1301842104.0
427 17 1302196912.0
427 17 1302198356.0
427 5 1304456494.0
427 12 1306866694.0
427 20 1306867512.0
427 14 1309523156.0
427 17 1313338028.0
430 14 1349732338.0
430 14 1349732549.0
430 14 1349732607.0
430 20 1349732843.0
430 14 1349732873.0
430 3 1349733620.0
430 3 1349734605.0
434 15 1377368538.0
434 16 1377548951.0
434 2 1377607775.0
434 15 1377619936.0
434 15 1377620314.0
434 2 1377630228.0
434 16 1377631105.0
434 18 1377691533.0
434 13 1377699119.0
434 3 1377767511.0
434 11 1377806001.0
441 8 1337565526.0
441 9 1337815861.0
446 2 1213722149.0
446 1 1213722303.0
452 2 1244252286.0
452 2 1244252290.0
452 2 1244252355.0
452 1 1244260878.0
452 1 1244260881.0
452 20 1244260958.0
452 20 1244261044.0
452 20 1244261052.0
452 20 1244261070.0
452 20 1244261143.0
452 20 1244261166.0
452 20 1244261187.0
452 0 1244261204.0
452 0 1244261208.0
452 0 1244261218.0
452 20 1244261233.0
452 20 1244261357.0
452 20 1244261389.0
452 20 1244261406.0
452 20 1244261410.0
452 20 1244261413.0
452 20 1244261438.0
452 20 1244261469.0
452 20 1244261523.0
452 20 1244261575.0
452 20 1244261582.0
452 20 1244261650.0
452 17 1244261718.0
452 17 1244261731.0
452 17 1244261736.0
452 17 1244261789.0
452 17 1244261811.0
452 17 1244261817.0
452 17 1244261821.0
452 11 1244261885.0
452 11 1244261890.0
452 11 1244261897.0
452 11 1244261941.0
452 11 1244261966.0
452 11 1244261982.0
452 20 1244262074.0
452 20 1244262101.0
452 1 1244272304.0
452 1 1244272328.0
452 1 1244272438.0
452 1 1244272491.0
452 1 1244272523.0
452 1 1244272624.0
452 1 1244272650.0
452 1 1244272665.0
452 1 1244272680.0
452 1 1244272747.0
452 1 1244272805.0
452 1 1244272835.0
452 1 1244272884.0
452 1 1244272924.0
452 1 1244272977.0
452 1 1244273046.0
452 1 1244273073.0
452 1 1244273239.0
452 1 1244273274.0
452 1 1244273349.0
452 1 1244273355.0
452 1 1244273362.0
452 1 1244273381.0
452 1 1244273394.0
452 1 1244273435.0
452 1 1244273440.0
452 1 1244273454.0
452 1 1244273495.0
452 1 1244273508.0
452 1 1244273527.0
452 1 1244273535.0
452 1 1244273547.0
452 1 1244273601.0
452 1 1244273618.0
452 1 1244273634.0
452 1 1244273680.0
452 1 1244273699.0
452 1 1244273726.0
452 1 1244273787.0
452 1 1244273802.0
452 1 1244273843.0
452 1 1244273884.0
452 1 1244273931.0
452 1 1244273961.0
452 1 1244274006.0
452 1 1244274060.0
452 1 1244274111.0
452 1 1244274130.0
452 1 1244274147.0
452 1 1244274184.0
452 1 1244274232.0
452 1 1244274258.0
452 1 1244274266.0
452 1 1244274285.0
452 1 1244274348.0
452 1 1244274387.0
452 1 1244274419.0
452 1 1244274482.0
452 1 1244274530.0
452 1 1244274580.0
452 1 1244274598.0
452 1 1244274623.0
452 1 1244274642.0
452 1 1244274670.0
452 1 1244274690.0
452 1 1244274720.0
452 1 1244274744.0
452 1 1244274764.0
452 1 1244274784.0
452 1 1244274792.0
452 1 1244274808.0
452 1 1244274827.0
452 1 1244274864.0
452 1 1244274892.0
452 1 1244274906.0
452 1 1244274959.0
452 1 1244274984.0
452 1 1244275001.0
452 1 1244275014.0
452 1 1244275034.0
452 1 1244275052.0
452 1 1244275067.0
452 1 1244275086.0
452 1 1244275100.0
452 1 1244275105.0
452 1 1244275121.0
452 1 1244275143.0
452 1 1244275155.0
452 1 1244275175.0
452 1 1244275196.0
452 1 1244275218.0
452 1 1244275261.0
452 1 1244275291.0
452 1 1244275297.0
452 1 1244275305.0
452 1 1244275322.0
452 1 1244275351.0
452 1 1244275380.0
452 1 1244275387.0
452 1 1244275419.0
452 1 1244275444.0
452 1 1244275454.0
452 1 1244275482.0
452 1 1244275519.0
452 1 1244275534.0
452 1 1244275571.0
452 1 1244275605.0
452 1 1244275658.0
452 1 1244275737.0
452 1 1244275792.0
452 1 1244275812.0
452 1 1244275821.0
452 1 1244275882.0
452 1 1244275910.0
452 1 1244275932.0
452 1 1244275981.0
452 1 1244276002.0
452 1 1244276017.0
452 1 1244276032.0
452 1 1244276055.0
452 1 1244276115.0
452 1 1244276129.0
452 1 1244276144.0
452 1 1244276181.0
452 1 1244276207.0
452 1 1244276281.0
452 1 1244276302.0
452 1 1244276320.0
452 1 1244276340.0
452 1 1244276370.0
452 1 1244276407.0
452 1 1244276511.0
452 1 1244276528.0
452 1 1244276542.0
452 1 1244276552.0
452 1 1244276567.0
452 1 1244276597.0
452 1 1244276608.0
452 1 1244276618.0
452 1 1244276634.0
452 1 1244276675.0
452 1 1244276690.0
452 1 1244276703.0
452 1 1244276726.0
452 1 1244276778.0
452 1 1244276798.0
452 1 1244276812.0
452 1 1244276831.0
452 1 1244276841.0
452 1 1244276908.0
452 1 1244277002.0
452 1 1244277013.0
452 1 1244277050.0
452 1 1244277118.0
452 1 1244277151.0
452 1 1244277157.0
452 1 1244277167.0
452 1 1244277178.0
452 1 1244277190.0
452 1 1244277212.0
452 1 1244277235.0
452 1 1244277253.0
452 1 1244277275.0
452 1 1244277297.0
452 1 1244277319.0
452 1 1244277352.0
452 1 1244277368.0
452 1 1244277388.0
452 1 1244277425.0
452 1 1244277441.0
452 1 1244277458.0
452 1 1244277476.0
452 1 1244277508.0
452 1 1244277519.0
452 1 1244277533.0
452 1 1244277571.0
452 1 1244277591.0
452 1 1244277600.0
452 1 1244277609.0
452 1 1244277629.0
452 1 1244277633.0
452 1 1244277657.0
452 1 1244277678.0
452 1 1244277720.0
452 1 1244277733.0
452 1 1244277745.0
452 1 1244277768.0
452 1 1244277779.0
452 1 1244277783.0
452 1 1244277794.0
452 1 1244277801.0
452 1 1244277810.0
452 1 1244277820.0
452 1 1244277825.0
452 1 1244277847.0
452 1 1244277855.0
452 1 1244277861.0
452 1 1244277880.0
452 1 1244277897.0
452 1 1244277940.0
452 1 1244277987.0
452 1 1244278068.0
452 1 1244278080.0
452 1 1244278088.0
452 1 1244278103.0
452 1 1244278140.0
452 1 1244278214.0
452 1 1244278224.0
452 1 1244278241.0
452 1 1244278251.0
452 1 1244278271.0
452 1 1244278280.0
452 1 1244278317.0
452 1 1244278332.0
452 1 1244278342.0
452 1 1244278363.0
452 1 1244278400.0
452 1 1244278415.0
452 1 1244278421.0
452 1 1244278430.0
452 1 1244278437.0
452 1 1244278448.0
452 1 1244278457.0
452 1 1244278502.0
452 2 1244280503.0
452 2 1244280514.0
452 2 1244280520.0
452 2 1244280542.0
452 2 1244280556.0
452 20 1244335684.0
452 3 1244337708.0
452 3 1244337716.0
452 3 1244337747.0
452 3 1244337755.0
452 3 1244337810.0
452 3 1244337824.0
452 3 1244337835.0
452 3 1244337843.0
452 3 1244337878.0
452 3 1244337896.0
452 3 1244337923.0
452 3 1244337934.0
452 3 1244337944.0
452 3 1244337992.0
452 3 1244338011.0
452 3 1244338020.0
452 3 1244338031.0
452 3 1244338043.0
452 3 1244338047.0
452 3 1244338058.0
452 3 1244338070.0
452 3 1244338092.0
452 3 1244338108.0
452 3 1244338127.0
452 3 1244338141.0
452 3 1244338169.0
452 3 1244338179.0
452 3 1244338193.0
452 3 1244338218.0
452 3 1244338236.0
452 3 1244338250.0
452 3 1244338259.0
452 3 1244338266.0
452 3 1244338284.0
452 3 1244338300.0
452 3 1244338323.0
452 3 1244338343.0
452 3 1244338390.0
452 3 1244338409.0
452 3 1244338422.0
452 3 1244338459.0
452 3 1244338488.0
452 3 1244338500.0
452 3 1244338521.0
452 3 1244338545.0
452 3 1244338553.0
452 3 1244338577.0
452 3 1244338607.0
452 3 1244338628.0
452 3 1244338647.0
452 3 1244338677.0
452 3 1244338691.0
452 3 1244338698.0
452 3 1244338711.0
452 3 1244338717.0
452 3 1244338723.0
452 3 1244338753.0
452 3 1244338760.0
452 3 1244338762.0
452 3 1244338771.0
452 3 1244338805.0
452 3 1244338816.0
452 3 1244338828.0
452 3 1244338854.0
452 3 1244338863.0
452 3 1244338873.0
452 3 1244338886.0
452 3 1244338902.0
452 3 1244338933.0
452 3 1244338938.0
452 3 1244338947.0
452 3 1244338969.0
452 3 1244338980.0
452 3 1244338990.0
452 3 1244339013.0
452 3 1244339029.0
452 3 1244339051.0
452 3 1244339062.0
452 3 1244339072.0
452 3 1244339084.0
452 3 1244339092.0
452 3 1244339107.0
452 3 1244339126.0
452 3 1244339130.0
452 3 1244339144.0
452 3 1244339151.0
452 3 1244339157.0
452 3 1244339174.0
452 3 1244339193.0
452 3 1244339205.0
452 3 1244339238.0
452 3 1244339250.0
452 3 1244339277.0
452 3 1244339294.0
452 3 1244339314.0
452 3 1244339332.0
452 3 1244339355.0
452 3 1244339369.0
452 3 1244339382.0
452 3 1244339389.0
452 3 1244339406.0
452 3 1244339426.0
452 3 1244339434.0
452 3 1244339443.0
452 3 1244339470.0
452 3 1244339479.0
452 3 1244339512.0
452 3 1244339571.0
452 3 1244339579.0
452 3 1244339588.0
452 3 1244339597.0
452 3 1244339603.0
452 3 1244339625.0
452 3 1244339657.0
452 3 1244339720.0
452 3 1244339727.0
452 3 1244339751.0
452 3 1244339761.0
452 3 1244339776.0
452 3 1244339796.0
452 3 1244339810.0
452 3 1244339818.0
452 3 1244339827.0
452 3 1244339858.0
452 3 1244339878.0
452 3 1244339895.0
452 3 1244339925.0
452 3 1244339932.0
452 3 1244339964.0
452 3 1244339968.0
452 3 1244339971.0
452 3 1244339979.0
452 3 1244339991.0
452 3 1244340004.0
452 3 1244340013.0
452 3 1244340023.0
452 3 1244340028.0
452 3 1244340037.0
452 3 1244345236.0
452 3 1244345647.0
452 3 1244345650.0
452 3 1244345653.0
452 3 1244345660.0
452 3 1244345666.0
452 3 1244345673.0
452 3 1244345678.0
452 3 1244345683.0
452 3 1244345725.0
452 3 1244345755.0
452 3 1244345798.0
452 3 1244346325.0
452 3 1244346483.0
452 3 1244347371.0
452 3 1244347373.0
452 3 1244347377.0
452 3 1244347417.0
452 3 1244347420.0
452 3 1244347422.0
452 3 1244347434.0
452 3 1244347436.0
452 3 1244347444.0
452 3 1244347458.0
452 3 1244347470.0
452 3 1244348316.0
452 3 1244348324.0
452 3 1244348336.0
452 3 1244348764.0
452 3 1244348770.0
452 3 1244348774.0
452 3 1244348792.0
452 3 1244348820.0
452 3 1244348833.0
452 0 1244348927.0
452 0 1244348930.0
452 0 1244348935.0
452 0 1244348947.0
452 0 1244349001.0
452 0 1244349018.0
452 0 1244349026.0
452 18 1244421540.0
452 18 1244421829.0
452 18 1244421862.0
452 18 1244421870.0
452 18 1244421906.0
452 18 1244421917.0
452 18 1244421971.0
452 18 1244422018.0
452 18 1244422036.0
452 18 1244422058.0
452 18 1244422072.0
452 18 1244422101.0
452 18 1244422125.0
452 18 1244422132.0
452 18 1244422598.0
452 18 1244427793.0
452 18 1244427858.0
452 18 1244427881.0
452 18 1244427897.0
452 18 1244427917.0
452 18 1244427977.0
452 18 1244427988.0
452 18 1244428008.0
452 18 1244428040.0
452 18 1244428048.0
452 18 1244428064.0
452 18 1244428094.0
452 18 1244428113.0
452 18 1244428157.0
452 18 1244428210.0
452 18 1244428233.0
452 18 1244428312.0
452 18 1244428315.0
452 18 1244428334.0
452 18 1244428339.0
452 18 1244428346.0
452 18 1244428361.0
452 18 1244428367.0
452 18 1244428397.0
452 18 1244428855.0
452 18 1244428886.0
452 18 1244428993.0
452 18 1244429007.0
452 18 1244429075.0
452 18 1244429124.0
452 18 1244429176.0
452 18 1244429234.0
452 18 1244429239.0
452 18 1244429266.0
452 18 1244429290.0
452 18 1244429303.0
452 18 1244429326.0
452 18 1244429334.0
452 18 1244429351.0
452 18 1244429450.0
452 18 1244429461.0
452 18 1244429477.0
452 18 1244429491.0
452 18 1244429536.0
452 18 1244429544.0
452 18 1244429556.0
452 18 1244429599.0
452 18 1244429624.0
452 18 1244429634.0
452 18 1244429672.0
452 24 1244445648.0
452 24 1244445651.0
452 24 1244445657.0
452 24 1244445667.0
452 24 1244445693.0
452 24 1244445703.0
452 24 1244445710.0
452 24 1244445752.0
452 24 1244445792.0
452 24 1244445795.0
452 24 1244445800.0
452 24 1244445804.0
452 24 1244445811.0
452 24 1244445818.0
452 24 1244445861.0
452 24 1244445866.0
452 24 1244445918.0
452 24 1244445936.0
452 24 1244445951.0
452 24 1244446002.0
452 24 1244446033.0
452 24 1244446064.0
452 24 1244446091.0
452 24 1244446119.0
452 24 1244446138.0
452 24 1244446150.0
452 24 1244446164.0
452 24 1244446172.0
452 24 1244446175.0
452 24 1244446178.0
452 24 1244446201.0
452 24 1244446209.0
452 24 1244446229.0
452 24 1244446235.0
452 24 1244446288.0
452 24 1244446298.0
452 24 1244446333.0
452 24 1244446369.0
452 24 1244446401.0
452 24 1244446535.0
452 24 1244446573.0
452 24 1244446608.0
452 24 1244446610.0
452 24 1244446670.0
452 24 1244446704.0
452 24 1244446737.0
452 24 1244446913.0
452 24 1244446961.0
452 24 1244446965.0
452 24 1244446967.0
452 24 1244446976.0
452 24 1244446983.0
452 24 1244447068.0
452 24 1244447077.0
452 24 1244447097.0
452 24 1244447116.0
452 24 1244447128.0
452 24 1244447140.0
452 24 1244447143.0
452 24 1244447162.0
452 24 1244447174.0
452 24 1244447180.0
452 24 1244447198.0
452 24 1244447245.0
452 24 1244447290.0
452 24 1244447308.0
452 24 1244447325.0
452 24 1244447403.0
452 24 1244447563.0
452 24 1244447568.0
452 27 1244447622.0
452 27 1244447918.0
452 27 1244447925.0
452 27 1244447934.0
452 27 1244447943.0
452 27 1244447948.0
452 27 1244447956.0
452 27 1244447969.0
452 27 1244447979.0
452 27 1244448015.0
452 27 1244448023.0
452 27 1244448088.0
452 27 1244448127.0
452 27 1244448142.0
452 27 1244448159.0
452 27 1244448163.0
452 27 1244448173.0
452 27 1244448185.0
452 27 1244448203.0
452 27 1244448227.0
452 27 1244448279.0
452 27 1244448297.0
452 27 1244448303.0
452 27 1244448313.0
452 27 1244448354.0
452 27 1244448365.0
452 27 1244448376.0
452 27 1244448378.0
452 27 1244448391.0
452 27 1244448403.0
452 27 1244448407.0
452 27 1244448413.0
452 27 1244448428.0
452 27 1244448454.0
452 27 1244448458.0
452 27 1244448482.0
452 27 1244448540.0
452 27 1244448545.0
452 27 1244448605.0
452 27 1244448638.0
452 27 1244448643.0
452 27 1244448645.0
452 27 1244448723.0
452 27 1244448751.0
452 27 1244448757.0
452 27 1244448792.0
452 27 1244448798.0
452 27 1244448809.0
452 27 1244448863.0
452 27 1244448932.0
452 27 1244448954.0
452 27 1244448965.0
452 24 1244449178.0
452 24 1244449185.0
452 24 1244449188.0
452 24 1244449198.0
452 24 1244449200.0
452 24 1244449222.0
452 24 1244449244.0
452 24 1244449264.0
452 18 1244449885.0
452 18 1244449937.0
452 18 1244449950.0
452 18 1244450087.0
452 18 1244450112.0
452 18 1244450159.0
452 18 1244450166.0
452 18 1244450214.0
452 18 1244450217.0
452 3 1244521777.0
452 3 1244521783.0
452 3 1244521791.0
452 3 1244521909.0
452 3 1244521915.0
452 3 1244521926.0
452 3 1244521928.0
452 3 1244521932.0
452 3 1244521934.0
452 3 1244521935.0
452 3 1244521937.0
452 3 1244521940.0
452 3 1244522011.0
452 3 1244524722.0
452 0 1244524748.0
452 0 1244524753.0
452 0 1244524764.0
452 0 1244524784.0
452 0 1244524791.0
452 0 1244524797.0
452 0 1244524851.0
452 0 1244524855.0
452 0 1244524882.0
452 0 1244524892.0
452 0 1244524960.0
452 0 1244524986.0
452 0 1244524993.0
452 0 1244525013.0
452 20 1244525108.0
452 20 1244525284.0
452 1 1244525298.0
452 20 1244525340.0
452 20 1244525396.0
452 1 1244525414.0
452 1 1244525432.0
452 1 1244525435.0
452 20 1244525464.0
452 20 1244525599.0
452 20 1244525608.0
452 20 1244526312.0
452 20 1244526314.0
452 20 1244526330.0
459 12 1185632008.0
459 2 1185635635.0
459 18 1211637449.0
459 8 1339863909.0
459 8 1339872106.0
459 1 1348249420.0
459 2 1366824344.0
459 2 1366993774.0
459 2 1367409845.0
459 4 1367761049.0
459 2 1368095550.0
459 2 1376138863.0
459 0 1378574819.0
459 12 1381669810.0
459 7 1388151496.0
459 2 1388234905.0
459 14 1392993589.0
459 4 1393761649.0
459 4 1393767734.0
459 12 1393768730.0
459 12 1396019662.0
459 11 1396101570.0
464 2 1373132324.0
464 2 1373132766.0
464 2 1373132836.0
464 9 1373219973.0
464 4 1373221188.0
464 3 1373389627.0
464 3 1373389642.0
464 0 1373390104.0
464 3 1373450845.0
464 3 1373460324.0
474 0 1388835826.0
474 7 1388837234.0
474 11 1388846614.0
474 11 1388847526.0
474 11 1388851094.0
474 20 1388921748.0
474 1 1388922246.0
486 1 1222248890.0
486 1 1222248946.0
486 0 1222249352.0
486 0 1222250156.0
486 0 1222250316.0
486 18 1222253523.0
486 18 1222253873.0
486 18 1222253899.0
486 18 1222254410.0
486 18 1222254450.0
486 18 1222254709.0
486 18 1222258654.0
486 18 1222258697.0
496 8 1157797874.0
496 1 1157800719.0
496 2 1157804978.0
496 12 1157810731.0
496 7 1157813559.0
496 12 1157813993.0
496 14 1157817723.0
496 17 1157821215.0
496 17 1157822145.0
496 11 1157823298.0
496 11 1157823448.0
496 17 1157825227.0
496 2 1157827142.0
496 19 1158343397.0
496 2 1159115600.0
496 2 1159116429.0
496 1 1160243335.0
496 9 1160245178.0
496 9 1160247760.0
496 10 1164468299.0
496 10 1166372949.0
496 17 1170579429.0
496 14 1170581026.0
500 9 1197047059.0
500 9 1197047069.0
500 9 1269691089.0
500 9 1269691114.0
500 10 1269692847.0
500 12 1277472520.0
500 12 1277472534.0
500 12 1277472566.0
500 12 1277472604.0
500 12 1277472642.0
500 12 1277472652.0
500 12 1277472769.0
501 2 1368298074.0
501 8 1368304220.0
501 18 1368379988.0
502 8 1196855511.0
502 19 1323122102.0
502 19 1323122108.0
502 19 1323122118.0
502 19 1323122125.0
502 19 1323122133.0
502 19 1323122390.0
502 19 1323902430.0
502 14 1378568833.0
502 14 1378568854.0
502 14 1378569595.0
502 14 1378569609.0
502 14 1378574029.0
502 14 1378574039.0
502 20 1386855486.0
502 8 1392925138.0
502 8 1392925153.0
502 8 1392925162.0
502 17 1397585294.0
518 2 1181857344.0
518 2 1181862437.0
518 2 1181862769.0
518 18 1182027307.0
518 18 1197308995.0
519 2 1214740818.0
519 2 1214741019.0
519 2 1214741066.0
519 2 1214741125.0
519 2 1214741211.0
519 2 1214741343.0
519 2 1214741576.0
519 2 1214741615.0
519 2 1214742095.0
519 2 1214742212.0
519 3 1214744115.0
519 3 1214745200.0
519 0 1214745745.0
519 20 1214746472.0
519 8 1214746932.0
519 9 1214756367.0
519 9 1214756387.0
519 9 1214756461.0
519 1 1283266210.0
519 1 1283267446.0
519 1 1283268531.0
519 7 1283349070.0
519 7 1283349698.0
519 9 1283370633.0
526 0 1173704725.0
526 9 1186163900.0
526 12 1186324698.0
526 12 1186325109.0
526 12 1186325432.0
526 9 1196274378.0
526 9 1196355864.0
526 9 1196355903.0
526 12 1196696278.0
526 1 1196698674.0
526 1 1196698680.0
526 2 1196783381.0
526 0 1196784265.0
526 17 1196785008.0
526 17 1196785101.0
526 11 1196785277.0
526 2 1197115648.0
526 2 1197306694.0
526 2 1197306806.0
526 2 1197307086.0
526 2 1197307292.0
526 2 1197307417.0
526 2 1197307958.0
526 3 1197308301.0
526 2 1197309094.0
526 2 1197309224.0
526 12 1197312393.0
526 14 1199802129.0
526 14 1199802288.0
526 14 1199802299.0
526 5 1201013347.0
526 5 1201020125.0
526 12 1201807800.0
526 12 1201807845.0
526 12 1201807869.0
526 12 1201807988.0
526 12 1201808481.0
526 8 1201967309.0
526 1 1201974964.0
526 1 1203439383.0
526 2 1204128577.0
526 0 1204133472.0
526 3 1204133589.0
526 3 1204133597.0
526 3 1204134090.0
526 26 1205315697.0
526 13 1207139144.0
526 13 1207139168.0
526 13 1207139933.0
526 13 1207139972.0
526 13 1207140384.0
526 13 1207140438.0
526 13 1207142868.0
526 13 1207143347.0
526 13 1207144411.0
526 13 1207145373.0
526 13 1207145959.0
526 13 1207146084.0
526 13 1207146183.0
526 13 1207146375.0
526 13 1208254412.0
526 13 1208255627.0
526 13 1208255817.0
526 13 1208256010.0
526 13 1208258493.0
526 13 1208258731.0
526 13 1208258735.0
526 13 1208260017.0
526 13 1208260456.0
526 13 1208263694.0
526 13 1208264291.0
526 13 1208264395.0
526 13 1208264590.0
526 0 1209831777.0
526 0 1209831936.0
526 0 1209832053.0
526 0 1209832206.0
526 0 1209832210.0
526 0 1209832238.0
526 0 1209832476.0
526 0 1209832547.0
526 0 1209832556.0
526 0 1209833109.0
526 0 1209836359.0
526 0 1209836372.0
526 0 1209836435.0
526 0 1209836988.0
526 0 1209837236.0
526 0 1209838076.0
526 0 1209838307.0
526 0 1209838346.0
526 0 1209838377.0
526 0 1209838496.0
526 0 1209838577.0
526 0 1209839605.0
526 0 1209839625.0
526 0 1209839988.0
526 0 1209840371.0
526 16 1210426143.0
526 16 1210426208.0
526 16 1210428634.0
526 16 1210428862.0
526 16 1210432271.0
526 16 1210432385.0
526 16 1210433183.0
526 16 1210433262.0
526 16 1210434007.0
526 16 1210434266.0
526 16 1210434635.0
526 16 1210435793.0
526 16 1210435817.0
526 16 1212086838.0
526 16 1212336108.0
526 8 1212598455.0
526 11 1212599036.0
526 8 1212599790.0
526 8 1212599794.0
526 8 1212599837.0
526 8 1212599855.0
526 8 1212599950.0
526 8 1212600014.0
526 8 1212600027.0
526 8 1212600054.0
526 8 1212600125.0
526 16 1212681806.0
526 16 1212682646.0
526 20 1212936556.0
526 8 1212936735.0
526 20 1212936773.0
526 8 1212936930.0
526 8 1212937365.0
526 20 1213302370.0
526 20 1213302672.0
526 8 1213303633.0
526 8 1213303640.0
526 8 1213303725.0
526 8 1213311213.0
526 20 1213313666.0
526 20 1213313785.0
526 12 1213875885.0
526 12 1213886888.0
526 12 1213886917.0
526 12 1213886949.0
526 12 1213887008.0
526 12 1213887028.0
526 8 1214083759.0
526 20 1214090956.0
526 17 1214306752.0
526 17 1214306815.0
526 17 1214306834.0
526 17 1214306864.0
526 17 1214306957.0
526 17 1214306980.0
526 17 1214753462.0
526 17 1214753560.0
526 17 1214753571.0
526 17 1214753590.0
526 20 1214753788.0
526 8 1214755110.0
526 8 1214755280.0
526 8 1214756843.0
526 8 1214757224.0
526 8 1214757335.0
526 8 1214757376.0
526 8 1214757440.0
526 8 1214757800.0
526 8 1214757874.0
526 8 1214758082.0
526 8 1214758100.0
526 8 1214758186.0
526 8 1214758466.0
526 8 1214758472.0
526 3 1214759589.0
526 3 1214759605.0
526 3 1214759612.0
526 3 1214759666.0
526 2 1214760368.0
526 2 1214760433.0
526 2 1214760450.0
526 2 1214760482.0
526 2 1214760529.0
526 2 1214760563.0
526 2 1214760609.0
526 2 1214760691.0
526 2 1214760730.0
526 2 1214760742.0
526 2 1214760759.0
526 2 1214760772.0
526 2 1214760785.0
526 2 1214760795.0
526 2 1214760802.0
526 1 1214761991.0
526 20 1216144572.0
526 13 1217333629.0
526 13 1217334059.0
526 13 1217334245.0
526 13 1217334264.0
526 13 1217334478.0
526 13 1217334525.0
526 13 1217335416.0
526 13 1217335611.0
526 13 1217336066.0
526 13 1217336077.0
526 13 1217336202.0
526 13 1217341410.0
526 13 1217341664.0
526 13 1217341708.0
526 13 1217342502.0
526 13 1217342598.0
526 13 1217342733.0
526 24 1217343425.0
526 2 1221070521.0
526 2 1221848587.0
526 2 1221849095.0
532 13 1250345450.0
532 13 1250351964.0
532 13 1252246516.0
532 13 1252246757.0
532 13 1252246800.0
532 24 1252260615.0
532 13 1253459930.0
532 13 1253460637.0
532 13 1253460671.0
532 13 1266070145.0
532 13 1266070591.0
532 13 1266071519.0
532 13 1266071547.0
532 13 1266074225.0
532 13 1266074251.0
532 13 1266074316.0
532 13 1267280111.0
532 13 1267303409.0
532 14 1275222596.0
532 14 1275224009.0
532 14 1275225287.0
532 14 1275228034.0
532 14 1275228115.0
532 14 1275228479.0
532 13 1277646408.0
532 13 1277648746.0
532 18 1278010953.0
532 18 1278011265.0
532 13 1295783909.0
532 13 1295788288.0
532 13 1295790669.0
532 13 1295790675.0
532 13 1295790974.0
532 3 1306068936.0
543 9 1366048923.0
543 9 1366059944.0
543 15 1366118376.0
543 0 1366214714.0
543 0 1366215129.0
543 0 1366215377.0
543 0 1366216822.0
543 9 1373115205.0
543 9 1373115491.0
544 2 1190821590.0
544 20 1320239389.0
544 20 1320240652.0
544 20 1320245364.0
544 11 1320252922.0
544 11 1320253314.0
553 2 1321716418.0
553 2 1321716447.0
553 2 1321716726.0
553 19 1321717135.0
553 19 1321717155.0
553 19 1321717213.0
553 19 1321717296.0
553 19 1321717348.0
553 3 1321717576.0
553 3 1321717586.0
553 7 1321718244.0
553 4 1321718370.0
553 8 1322240114.0
553 2 1322315564.0
553 2 1322315626.0
553 4 1322315987.0
553 12 1322316902.0
553 12 1322316907.0
553 12 1322316960.0
553 7 1322317565.0
553 9 1322320216.0
563 17 1263225117.0
563 17 1263225538.0
563 17 1263225815.0
563 17 1263228237.0
563 17 1263228944.0
563 17 1263231195.0
563 17 1263231250.0
563 20 1293974700.0
563 20 1293976800.0
563 17 1294149583.0
563 17 1294149594.0
563 17 1294149600.0
563 17 1294155597.0
563 17 1294155613.0
563 17 1294155664.0
563 17 1294163035.0
563 17 1294163200.0
563 17 1294165531.0
563 17 1294165559.0
563 17 1294165565.0
563 17 1294165599.0
563 17 1294165606.0
563 17 1294165634.0
563 17 1294165644.0
563 17 1294165659.0
563 17 1294165706.0
563 17 1294165730.0
563 17 1294165852.0
563 17 1294165875.0
563 17 1294165953.0
563 17 1294166063.0
563 17 1294166077.0
563 17 1294166110.0
563 17 1294166150.0
563 17 1294166279.0
563 17 1294166333.0
563 17 1294166507.0
563 15 1294178400.0
563 15 1294181289.0
563 15 1294182000.0
563 15 1294182000.0
563 14 1294260420.0
563 11 1294261499.0
563 11 1294261517.0
563 11 1294261539.0
563 11 1294261569.0
563 11 1294261593.0
563 11 1294261607.0
563 11 1294261616.0
563 11 1294261680.0
563 11 1294261693.0
563 11 1294261708.0
563 11 1294262938.0
563 11 1294262948.0
563 11 1294262960.0
563 11 1294263602.0
563 11 1294263605.0
563 11 1294874713.0
563 11 1294875465.0
563 11 1294875500.0
563 11 1294875532.0
563 11 1294884656.0
566 5 1185992998.0
566 15 1185993635.0
566 2 1185993789.0
566 2 1185993795.0
566 2 1185994077.0
566 2 1185994098.0
566 2 1185994197.0
566 2 1185995318.0
566 2 1185995322.0
566 2 1185995370.0
566 2 1185995497.0
566 2 1185995583.0
566 2 1185995821.0
566 2 1185995868.0
566 2 1185995970.0
567 7 1338634098.0
567 7 1338634109.0
567 7 1338634113.0
567 3 1338637138.0
567 3 1338637191.0
567 3 1338637252.0
567 3 1338637296.0
567 3 1338637309.0
567 3 1338637413.0
567 21 1338637564.0
567 0 1338637793.0
567 0 1338637808.0
0 0 1227433091.0
1 2 1372591299.0
3 10 1378489135.0
4 15 1377547427.0
5 12 1386802288.0
6 0 1186076433.0
7 9 1209600000.0
9 20 1140947126.0
10 12 1235064047.0
11 2 1284493241.0
12 16 1267706118.0
13 11 1184307093.0
15 2 901929600.0
16 3 1303084986.0
17 16 1374147448.0
18 18 1201865998.0
19 2 1150395955.0
23 5 1181406652.0
24 0 1175782537.0
25 5 1274529002.0
26 0 1310114025.0
27 1 1233241417.0
28 7 1189204453.0
29 7 1255703123.0
31 17 1346757806.0
32 2 1345586288.0
33 9 1302690896.0
34 17 1316269145.0
35 4 1343403757.0
36 2 1260201966.0
37 7 1083369600.0
39 2 1211037409.0
40 10 1293092658.0
41 15 1361712261.0
42 17 1371671960.0
43 26 1198442199.0
44 16 1126533707.0
45 8 1214160574.0
47 2 1325448710.0
48 8 1292243708.0
49 3 1329507969.0
50 10 1276681724.0
51 2 1349591103.0
52 12 1293972113.0
53 2 1218641618.0
54 9 1197726697.0
55 5 685575452.0
57 3 1219416027.0
58 12 1395419230.0
59 19 1222265801.0
60 8 1193922980.0
62 18 1383825349.0
66 2 1255184861.0
67 19 1072915201.0
68 2 1178278188.0
69 10 1279617276.0
70 0 1198359219.0
71 2 1229172864.0
72 7 1369922134.0
73 20 1278857529.0
74 10 1290955955.0
77 25 1258986092.0
78 12 1223116674.0
79 0 1202649410.0
81 3 1279348173.0
82 19 1212054777.0
83 13 1233406526.0
85 9 1206888062.0
86 2 1343056178.0
88 9 1253902477.0
89 10 1372516117.0
90 9 1246039052.0
92 8 1223239179.0
93 12 1250756965.0
94 17 1198675367.0
95 22 1286101607.0
96 2 1235737250.0
97 17 1215265390.0
98 9 1379621914.0
101 3 1181215327.0
102 4 1364384649.0
104 19 1291280566.0
105 19 1397920979.0
107 11 1242579921.0
108 2 1223817037.0
109 8 1262301409.0
111 9 1182222222.0
112 9 1257796507.0
113 9 1355696386.0
114 2 1309073101.0
115 3 1238526658.0
116 7 1174979511.0
117 25 1137942358.0
118 10 1283364628.0
120 19 1160252134.0
122 12 1195785983.0
123 3 1276778470.0
124 18 1201346920.0
125 17 1343738985.0
126 19 1146659043.0
127 23 1228937287.0
128 0 1287757886.0
129 20 1138296597.0
131 2 1171459081.0
132 5 1261342558.0
133 6 1100172041.0
134 12 1220478018.0
135 15 1186227595.0
136 7 953723764.0
137 24 1279974263.0
139 13 1219422259.0
140 8 1377123070.0
141 3 1297129268.0
142 9 1378494626.0
143 18 1307570628.0
144 24 1325162366.0
145 9 1268390447.0
146 17 1291894425.0
147 10 1362663743.0
148 17 1351798158.0
150 14 1222619540.0
151 7 1199393330.0
153 2 1282042484.0
155 18 1270809595.0
156 4 1306384627.0
157 0 1272294570.0
158 2 1171873802.0
159 11 1222965012.0
160 24 1360510208.0
162 17 1202379777.0
164 20 1083369600.0
165 2 1180742820.0
166 12 1344805689.0
168 3 1211619576.0
169 4 1282047402.0
170 2 1303557292.0
171 2 1188109623.0
172 2 1157279656.0
173 3 1131710846.0
174 2 1313244799.0
175 15 1197036672.0
176 3 1263564769.0
178 23 1229352532.0
179 2 1376246726.0
181 2 1368464126.0
182 5 1152190212.0
183 19 1133965710.0
185 8 1226154988.0
186 11 1322607383.0
187 3 1150919286.0
188 8 1275643560.0
189 9 1331291732.0
190 1 1306495267.0
191 2 1357767565.0
192 9 1292672205.0
193 2 1140966922.0
194 2 1335439811.0
195 2 1215371157.0
196 5 1332403452.0
197 11 1340307171.0
198 4 1157793431.0
199 1 1319901550.0
200 7 1159023351.0
201 23 1220007107.0
202 9 1345295006.0
203 2 1344854904.0
204 2 1311939666.0
206 2 1237021327.0
207 18 1183641072.0
208 1 1289743357.0
209 2 1312301492.0
211 8 1248863943.0
212 3 1317641037.0
214 15 1336759726.0
216 20 1203765673.0
217 8 1133633941.0
218 7 1319371590.0
219 18 1221991677.0
220 11 1105292926.0
221 1 1272150723.0
223 20 1249827336.0
224 2 1258117415.0
225 10 1301767637.0
226 2 1376075149.0
228 12 1168713768.0
229 2 1336304155.0
231 3 1388524670.0
232 10 1154524741.0
233 1 1176632026.0
235 10 1246092582.0
236 7 1100689136.0
238 2 1262271236.0
239 20 1143208444.0
240 2 1364895500.0
241 12 1148414873.0
243 12 1260017090.0
244 2 1299673428.0
245 2 1293977093.0
246 20 1272561687.0
247 11 1151806559.0
248 7 1374045846.0
250 2 1336060604.0
251 1 1241453605.0
252 8 1375195167.0
253 4 1360509540.0
254 17 1187236084.0
255 5 807235200.0
257 0 1172004187.0
258 2 1274457815.0
260 2 1336062807.0
261 16 1311518531.0
264 2 173404800.0
265 19 1377082579.0
266 12 1314449153.0
267 2 1345034773.0
268 12 1294977116.0
270 20 1221607684.0
272 2 1208509316.0
273 8 1333554557.0
274 18 1380625204.0
275 12 1316164571.0
276 2 1313504222.0
278 5 1375520469.0
279 4 1359303043.0
280 1 1142026597.0
281 19 1268581691.0
282 22 1339330573.0
284 24 1285157479.0
285 2 1262111620.0
286 9 1306271489.0
287 12 1332089015.0
288 3 1319010611.0
289 2 1144604571.0
290 8 1191167379.0
291 15 1052518614.0
294 9 1331833915.0
295 12 1272469329.0
296 0 1173802392.0
297 18 1185128687.0
298 17 1336610155.0
299 1 1214650313.0
300 12 1275319660.0
301 4 1168009234.0
302 2 1275845617.0
303 15 1375124214.0
304 10 1349396439.0
305 15 973555200.0
306 10 1388417161.0
307 1 1268749430.0
308 8 1221798274.0
309 17 1202982317.0
310 11 1355775748.0
311 9 1185007915.0
312 14 1284285803.0
316 2 1084630091.0
317 5 1215047362.0
318 7 1252168768.0
319 2 1343984605.0
320 17 1300613621.0
322 1 1278154417.0
323 5 1268996623.0
324 2 1295106523.0
325 15 1353248665.0
326 1 1290252847.0
327 2 1356941998.0
328 2 1368395681.0
329 16 1207401430.0
330 12 1308251849.0
331 8 1283024515.0
333 2 1291563471.0
334 2 1232191832.0
335 16 1349474812.0
337 18 1234519694.0
340 12 1331668537.0
342 9 1270809423.0
343 0 1120493092.0
344 14 1126447353.0
345 16 1174828116.0
346 21 1176753213.0
347 9 1192526517.0
348 3 1379173978.0
349 9 1267481819.0
350 3 1217601657.0
351 0 1181887202.0
352 24 1262267307.0
353 18 1184924845.0
354 2 1223430974.0
356 0 1356993029.0
357 8 1243641601.0
358 9 1127164707.0
359 9 1385370731.0
360 15 1312156800.0
361 3 1152351622.0
362 4 1359671257.0
363 8 1165767808.0
364 17 1287071777.0
365 2 1132333423.0
366 3 1335609634.0
369 12 1313839178.0
370 2 1210589809.0
371 5 1240312412.0
373 14 1383999672.0
374 2 1346585009.0
376 12 1266229974.0
377 7 1217886631.0
380 24 1312156800.0
381 2 1180273013.0
382 7 1323810847.0
383 11 1250429954.0
384 3 1159082455.0
385 3 1156241362.0
387 14 1311525154.0
388 25 1312376393.0
389 2 1371486766.0
391 23 1230565415.0
392 18 1237557274.0
394 10 1354213396.0
395 17 1331997404.0
397 2 1307817509.0
399 12 1310723320.0
402 3 1243028328.0
403 5 1387546939.0
406 0 1344189879.0
407 2 1213456579.0
408 7 1356963910.0
410 17 1382961989.0
412 1 1380336776.0
413 5 1185926400.0
414 18 1306666964.0
415 2 1287748052.0
418 18 1202818804.0
419 2 1209224256.0
420 17 1204830106.0
421 2 1356113066.0
422 1 1154721295.0
423 12 1228483139.0
426 2 1248891754.0
428 2 1154534001.0
429 0 1253793965.0
431 13 1178119551.0
432 5 1365866551.0
433 17 1379092631.0
435 16 1167141834.0
436 15 1372136394.0
437 19 1244237721.0
438 2 1369818201.0
439 15 1320143204.0
440 1 1304272487.0
442 1 1211658748.0
443 17 1357711286.0
444 8 1334008824.0
445 9 1184733578.0
447 10 1380457685.0
448 4 1290439313.0
449 2 1354961432.0
450 2 1218121987.0
451 9 1367864567.0
453 8 1325879387.0
454 10 1187264988.0
455 4 1186832886.0
456 12 1186661780.0
457 14 1171634398.0
458 2 1202301171.0
460 8 1136939297.0
461 13 1365768705.0
462 2 1283009408.0
463 2 1206358233.0
465 11 1179783247.0
466 2 1394607461.0
467 17 1166361147.0
468 11 1354774384.0
469 1 1346857466.0
470 2 1256760962.0
471 16 1187650842.0
472 18 1215096979.0
473 2 1307099958.0
475 2 1368710331.0
476 12 1188752549.0
477 9 1310160688.0
478 17 1343736735.0
479 10 1271660499.0
480 2 1148149432.0
481 7 1171789200.0
482 2 1231155231.0
483 15 1343899452.0
484 9 1235996228.0
485 3 1294172902.0
487 2 1216291417.0
488 2 1274892228.0
489 2 1388135003.0
490 12 1268079196.0
491 17 1253285139.0
492 8 1285237258.0
493 2 1282736072.0
494 2 1355757771.0
495 6 1319746923.0
497 12 1161455380.0
498 9 1115982816.0
499 17 1236871032.0
503 0 1346704782.0
504 17 1222270233.0
505 5 1385638349.0
506 18 1338667766.0
507 2 1302431680.0
508 2 1236924547.0
509 2 1233251845.0
510 14 1208011607.0
511 22 978307200.0
512 3 1325519805.0
513 10 1205488085.0
514 2 1370274713.0
515 23 1197200429.0
516 11 1364498575.0
517 2 1202050367.0
520 21 1221993628.0
521 3 1216824317.0
522 10 1164914192.0
523 6 1153058805.0
524 16 1216429193.0
525 9 1317844285.0
527 7 1147784208.0
528 19 1205235662.0
529 8 1209802359.0
530 9 1186872285.0
531 14 1361469281.0
533 10 1192201999.0
534 18 1383131697.0
535 18 1303715977.0
536 15 1207401768.0
537 7 1374939627.0
538 9 1316602223.0
539 2 1319740964.0
540 8 1393756042.0
541 1 1248934409.0
542 12 1322241283.0
545 11 1373227207.0
546 11 1203682252.0
547 2 1336655481.0
548 17 1263330786.0
549 3 675734400.0
550 2 1369071302.0
551 2 1088982000.0
552 10 1246640596.0
554 16 1146441602.0
555 23 1135090106.0
556 2 1212210162.0
557 9 1208337432.0
558 2 1392675181.0
559 3 1155300467.0
560 2 1193050448.0
561 17 1149442877.0
562 8 1227614243.0
564 11 1276517203.0
565 8 1184526978.0
568 6 1371819374.0
569 14 1376149252.0
570 17 1195718584.0
571 0 1178548639.0
572 17 1377187834.0
